4 11.02933 4 7.448276 9.224842
7.944816 8.45933 3.032864 6.12844 9.483146
6 6 7.2 9.27991 6
3.432432 8.668721 2.902778 9.581312 8
4 6.846154 10.08955 6 8.233766
6 6.071429 7.883333 6 7.333333
7.388626 11.47847 11.24544 9.655629 4
6 4.888889 2.5 4 5.111111
3.333333 5 3 4 3.833333
4.444444 2.8 4 4.666667 4
4 4.5 3 3.6 4
4 5.142857 2.666667 4 4
4 4 3.5 5.142857 7.254237
6.588235 4 4.666667 4.705882 6.25641
5.666667 5.923077 6.103896 6.634146 7.731959
5.046154 7.285714 5.333333 4.333333 8.101576
6 5.909091 6.777778 6.878049 4
4.852356 3.4 2.714286 9.477885 10.33475
9.441246 5.25974 8.728228 3 8.228336
8.808081 8.956044 7.4 7.446363 8.833653
8.155039 9.461737 5 7.675467 7.102362
2.857143 5.230769 3 7.701519 9.034765
7.345044 8.584998 6.567723 5.949091 6.273684
6.838095 6.635897 3 5.369295 5.2
3.368421 2.595745 3.375 3.090909 3.752577
2.125 5.765646 4.88 7.962687 5.235294
3.321429 4.896552 4.990826 6.416667 4
10.36448 3 4 4.693878 8.7968
9.548387 3.9375 4 10.19497 10.49123
11.14286 9.903614 11.04348 3.148564 10
10.2716 10.62626 8.418182 4.333333 2.101266
5.149254 2.859838 11.78589 9.647662 7.72043
10.34534 6.473684 10.89109 11.10826 11.60291
8.664948 2.666667 3 10.35817 3.813953
11.52841 2.954751 10.98455 2.6639 10.77835
9.438782 11.02885 3.091644 2.8 6.833333
6 4 6 6.880342 3.851852
5.12 5.487179 6.779221 8.902045 3.333668
3.61447 5.475325 9.544904 2.312883 4
8.159754 8.643564 4 4 6
4 6 4 4 4
8.188729 4 6 4 4.152111
6.4 6.920152 5.151999 4 6
6 4 10.86854 7.093983 5.2
7.411765 3.530612 2.4 2.210526 4
8.322581 8.411765 10.26496 9.5 5.263158
8.812371 5.5 5 5 4
6 5.142857 5.614973 8.75 7.317757
4 6.928571 4 5.176471 2.222222
7.527157 6 2.017778 3.437956 7.516014
7.535912 7.940267 2.721725 7.468119 4
3 8.516192 2.666667 4 2.666667
5 4.01566 7.977273 7.324074 2.163265
7.9 8.537313 7.076923 9.610687 7.375
7 8.053097 6 6.153846 4.923077
8.507463 2.886364 8.465116 2.408163 9.624861
7.338028 3.980892 4.8 6 5.277778
8.247788 5.875 3.15 7.666667 5.580756
3.731207 6.814815 6.9 4.189922 5.714286
3.109635 3.88914 3.973333 7.517241 8
7.025641 7.02521 7.453237 7.172414 6.285714
5 3.254237 3.44206 7.75 7.8
8.705882 6.982456 4.2 3 5.219178
3.333333 2.117647 5.929078 4.949153 3.333333
5.611483 8.857143 5.777311 5.483871 8.931159
3.6 3.066667 4 4.964008 6.845361
5.303371 3 8.103093 8 6.217391
4.6 4.927536 3.777778 3.831873 7.782689
6 5.333333 6 6 4.972973
4 8 5.866667 4 6.444444
4 5.692308 6 5.2 6.385965
4 6.266667 3.5 6.26087 6
6 4 11.55419 11.425 10.97087
9.185684 10.02025 2.791667 5.871486 2.487805
9.018382 2.043478 6.139665 3.241379 3.2
7.783681 8.238806 2.222222 11.24978 8.038186
2.4 9.900288 4.578947 8.634132 2.974359
2.769231 6.459788 7.29408 8.355368 3.445887
2.704403 3.11828 3.176471 3.960396 10.60252
10.70968 9.407186 3.868481 9.11828 9.686949
11.77904 11.09883 6.666667 3.25 8.688723
8 3.06383 3.206349 4.485346 2.319249
8.141657 6.775614 3 2.727273 4.11976
11.29103 9.450672 7.93994 11.31732 10.88095
9.118644 10.27869 4.666667 10.08696 6.567742
8.861215 11.03727 4.2 3.368421 4.333333
4 8.071207 9.07622 8.68 6.788285
5.050314 3.728682 3.357143 4.083333 4.080257
3.589744 3.674528 3.521992 2.789809 8.814815
2.022472 5.302326 4.424242 9.297533 2.924731
4.363636 3.500541 3.513228 3.513577 7.648
3 2.877551 2.113821 2.964646 4.045705
3.953129 2.222222 8.551205 4.777778 8.979452
9.5
