8.805515 12.11868 12.23131 10.99128 8.808121
10.2994 11.49872 12.28496 9.873737 15.99469
9.533941 12.94674 13.61803 17.84395 12.61465
15.59073 11.76506 10.05717 9.859675 8.570081
13.22694 9.259819 10.15015 9.999881 10.47279
13.79546 14.81701 13.59304 10.394 11.94777
17.31723 15.10753 18.74056 16.1574 8.603035
15.04368 9.441337 17.63694 18.68194 11.98881
18.356 14.81518 24 21.01177 19.07505
10.66168 20.71668 10.42732 18.16908 11.92018
17.01944 16.03468 13.76354 8.339693 8.987092
11.62522 10.05552 15.85053 8.384946 12.53028
22.00202 12.04805 10.19071 19.09802 17.95499
20.39274 11.26791 9.634584 11.29633 9.286171
8.984515 10.46737 15.66671 12.00437 10.03851
14.68935 10.0364 9.600709 9.209006 10.83458
14.48451 12.78003 10.28649 9.736496 11.61933
13.11618 14.88535 17.25194 10.95974 10.61242
9.212369 10.59793 10.68549 10.0347 11.01385
13.65031 11.59517 9.547056 11.24398 10.41824
11.41032 9.425898 8.703682 11.22964 9.243851
9.868822 11.40965 13.63386 9.144001 17.38778
14.64965 19.69667 10.3435 8.165023 17.51563
8.854358 19.05839 12.51216 11.02039 10.39164
15.34051 17.931 12.61812 14.64607 15.11483
12.38777 9.63478 15.17843 14.35212 11.79878
13.59195 18.08974 8.90696 9.063951 10.97261
17.1252 15.01215 10.6178 12.9175 13.47744
8.996166 9.121794 10.24782 13.60493 16.01697
8.638053 12.07785 9.876526 9.282114 8.640966
9.215999 10.48957 15.14839 10.26998 8.440051
11.5922 14.08328 13.96337 8.939222 15.40901
10.71393 11.75951 10.16731 8.955789 9.436832
15.3934 10.09288 9.631755 9.528497 9.246886
13.17197 11.01532 24 24 13.11081
9.152187 13.10221 16.55925 16.69452 12.59003
15.89331 24 9.706283 12.27895 14.63202
15.22321 12.16196 19.00702 16.04281 24
18.45652 17.67333 17.20575 18.44099 13.89177
10.35044 12.81346 13.68729 10.51713 12.88418
10.70577 12.66581 19.18691 10.85611 13.36738
19.50451 14.70107 9.283842 11.10723 24
14.15307 16.902 9.296355 8.919612 14.74077
18.54901 17.82896 9.515401 17.5755 9.914925
11.10314 18.61273 20.39385 20.01406 24
11.87425 24 24 22.26839 22.0649
19.37768 12.78051 19.05821 24 20.24359
16.11433 20.78988 16.8807 16.47393 22.56604
21.77072 17.21134 19.23232 21.42286 19.12836
21.3598 20.42767 24 13.60171 24
18.92846 24 24 16.88757 20.9
24 13.56148 21.42929 24 10.53899
9.632496 11.56418 10.15557 8.706678 9.378945
8.680895 11.82444 9.137871 10.9586 15.53367
11.26886 10.96738 9.390478 10.32148 10.83794
11.63636 9.640549 12.38922 11.56781 8.294987
12.43809 9.037452 24 10.69796 14.34407
15.55812 9.111233 14.68468 10.66961 9.831291
24 13.1796 20.642 14.66083 22.11222
20.22456 15.86672 19.93452 24 13.77131
24 13.17641 12.10002 18.74468 19.90131
14.75257 11.74357 14.37001 24 11.36808
11.34985 12.36428 12.47164 17.38169 19.74622
17.87951 16.15878 12.8217 10.17483 17.3357
12.96592 17.80776 10.27494 15.59299 20.77242
14.44844 15.74334 11.97925 21.35886 24
16.7657 20.40528 16.87002 17.36132 20.02432
13.5975 24 18.80037 15.73358 9.140579
9.285734 12.89048 14.27368 14.25234 16.73888
20.3319 12.83496 13.91977 15.62037 15.33564
8.421889 15.91422 10.43203 11.43379 10.0534
24 15.37308 16.13421 10.75341 24
18.35143 13.04804 10.51055 19.6819 10.25338
11.82333 16.57962 18.22723 18.07502 11.53807
10.12497 19.77436 18.60429 14.40715 14.21656
24 15.26197 19.01359 24 19.19788
24 11.86727 10.65786 15.7318 13.12331
11.68336 12.78529 21.04592 17.10594 15.62502
16.78607 15.02593 11.08068 13.04845 19.13772
16.18578 11.28616 9.414727 10.66335 17.18428
12.60464 16.50276 9.715944 9.952813 9.453596
9.698537 12.05108 17.4444 15.86179 9.940659
9.579076 10.72932 19.84649 10.81475 13.40133
9.903129 11.48221 10.81893 11.50232 11.64456
8.856412 12.97202 12.72382 13.52983 14.23685
11.37281 13.08473 14.65119 10.42107 11.18753
13.37721 15.30349 11.50713 8.355386 14.20592
18.76861 8.808939 12.66314 12.28697 11.95252
10.80929 9.696617 16.86832 9.427865 11.68276
15.15129 14.86531 14.21782 8.277889 8.265952
15.009 9.156649 10.94464 8.69797 9.423452
16.12465 8.825617 19.48699 10.53942 8.589022
16.81408 8.528848 9.496324 12.79357 15.954
10.33122 18.59776 11.72819 9.402521 8.438908
21.10749 9.298212 19.37795 10.25722 9.090038
12.69559 14.63571 8.941102 24 10.92427
10.16732 9.675735 10.8241 19.23381 12.77259
20.47452 17.32268 20.38421 10.63234 17.83154
11.3663 9.18229 11.30673 13.90824 8.923666
15.5594 10.41191 8.859397 8.627463 14.79277
11.41769 10.99069 11.26753 9.677628 12.37208
9.269116 8.130718 11.01856 8.768601 12.98734
9.442268 10.87181 11.20294 8.625803 9.985642
10.23968 11.77187 12.287 9.475729 15.49718
10.61692 8.679683 9.149736 18.13329 17.7695
10.86186 9.046982 14.63589 12.55039 18.45171
13.58498 16.91973 10.67278 9.201674 18.06066
15.08432 12.40262 16.93855 13.81441 12.47118
14.26984 11.28242 24 14.32503 11.67097
19.14698 16.22079 12.62732 24 8.989949
12.85535 9.931121 10.24375 17.98024 8.485208
17.48663 14.1558 11.20915 16.74358 13.14704
12.87863 19.71284 11.9434 17.02993 15.47741
12.18229 15.8447 10.35968 15.69967 12.77115
8.864325 14.35644 11.24664 11.19861 16.89513
24 15.6053 8.863258 13.58006 16.14579
21.37861 13.93243 9.093957 9.852601 20.25776
15.2884 21.847 24 14.27353 12.09379
21.34006 9.797005 11.22134 9.874098 8.348747
14.61745 14.06728 11.86813 13.29513 9.22924
8.369958 10.79183 12.65949 9.667071 10.04895
12.63036 13.35964 9.587426 10.21607 14.45799
12.24798 11.76496 16.61954 12.16345 8.538855
20.12063 13.17115 9.218417 15.21234 11.8739
16.09223 24 8.34957 8.579689 12.45734
10.9133 16.84589 11.33615 19.69523 12.43449
20.99223 17.5586 12.63582 9.978214 15.35891
19.01933 13.84851 8.85938 15.85733 15.20821
14.78652 14.55496 15.13582 17.56659 12.92216
15.35286 17.53596 11.56412 21.05778 18.91504
22.26761 9.986584 24 22.57535 11.44601
11.98976 10.98792 13.4626 10.50161 24
12.37628 20.16835 16.37049 16.39456 14.40453
10.91039 13.6232 18.76186 16.976 13.7377
11.58965 15.13943 12.423 18.48942 16.05606
11.22528 18.96272 11.36951 13.15423 18.71928
24 24 20.44862 8.880883 19.82849
8.996024 9.811381 16.4689 17.7314 24
8.670842 24 24 11.70594 24
24 24 24 24 24
24 24 21.52615 19.85562 24
13.43261 20.4443 24 24 24
17.75042 21.90708 12.6865 24 21.49176
24 24 12.53783 18.80869 24
22.44729 18.88728 24 24 24
24 24 24 24 24
24 24 21.13168 11.21557 20.78163
24 20.65402 19.286 22.3405 17.12291
24 24 24 12.62142 24
24 24 18.25113 24 13.73199
11.50768 24 24 19.57596 17.72879
24 15.39493 12.1156 10.2389 11.07077
12.05489 9.030251 11.64377 9.5065 9.426572
11.93116 9.344625 14.24507 9.478662 10.35841
15.06232 18.33723 9.544746 12.16216 10.73811
10.23624 10.41874 14.89357 9.329459 15.51085
9.731301 9.326679 16.41499 15.41356 9.091832
10.63442 11.45076 17.81077 10.02972 11.03105
12.08974 11.79361 10.84543 10.00169 13.37553
13.29974 10.53402 8.780946 21.16051 14.272
16.52765 22.30905 15.72674 24 24
24 24 16.89442 24 14.65593
17.09449 24 20.2594 24 24
15.97241 13.43528 22.58383 24 20.85958
24 24 24 24 16.64426
20.6877 24 14.02731 24 24
24 24 24 24 14.8928
24 24 24 24 24
18.24095 9.794732 11.45691 10.98628 11.28563
9.998106 12.32037 9.020557 12.47326 8.702134
11.90637 9.743329 9.054275 9.522917 11.51416
9.370491 10.08618 9.932512 10.24487 11.81405
11.06772 9.622882 11.44714 10.29855 10.78513
9.864539 9.750265 8.037685 11.00834 9.303448
8.231363 11.61672 18.10131 15.91943 15.66047
18.71354 16.92819 21.18071 20.05227 16.67342
20.31728 15.43389 16.98088 19.41079 19.10213
18.69789 19.61154 20.12819 12.06948 18.74107
19.32589 13.9269 16.04529 19.10062 16.92453
19.41588 20.11928 14.77715 18.68163 21.50075
16.5191 16.59725 14.84834 16.43926 17.11903
16.88387 18.04946 17.13376 21.228 20.44203
16.29902 17.75305 12.88758 21.44417 20.21562
18.35311 15.49819 18.77945 20.26921 19.71258
11.30208 20.53479 20.02663 18.87136 14.03003
17.79223 16.98065 14.88848 15.24045 17.2153
21.32796 20.01173 14.41718 20.95281 17.96097
12.58021 13.69503 13.15183 10.66994 13.37075
11.87347 13.22696 9.282456 12.59265 10.62164
10.8244 11.74587 8.631774 11.4155 8.402623
9.527205 13.09364 10.49294 11.145 10.3586
11.138 11.93114 10.43778 9.702752 10.37048
11.77076 11.62446 12.21774 10.34089 11.13427
13.48814 9.258457 11.08781 10.71146 8.907477
11.18352 13.68048 8.310317 9.911376 12.14796
14.26056 9.844492 10.66385 10.25863 8.710611
10.79451 10.46335 11.25595 9.766097 13.58799
11.4155 10.24855 10.5682 11.5278 13.96807
14.49868 8.500129 14.54997 13.44543 10.82543
8.312445 13.12268 14.54325 8.555163 9.780385
8.950674 11.91212 9.906229 13.14711 8.827108
8.95903 10.07426 9.908807 10.657 8.270661
10.33156 9.597348 10.7356 11.19341 10.56073
9.713816 9.834401 10.75466 14.75437 10.27997
15.26391 17.08324 9.631765 8.365387 10.33278
10.99071 10.05399 14.24108 12.62918 13.77736
9.526034 9.793618 8.336159 10.02267 14.53087
9.304967 11.65205 13.55269 10.54987 8.531913
9.239282 8.850546 8.741809 12.60391 8.97253
9.528722 17.94022 12.49375 9.943724 8.743731
8.351783 11.87031 17.6156 10.15184 8.759049
12.30315 14.07695 13.87009 16.38553 22.13461
24 24 16.67811 21.51912 11.21914
13.59848 13.93777 19.82554 14.48422 11.334
16.28174 17.78411 15.98049 17.92067 13.89212
24 24 12.86648 11.88062 8.939327
9.232267 14.19812 20.16071 14.56937 8.970229
10.32455 9.212177 18.5982 12.46458 10.23337
17.75672 15.04076 24 17.21307 16.5342
10.48207 14.26643 14.9093 10.68805 11.4305
12.34346 19.27916 9.638496 10.97795 10.87079
9.266199 13.97465 13.00673 12.17509 24
14.23567 15.70871 18.58729 20.19683 16.41497
12.7948 15.22172 14.85732 15.93787 12.1143
12.24573 11.93758 24 13.22282 12.53523
17.86178 14.62791 24 17.00431 16.00201
16.68786 24 17.51898 16.40713 20.26097
14.65195 12.82293 12.85676 12.76695 17.42717
14.08584 16.57282 12.1943 24 15.84511
11.69317 20.83181 17.61728 18.58411 14.42324
12.26537 12.88198 12.58827 21.88903 19.86927
8.623044 19.5305 15.475 19.91969 18.44572
19.71381 17.06819 17.00223 14.85202 12.11713
18.98901 24 17.07863 16.31768 24
15.01572 17.33227 11.49236 10.02229 15.31227
13.94671 10.79499 12.48434 8.761781 9.825398
10.29768 9.71388 18.66198 10.2268 12.11977
11.91772 9.836491 8.428481 8.777316 8.705837
11.06602 11.18083 21.07977 10.36842 10.02479
12.86438 10.45584 9.310353 10.49488 10.20437
14.05023 9.191325 9.204606 16.91843 10.48988
17.26329 8.605818 9.507447 16.39719 19.17774
9.877704 9.449284 12.39935 10.19417 10.99401
16.51848 12.19152 9.028384 12.39065 18.03279
14.21756 11.57404 16.67254 9.01457 12.23369
16.26125 20.14884 15.56812 12.04803 9.357186
16.35796 18.27786 12.91717 17.58084 17.68673
19.44007 16.37369 13.0242 16.00652 12.58688
10.75912 16.22803 17.64112 8.39246 12.10254
13.28267 13.314 16.79621 19.5571 10.1363
11.63215 12.93303 14.43243 9.807302 13.71675
14.1004 11.58696 9.589875 18.99074 8.46653
15.12306 16.65434 8.862753 12.10107 13.95453
11.68948 11.83694 14.21619 18.39188 15.65864
15.82431 14.45796 11.41938 16.99323 9.630606
14.54314 10.3673 17.60289 12.24229 10.09487
9.225709 14.04885 10.78422 15.43063 9.695932
9.428962 9.440627 15.00365 15.02011 10.19849
11.37521 10.55462 12.41472 19.09192 22.05299
15.16172 8.79939 14.21107 9.511018 17.26609
16.39408 19.01827 20.559 11.12323 15.48173
11.77444 14.13134 14.05071 10.55561 14.33472
15.67494 22.62028 24 24 22.16609
22.14541 24 24 22.26338 24
22.27408 24 24 24 21.54578
24 22.32525 24 24 21.95167
15.36221 13.62258 20.02582 24 24
24 12.14955 16.78705 20.20887 16.73218
20.79074 24 20.32382 14.41708 22.49498
22.36576 22.68113 18.1718 17.03323 22.2753
18.45978 24 19.35253 20.12439 24
24 20.75462 24 15.84047 21.68687
19.1402 21.42422 13.38955 22.54734 24
24 20.40531 20.77522 21.11154 24
13.17335 22.68112 14.07009 16.7566 18.28869
24 11.41325 20.76225 17.79933 12.90741
20.47267 18.324 22.69608 19.71963 22.23253
18.97577 17.52866 16.70202 24 17.48346
17.25461 18.98693 16.39889 22.32583 15.28015
18.6824 18.12962 11.50457 14.32071 11.43797
24 12.45552 11.93818 16.06621 10.79957
10.22933 18.8633 21.24531 12.19707 12.99161
13.64767 10.83209 19.88752 9.255169 17.43808
15.30012 9.277589 13.50684 18.47803 13.50234
12.7353 21.40467 21.14753 22.87894 17.09777
19.72887 13.43856 16.79231 10.12242 14.81065
9.904718 17.96314 11.30177 16.0739 16.49827
17.89908 12.23874 11.10389 17.7037 17.84034
15.88363 8.934358 10.86197 13.23696 14.06458
12.1389 13.04581 11.64957 19.16251 13.16966
20.09182 12.50948 14.34854 10.61195 18.46356
12.72296 10.39069 12.07171 14.42011 10.85064
11.13326 12.26036 12.85219 9.939961 8.866746
10.01668 13.49221 9.0638 11.77535 15.82977
13.1825 12.72271 8.902175 17.50746 11.99083
15.46496 11.58669 15.35451 14.55437 16.65256
9.043966 12.49117 13.5384 9.292826 10.97469
14.17477 9.040774 10.62543 10.98961 10.91489
17.7706 14.52579 10.30239 11.68053 11.47321
10.48668 11.4641 8.372007 15.93201 12.07481
13.162 10.36324 10.46576 15.57483 11.28459
11.45479 9.885387 24 24 17.26294
24 11.11833 24 15.5851 19.19977
18.33537 12.02253 13.96216 13.9739 24
24 11.4853 24 13.06037 15.04604
24 14.05297 24 24 15.60826
16.7358 15.55896 24 19.68206 15.79872
24 21.49368 24 15.08717 13.50535
15.92259 16.91241 16.50053 20.47291 18.3649
19.16238 17.9609 15.5048 24 20.17094
12.46488 11.96745 8.792724 12.32596 12.91137
9.455933 16.28071 8.498338 8.598513 10.38719
8.618583 9.399441 8.467086 12.68834 8.752854
12.28667 12.54947 11.25299 8.981944 8.547757
11.68291 8.443349 10.24219 9.040103 11.47945
9.390241 14.34761 10.2532 9.697913 11.1089
9.907473 8.081192 9.256003 10.10999 8.867805
9.990422 16.6273 10.28484 10.071 8.885638
11.30514 10.32862 8.399433 13.24723 13.73742
9.239764 11.42255 9.304143 24 17.67664
24 17.59543 19.68997 20.63029 14.57634
17.31823 21.96351 17.99889 21.35763 17.1932
16.15018 24 15.17022 24 24
16.30025 24 18.45705 24 19.60465
18.88278 24 24 18.02785 24
18.2635 18.04166 24 18.54367 20.15532
21.19683 24 24 24 17.39636
11.9632 13.08726 17.41384 16.85101 18.02778
11.25229 20.47366 24 17.80633 24
24 18.27924 16.49929 24 16.17808
24 18.28038 24 20.01563 16.61845
14.61937 24 20.29879 13.47331 14.62421
24 12.26062 20.3869 24 24
19.85087 20.61854 18.85145 24 12.88785
16.49041 21.13191 21.70643 16.6165 14.41129
11.6997 24 24 24 21.41802
13.85773 15.60977 16.57145 24 19.87294
24 18.82246 19.4455 20.40802 17.59346
16.23586 14.18775 17.35282 17.61445 24
16.2367 21.68242 13.34252 13.96919 18.02192
24 24 17.14003 24 20.60905
22.49813 12.45948 20.42212 16.79122 16.01766
13.24573 24 11.87127 10.38896 13.3987
9.571302 12.90962 10.12759 9.487751 12.42716
13.37286 9.831784 10.58638 11.33135 10.72166
17.73662 15.52006 10.5631 17.97493 8.953807
12.16453 10.50919 9.556963 12.40445 12.79757
15.40566 11.22385 14.2103 10.44432 11.9783
15.48425 8.810318 13.95073 14.65183 11.0341
17.18498 24 8.782011 11.18854 13.58419
8.414547 8.850189 12.78914 17.17773 20.05685
10.34155 9.247154 9.645562 22.8366 9.989189
9.101261 8.413822 10.07514 9.14414 10.47651
12.0245 13.72152 13.16064 20.48527 9.740603
17.19178 9.164883 9.291025 18.17766 10.73497
9.981188 9.421296 10.58776 12.37585 18.4996
9.242868 14.11544 12.91362 12.15341 18.01756
10.83484 18.14009 21.11412 20.58861 12.85418
13.44272 17.16332 11.64617 11.06748 15.45926
12.6937 15.09867 21.51891 8.506793 16.66474
15.20832 16.74514 24 17.83048 13.04445
18.45104 24 10.25626 12.68422 18.07513
13.58699 18.61366 12.95106 11.69998 18.81726
15.13534 21.37091 18.54808 18.64354 19.61846
14.99315 24 11.482 18.46893 14.31857
12.01888 16.83939 9.964421 17.49401 15.39355
19.74919 18.44688 24 8.633312 24
15.73561 24 20.0552 11.4052 18.40211
14.76357 11.82955 13.76507 14.62023 24
16.94744 17.96992 14.35863 13.01606 13.61129
19.3154 9.492031 12.55637 24 24
24 18.02626 19.93937 18.48508 17.39076
16.49978 24 24 24 24
12.9402 16.42687 24 21.62496 18.09924
20.48834 15.54923 18.22048 24 15.96734
24 18.12958 24 24 18.86239
14.68748 24 16.83677 16.4347 24
24 15.21976 22.08182 18.6518 20.2089
24 15.56104 18.68199 13.94588 13.67438
17.66017 19.93412 16.74398 21.53825 16.59949
24 15.07185 20.06484 19.62463 13.51676
24 22.36938 16.0716 19.82008 21.93651
13.76495 14.52013 15.13074 17.18716 20.67571
18.48808 24 17.20146 17.74267 19.11948
15.80694 19.0301 21.80774 21.13492 13.0836
24 20.63653 18.97663 24 14.27331
16.55895 24 18.20167 17.16051 24
18.25636 24 19.44774 21.5078 24
21.37249 24 21.9343 24 24
18.70807 19.45212 15.24247 17.87435 20.0271
20.06237 19.94298 24 19.24683 10.68798
22.62196 24 20.66638 17.95221 17.37921
18.02706 17.55385 12.49982 13.54051 18.04156
16.02224 10.1427 10.46856 11.62074 17.59949
13.7551 15.46887 18.63413 12.48818 14.36269
16.64352 16.277 12.51169 15.99581 16.45057
16.74781 13.5459 13.33295 14.23211 18.42773
17.36905 16.2906 15.67805 12.92741 16.3188
17.75837 14.38818 12.60398 18.70924 18.67352
15.90338 16.1041 16.83217 11.7684 21.0128
15.22212 17.34014 11.77431 15.0862 15.81207
14.32759 15.00129 16.09081 14.7063 12.03265
17.844 17.01263 16.39952 12.9195 14.15921
15.9463 13.59871 16.00019 13.25013 17.29968
12.83427 10.9301 12.58773 17.48025 10.49475
14.02622 13.23455 14.09457 17.10722 11.13532
18.19961 15.38509 14.64934 17.86778 13.22184
17.60311 24 24 24 24
24 24 24 24 24
24 24 24 24 24
15.39012 24 24 24 24
24 20.33332 24 24 24
24 24 24 21.47025 24
24 24 24 24 24
24 24 24 24 24
24 24 21.39698 16.85971 18.92941
24 24 24 18.51257 24
24 24 24 24 24
18.27211 21.58332 21.47874 24 24
21.49654 24 24 24 18.07312
24 24 24 18.97665 24
21.25458 22.06653 24 17.77377 24
19.4949 24 24 17.76411 24
24 21.25771 16.50823 24 24
24 21.51867 24 24 24
24 24 17.741 20.43967 24
24 24 20.30813 20.64367 24
24 24 20.78882 24 24
24 20.60958 19.61437 24 24
24 24 24 24 24
24 24 24 24 24
24 24 24 24 24
24 24 24 24 24
24 24 24 24 24
24 24 24 24 24
24 24 24 24 24
24 24 24 24 24
24 11.98036 10.94863 13.61636 17.60063
14.62314 10.83849 11.5487 14.40067 12.97518
15.07012 10.91796 12.87243 12.14437 14.71476
11.1654 13.27492 15.48022 12.79188 12.67412
12.59296 14.48925 9.129256 11.28668 8.590168
13.77685 11.27436 16.24459 9.727125 14.43179
14.62436 11.56506 12.20976 10.6593 18.14849
9.490609 12.83269 17.35182 9.479293 9.441971
10.93624 18.69332 22.0441 21.47658 14.83735
10.82219 18.06294 10.38635 13.36964 15.66981
11.64216 18.53983 21.31298 8.969903 14.97161
16.71742 12.52621 15.31675 17.48194 14.72208
9.560323 9.704489 18.08042 14.02671 13.90132
21.84684 20.37292 10.5878 17.49668 9.831048
12.12299 24 18.90243 16.68595 11.81694
18.70384 9.687613 11.66016 15.09065 11.16003
11.2227 11.86168 16.18304 10.71003 12.67231
11.11562 15.64736 10.72475 13.66441 12.73772
10.01751 11.75297 17.03355 16.46251 14.66444
13.83491 13.9733 8.475032 11.43804 11.57191
12.16416 10.74707 15.74464 15.42878 14.14456
17.02568 12.94293 10.54298 21.45825 14.69535
20.46315 14.43763 13.66679 9.078408 17.64009
14.90202 14.10884 12.6275 13.82328 19.23923
15.44081 9.45166 14.62473 15.05917 17.20437
19.63765 8.675864 19.3176 11.74135 10.82833
8.420681 13.01599 16.18838 8.851131 11.09236
16.67523 14.8845 11.88551 10.64498 12.76839
10.0848 12.45712 9.103696 10.45363 10.67496
12.75047 16.39758 15.46756 11.87599 13.46902
14.29665 16.20027 16.21822 10.19902 9.265547
10.82524 18.81316 8.827612 8.439969 11.07725
19.04061 9.661847 9.731161 10.1783 16.46178
17.80749 13.7436 22.91681 11.19697 17.82226
15.06598 9.126388 11.22802 13.72689 14.1529
10.29165 16.4639 24 9.178378 18.58367
17.61587 11.22497 8.823862 12.27628 22.25488
8.296539 15.33354 8.684638 18.0024 14.75914
13.22461 13.82298 13.19628 9.771355 10.14768
14.08163 11.01133 24 18.07018 12.64772
13.43179 11.51217 16.92939 10.29389 19.57963
10.98894 17.42344 10.92024 16.75425 11.50208
14.82857 10.23006 14.71977 11.24336 9.879683
8.513224 16.20836 19.99895 12.18241 19.57951
15.60711 8.761414 13.51299 13.32393 19.54303
11.74686 16.38218 18.6302 13.70589 13.23572
9.928738 22.54633 12.14654 14.07129 10.2909
14.05778 9.702536 16.62676 12.44348 11.98262
11.39518 14.62275 18.92938 13.28795 9.264411
18.31301 18.88666 14.06237 11.69636 17.49588
18.38678 17.00151 10.45369 24 12.966
11.59427 12.65025 17.51424 9.004077 13.40694
12.14101 10.89025 10.08469 12.01607 17.99221
14.55284 16.93711 14.2501 20.99374 13.66037
11.72859 11.36752 18.62925 12.26091 12.73827
11.96695 17.21795 11.46931 14.79666 9.753181
13.30136 16.70422 11.39811 13.08197 11.83708
9.333886 16.19116 17.29636 18.22156 14.97815
14.99796 15.93209 15.17836 20.11952 20.44087
14.56642 17.75036 19.59112 15.24374 18.05743
17.28948 13.1659 12.24507 13.576 15.02243
16.43381 16.34104 19.17577 15.93317 15.89663
17.83386 13.65215 14.15458 15.20794 16.47729
21.22513 15.13875 18.13422 11.67465 11.82898
14.68584 11.40244 13.80273 8.756625 9.036874
10.86354 11.98664 9.164669 14.08504 8.849398
16.66483 9.515951 12.93653 15.70327 9.04302
9.948984 8.51172 12.19185 12.91765 9.99284
15.31175 11.88836 8.877665 11.11922 12.91047
14.10914 12.00045 13.65366 15.57447 16.45144
12.63239 8.339512 10.45652 11.16619 12.54504
11.62709 16.77731 12.36114 9.799846 9.985028
8.552876 9.069608 10.45902 10.23313 8.851117
12.36812 13.56105 10.08762 22.65985 24
24 24 24 24 24
18.59079 20.83221 18.02795 24 19.21804
24 24 24 24 24
24 22.42295 24 24 24
24 24 24 24 24
24 20.58286 24 24 24
22.42805 24 24 20.73136 24
22.45776 24 24 24 24
24 24 15.86323 22.08403 24
19.76191 24 20.499 24 24
24 24 21.63164 24 22.47423
20.13508 19.0614 15.81882 19.5479 24
18.7982 24 24 24 24
24 22.04069 24 24 19.05888
24 24 24 24 24
24 21.39079 22.36398 15.47344 24
14.82239 20.85976 24 22.37981 24
19.7118 21.82845 24 24 17.81732
24 19.6139 19.30758 24 24
21.21664 24 24 24 24
14.28365 24 20.19327 18.49193 17.14249
24 18.50022 22.71945 24 24
24 24 24 24 11.50529
15.60179 20.15876 24 18.61832 18.69701
14.87916 17.81205 18.69713 18.90683 24
24 19.27502 24 24 24
13.63098 24 14.66932 13.24356 14.24378
21.34684 24 24 16.69407 24
19.48016 24 24 17.23956 24
24 24 19.57749 24 24
24 18.06078 24 24 24
24 24 24 24 24
24 24 24 24 24
24 24 24 24 24
24 24 24 24 24
24 24 24 24 24
15.60755 14.15472 11.91994 14.07713 19.26424
24 17.90048 17.43356 17.34532 19.36594
18.6184 13.919 24 20.51743 13.06434
20.34662 14.72723 9.307622 15.70356 24
21.03505 12.57018 24 12.42447 24
24 13.5844 24 17.85996 14.18883
12.7692 13.83443 17.73906 17.88518 12.36528
24 11.44586 21.44692 14.11291 14.57462
12.06767 13.52632 17.77367 15.11674 15.06428
14.58122 11.48069 12.25175 10.98168 10.51918
16.48668 14.55314 12.23973 13.78127 12.09324
8.449035 10.72507 10.2058 10.43274 14.35642
16.46941 17.54099 10.6813 13.22791 9.538491
8.44109 13.41217 10.81596 15.90596 13.85388
10.66901 8.880079 12.50821 14.63489 8.350734
14.48453 17.92406 19.08345 10.01294 11.19286
14.85636 10.08 11.25729 18.56926 8.356975
10.41292 17.28475 12.73199 15.21625 10.56438
14.69427 8.485509 11.6842 11.2499 12.97445
21.98427 16.98851 13.76635 11.46228 11.24902
10.79438 11.69143 12.84017 13.81171 11.23554
12.1268 11.71695 13.58394 14.72281 11.13697
10.08283 10.45795 9.827754 15.97621 22.37715
10.65256 11.86414 11.90742 11.13382 16.80924
10.36981 12.80634 9.622191 10.09166 12.52274
10.48699 8.783557 12.0397 16.30528 12.28874
14.95896 16.23035 14.97779 14.10495 10.3593
14.23043 9.22159 9.840002 12.00684 11.1972
9.235163 10.2995 13.66276 13.65093 11.99371
11.36185 9.017865 17.66884 8.856457 10.40776
19.26248 11.7465 11.8519 11.9306 11.94605
11.96114 14.73403 12.68737 11.48263 11.19766
12.92879 11.92759 13.76102 15.78083 20.04396
13.02422 11.33146 14.91609 24 24
24 24 24 24 24
24 18.84482 24 18.21747 24
24 24 24 24 24
24 24 22.10349 14.99164 24
24 24 24 21.56081 19.29367
20.91111 17.08628 24 20.4555 24
24 24 24 19.29795 24
24 20.50903 17.65964 24 20.20419
24 22.06929 24 21.14396 17.16844
21.26843 19.65972 17.74869 24 24
17.81074 24 24 24 22.70901
21.85452 24 24 18.80573 24
24 20.86391 24 24 24
17.65351 17.13394 17.74498 21.83912 18.24617
13.12596 16.69429 21.91522 16.23877 18.7754
19.43478 20.96975 17.27704 21.59156 17.19188
18.29775 13.58067 24 16.23259 19.45096
21.49037 10.04102 22.71604 16.2441 17.855
18.3075 21.95978 21.17308 24 18.68575
17.11505 22.27971 22.26305 24 18.85729
24 18.35663 15.79092 20.37055 18.85195
16.03247 20.32753 16.57561 16.65404 16.10434
12.21183 20.67797 19.45875 20.93361 10.33732
24 24 11.1616 17.70434 19.40751
17.63882 13.61308 17.18603 17.41583 18.09131
16.54822 17.577 14.25684 16.75294 19.07446
18.36835 17.70654 14.31344 11.03162 20.04397
9.6324 8.846345 11.40798 11.54692 9.492303
8.330909 8.739579 18.02734 14.91793 18.77218
11.91515 8.940532 11.81765 9.128925 11.11162
11.79405 10.4643 10.12888 15.5652 11.86415
12.33005 10.28059 9.081901 19.02999 11.37823
8.9994 17.02219 8.507981 13.83292 9.668949
11.19733 13.22659 10.16718 10.73734 10.30346
9.48569 10.84881 8.400862 10.60401 10.52772
20.80679 14.61987 9.415146 14.51126 14.72023
8.454131 14.01576 13.35986 14.70047 13.46443
8.525918 11.65191 11.55017 13.91494 12.13281
15.57647 10.74534 12.55691 20.76978 12.29425
24 11.50651 10.12001 19.25684 12.44857
14.56624 17.4887 18.05022 9.594861 11.29166
10.85896 19.52546 15.79532 9.728488 24
18.16271 9.161521 15.78144 9.384557 10.24594
14.41959 9.534073 14.02621 10.36815 10.0068
16.77391 10.35526 10.40578 19.5879 17.41541
9.692084 14.20457 19.43524 21.32294 15.90779
19.64622 19.51868 21.41131 19.28206 21.66518
18.31322 18.29445 13.64079 21.89893 21.4721
18.77259 13.21216 17.36065 24 18.13379
19.08769 19.64756 19.48858 15.13043 21.65171
24 17.64314 18.81135 21.9524 15.29008
17.09361 21.55462 20.72549 12.86045 18.57093
21.88346 13.98036 21.41875 22.56565 20.27037
14.52812 14.45187 19.32693 19.71285 17.01305
24 20.59142 21.31047 18.53377 18.03842
24 19.09038 24 21.13244 20.05667
21.33161 20.79881 20.58765 24 17.43361
19.68703 18.41808 9.044063 19.10625 12.59892
13.34426 15.67214 18.40941 13.26016 12.92262
17.61418 11.71056 11.40902 14.08808 12.13088
10.16158 14.60514 17.60056 22.36424 10.899
11.06493 16.19666 16.98209 9.882246 12.20241
11.71614 16.14291 13.70941 11.91074 11.93546
16.66319 10.77732 14.04458 13.86325 11.73087
16.30574 17.66711 12.0423 12.61376 9.66804
18.91256 13.34178 15.18379 13.63576 12.15051
14.27734 8.931113 15.62799 12.71083 10.96615
15.71657 11.53749 18.91504 11.25802 17.32206
13.5456 8.300594 24 17.65559 12.44433
15.89088 16.42305 12.48502 24 12.00787
14.33856 18.22615 16.68636 15.76197 15.54897
14.75618 14.918 11.84191 17.92332 11.88811
18.57986 24 11.37269 24 14.46441
11.83451 16.44252 16.85986 13.71264 14.34651
17.6362 13.33484 17.35937 15.78181 21.52449
11.34701 24 11.48464 24 24
24 24 19.70489 21.32927 16.44323
14.87069 13.73534 14.86768 16.86288 24
24 17.61409 24 13.08825 19.25168
21.00096 11.98947 16.87318 15.06133 10.16373
13.51731 12.04973 17.55747 10.71866 17.65844
13.87517 14.89059 15.57398 22.63406 21.86896
18.04931 8.467534 18.91919 24 10.47364
17.02574 18.41981 19.44636 16.11458 24
21.72964 17.64971 15.03975 12.29669 16.35697
24 10.48939 9.27505 12.04328 18.5592
19.85842 11.64578 10.34976 19.82627 16.88704
12.01869 12.35136 14.65633 8.851856 9.794616
15.09691 13.48295 14.87171 24 8.715228
12.29915 9.007882 11.74123 10.38625 10.97969
16.14627 9.269324 14.72362 14.25965 9.404375
17.18938 13.10785 16.24246 17.25151 12.14015
14.91088 12.23698 19.10359 9.159885 9.756063
9.574413 10.83081 18.48266 11.94783 10.72715
10.48133 9.44635 12.029 10.28824 20.38726
19.96748 12.26478 10.68258 13.8592 9.604851
12.21231 24 14.46314 13.03702 10.04813
13.99027 8.342516 12.98515 8.945963 8.31379
12.40426 10.37264 10.96421 9.915158 9.491352
16.89224 15.31607 11.43378 11.49948 16.20842
10.08999 12.74222 12.10309 12.91443 8.832613
16.0284 10.31645 11.46817 8.73551 12.74243
8.660381 10.93528 9.003054 12.92456 9.097445
8.630638 13.46156 16.84775 15.38897 15.4612
9.991227 18.4436 13.41899 14.47139 16.36616
13.59145 8.467036 14.88435 13.98081 16.3563
10.9722 16.86946 13.46612 14.34223 8.925139
9.917475 9.798333 10.85181 11.7161 13.65601
9.673978 12.54179 11.11489 18.83944 8.973213
18.19611 13.89837 11.69062 14.68027 10.85603
8.764039 8.89314 15.39807 16.99055 10.8473
10.45757 19.74385 18.30172 13.81674 12.3799
17.61202 9.794077 9.42435 11.96763 10.4194
15.55079 17.7424 9.378461 19.27223 14.77033
9.270974 14.75222 15.75079 13.02483 12.62909
16.77566 21.9592 19.9138 13.9819 17.21237
13.57272 15.29068 24 24 24
15.00269 15.1496 12.88669 15.83433 12.42448
17.8682 12.17889 22.50127 18.23237 21.69441
13.77179 24 17.11621 24 13.63496
11.39568 12.43388 9.390607 10.10292 13.20137
12.37496 15.27706 9.806829 14.57354 9.401454
12.2659 9.727824 17.33782 15.4752 9.986477
10.38828 11.51998 9.927307 13.6548 11.0587
13.44444 13.31256 13.11206 9.844 9.326391
9.48267 11.55603 8.862149 15.28346 9.37469
9.69125 16.44192 8.371359 10.78418 9.644663
8.529965 12.51254 11.44348 14.26032 9.595923
8.668211 9.243497 8.94505 10.07826 12.76502
12.48737 8.802537 11.58344 8.876094 12.47234
19.51793 12.03091 16.49084 21.3184 13.3538
16.17967 10.00383 12.14121 9.79474 14.40941
11.50834 18.66925 15.28945 13.0551 19.50669
13.49496 9.564062 16.78287 14.02273 9.198818
15.09899 16.67834 14.10777 11.63329 12.72507
17.74159 19.15287 12.47073 16.97283 9.759715
16.97435 24 13.83564 20.70522 15.46994
14.91988 10.89438 9.352923 15.67954 14.06843
15.54665 10.23873 15.84755 18.96445 12.74043
14.19706 13.81756 16.39805 12.80693 10.24758
15.07507 9.496942 12.81716 17.13287 21.36391
19.04987 14.92718 14.33148 16.84148 15.36216
22.07733 15.14269 14.50469 15.31757 21.56392
24 20.59792 24 24 20.43165
19.00118 20.86539 16.77071 22.30016 24
24 22.13821 24 24 17.16098
18.68115 24 18.17394 16.32489 24
16.32142 24 21.29847 24 20.44546
20.21653 19.55501 22.74267 24 22.29
24 19.22122 20.4188 24 24
18.12194 24 22.00538 16.24598 19.58686
24 20.55283 20.3755 17.77419 8.642548
10.20591 10.89948 10.27754 15.83146 9.105187
9.064141 13.9874 10.84965 12.22147 15.34896
11.42193 13.59552 8.521077 11.07872 11.51189
10.7332 10.92784 12.5346 19.56614 12.57862
12.32478 10.40482 8.948744 24 20.54147
16.35568 22.22277 17.2177 12.70659 11.30251
13.22221 19.86451 17.68563 14.91795 15.60639
14.36424 21.61902 19.18149 17.0307 15.68345
16.90909 13.84722 21.15444 17.03154 15.53116
21.19144 10.73975 16.62762 17.1219 16.77981
19.9443 16.70465 15.25243 9.208235 19.44369
19.57404 10.4927 19.9443 13.231 15.88017
18.88446 15.36996 14.19115 20.55813 20.15494
21.39563 10.68884 14.5966 12.20065 14.30242
17.26967 18.402 18.14734 19.0812 24
24 22.23635 17.80695 13.21127 20.6138
17.61072 21.82051 24 21.12815 22.20639
21.47915 22.44351 17.37758 15.57105 18.19627
18.47064 16.25821 22.05523 14.35509 24
24 16.97494 24 24 19.13753
16.05252 21.58337 19.49359 16.28899 16.19784
24 14.61031 14.87407 21.05406 22.39676
24 13.86932 10.19226 13.09119 9.292809
13.48451 8.369303 15.14126 13.74578 15.27502
10.18449 13.56611 14.33142 11.35157 9.587656
11.88173 10.27179 10.14591 10.23206 10.04097
15.11882 11.48677 13.73243 14.69152 13.56138
9.985115 10.53802 14.29801 14.89849 12.676
18.72325 13.18618 9.894339 13.54717 8.602665
14.41214 16.81417 12.87596 11.71919 17.53029
15.65197 17.56184 10.77742 9.789467 16.44951
14.31329 11.15313 10.91546 10.24769 13.63849
10.3291 11.55212 19.02545 17.55605 10.30461
11.19401 15.49628 12.41743 11.1431 13.09236
21.36881 14.69175 11.13485 11.6688 14.76102
11.38307 8.853915 9.924707 17.54172 10.83354
15.05055 18.48904 9.806302 12.95669 10.55352
12.68509 10.8435 8.731163 8.678895 10.3929
13.03925 15.4335 12.46114 11.25559 16.07859
15.40269 14.77725 9.52599 11.47369 9.963095
9.913631 12.38901 12.73784 16.30632 8.818115
11.11857 12.27753 10.37128 16.39001 9.695136
11.7586 10.60063 10.86571 14.62077 12.03271
11.22903 13.85137 11.44086 14.75815 12.42102
12.83084 12.83032 8.752207 15.68753 8.890494
11.12551 11.85289 18.94393 9.602916 9.529041
12.28238 12.76044 10.55984 16.61587 9.025241
14.16784 8.481202 10.13482 15.42811 13.76052
9.664902 15.00003 15.31508 14.15741 15.15705
15.90869 17.12893 10.99617 16.81843 12.59641
11.53073 17.87461 15.83274 9.884907 10.16521
11.36251 15.08406 12.6822 15.07595 17.45975
16.69892 14.25826 15.06736 21.2447 12.80825
18.24605 16.34265 15.66012 14.1688 16.21966
14.31404 11.34446 22.14639 12.59679 15.01356
24 15.94605 9.292726 13.19696 17.41494
15.64462 17.72386 20.01958 15.64041 19.81726
14.99905 12.01858 15.53393 21.86075 9.896021
11.91292 14.48035 21.9466 16.90837 19.01444
9.706533 16.36617 16.0725 14.53585 12.67114
19.88789 11.8811 12.92225 16.62231 18.78341
9.988064 12.52291 10.62666 10.14399 20.68931
12.00409 14.68014 13.86354 10.96893 14.03331
17.97912 14.18556 22.13472 16.03749 12.28126
11.37348 14.82852 16.61185 17.28866 11.12113
24 14.15379 12.83814 14.6738 9.568282
15.61146 20.97333 16.3912 14.77184 12.03397
15.10316 18.79027 15.02107 11.27639 15.20951
10.37806 15.30685 12.82327 14.56222 11.25164
18.86275 11.07005 17.79818 17.81246 18.06641
17.40552 13.92473 21.60761 12.67152 10.36027
12.10833 17.71776 13.52277 9.857377 16.76801
24 17.64399 12.4131 8.387221 16.85985
11.68347 20.40752 19.17108 11.05814 20.63943
22.22921 22.33547 11.63037 21.00064 24
13.62179 10.58826 24 17.39542 16.13159
24 16.29711 14.51275 12.54166 16.82695
13.07426 13.78288 21.81504 13.79345 18.60919
18.78827 24 20.37837 15.45625 19.41613
16.93231 24 21.6671 24 14.17661
14.20222 16.75714 12.72916 13.74783 24
24 24 16.86385 24 19.69508
24 18.54846 22.48525 11.62459 19.47768
16.23304 11.48972 16.77756 13.55103 24
12.40956 10.78394 10.09119 24 19.1833
16.37565 12.45888 21.17257 16.92924 14.67331
15.25473 24 14.63958 21.35258 20.83445
15.59176 16.58363 13.21033 17.20493 17.32173
18.25102 14.64714 24 21.37043 12.36682
24 14.45768 16.30392 19.94504 20.25949
24 12.40149 24 15.07006 12.93916
18.87407 18.72879 17.15894 24 13.26193
24 13.59096 20.3848 16.40928 19.4334
16.17131 24 24 24 24
24 10.33166 24 14.1243 19.97634
24 24 15.75093 16.478 24
14.41185 14.22943 12.15357 22.23126 15.49587
13.87627 19.31135 12.74539 10.97356 12.10496
17.58231 9.544466 9.038375 13.12068 9.934063
8.991283 14.99162 8.516141 8.410529 10.18123
8.274822 8.281054 10.77849 8.751428 13.25358
9.205697 11.95655 14.91272 13.96807 11.75918
10.19375 9.735944 14.29865 9.604078 14.76022
14.6133 13.52807 12.04188 12.25877 15.35475
21.53146 20.11023 20.3034 17.30584 18.62405
11.28199 24 17.13212 17.91321 18.42157
12.54895 16.35303 12.35654 21.68321 19.02293
21.70062 16.53134 16.51401 12.91567 15.39989
19.93505 16.35303 21.77843 17.81128 16.79497
19.1151 12.63887 8.943272 11.66675 11.55741
12.3934 10.58104 15.34022 11.36454 9.683263
8.819001 17.0911 8.678158 12.97607 13.00701
11.65524 10.28236 9.428531 10.61311 13.28347
10.74512 13.4989 15.30097 13.50288 16.11823
14.20326 11.97478 9.156595 15.3525 9.355185
9.471802 13.13174 10.10516 8.492269 14.6297
14.45582 11.11565 15.40523 12.30629 14.43849
13.61461 13.26885 14.0138 10.67149 10.35013
10.03356 8.308528 9.662711 16.87027 10.59021
9.983526 13.08344 9.604473 11.02117 11.25722
8.579453 11.96058 16.74369 9.232083 8.350725
10.94816 14.2591 11.85379 17.48155 13.7997
24 15.13481 12.85178 9.579465 13.89323
11.3441 12.87633 14.40723 16.98802 9.206256
12.77593 14.16311 14.31487 11.90493 17.13506
16.0282 12.02342 11.98722 16.48428 24
15.06021 11.29604 11.72078 12.74745 11.66677
13.32673 16.92007 11.11205 18.76842 24
10.14886 13.37343 10.97675 9.08981 12.26091
9.287027 18.59821 8.547231 10.23583 18.3302
12.9338 14.62157 16.47516 10.12769 11.41402
10.98412 16.5904 11.11205 13.82435 8.688642
10.51915 15.98333 11.08028 11.13614 13.59792
9.41186 11.65484 13.9059 13.3425 9.783744
18.1841 21.29532 24 8.447486 18.96087
20.76234 13.66219 18.91018 19.0723 11.03686
24 19.31039 21.38024 17.98275 18.99333
24 15.54592 20.00647 19.70585 20.66715
20.34297 12.70161 19.41669 24 19.31006
12.93961 24 17.73051 16.10068 22.35258
18.45063 13.28896 24 24 20.98694
17.27298 16.49149 19.86141 24 19.11747
24 15.64571 15.76817 20.7137 16.48883
18.87405 19.23863 16.52949 24 19.40943
24 16.12067 14.68387 16.99107 13.68521
11.92589 8.490886 10.16082 10.7577 11.31795
9.472282 11.77667 11.12182 9.847277 12.41022
9.605612 9.414399 14.63624 8.716923 9.781517
11.66978 8.633955 9.086698 9.220554 10.70138
10.04055 8.68835 12.08804 10.7985 9.495159
10.61941 14.08286 9.88899 10.91686 8.590853
11.88043 11.23478 9.459191 9.122725 9.512582
