1.208157 1.217348 1.327019 1.166314 1.311565
1.366745 1.356416 1.330105 1.375706 1.078582
1.328625 1.383848 1.163939 1.352425 1.038037
1.309153 1.354049 1.282133 0.8633475 1.352542
1.379338 1.287544 1.303991 1.269034 1.384262
1.35208 1.3523 1.367232 1.00339 1.191793
1.300624 1.374576 1.191777 1.278983 1.170384
1.164938 1.368507 1.394774 1.141112 1.248588
1.391197 1.331027 1.395314 1.305085 1.393683
1.341808 1.351869 1.001145 1.233361 1.130359
1.299091 1.368234 1.363972 1.223478 1.249022
1.38737 1.228952 1.333157 1.357288 1.292124
1.136579 1.360169 1.3794 1.079738 1.387338
1.345917 1.274401 1.343349 1.200897 1.254494
1.238382 1.07845 1.311864 1.372229 1.326923
1.31433 1.360734 1.107047 1.285257 1.017966
1.331186 0.8926554 1.309138 1.175847 1.158778
1.156174 1.393515 1.272034 1.339803 1.363712
1.349255 1.150424 1.322419 1.397212 1.312256
1.076271 1.293688 1.249804 1.318644 1.327684
