5.742116 10.83086 9.550417 5.712583 7.768424
6.269625 7.560348 10.57841 11.5 10.33261
4.307337 12.48552 7.064571 16.22657 11.529
12.04721 4.781529 5.761776 5.092901 4.533538
7.989094 8.279336 7.160631 8.015567 6.613567
9.041061 10.39398 8.20929 8.280272 8.897366
11.7382 8.942899 9.667905 12.00346 6.181405
4.903796 5.022513 10.08901 11.29411 7.796897
12.61873 8.280547 5.142888 16.07975 10.22272
6.086624 14.15495 5.445966 10.48757 6.60964
12.94768 9.329244 11.03945 7.51439 4.784517
9.31049 8.83554 8.791615 5.127085 6.033922
14.58279 8.822482 4.043828 12.90347 9.967305
9.204163 8.459783 5.557536 6.522717 7.318957
5.61549 6.425145 14.37151 9.581771 5.80131
12.28244 7.651487 8.211081 7.542471 8.279519
10.86254 8.06633 5.353855 6.586067 9.755825
10.8014 12.01502 15.90093 8.305032 7.279336
7.147007 10.37122 7.346685 6.826741 7.324206
12.00385 6.256638 7.909961 8.156182 8.209379
7.390195 7.613713 5.758482 8.45969 6.581606
7.487868 4.67897 10.56235 4.223601 15.55457
13.16798 15.32836 7.99848 5.899709 14.48234
6.429058 12.54604 9.047116 9.520948 7.771806
9.012311 13.29767 9.979723 12.7665 10.63651
10.03598 8.364583 14.42098 11.46383 9.990003
8.539461 16.04166 7.400181 6.444947 9.191357
9.406224 13.31956 10.19182 11.52092 9.660275
5.706814 7.48608 9.358805 10.46993 13.38749
6.15793 7.955401 5.76391 4.942079 5.217079
5.730718 5.570842 9.076066 7.056298 6.552508
5.472166 7.404533 12.51211 7.690705 12.695
10.49325 8.024041 5.828491 5.126333 4.231176
10.25606 5.928658 4.351946 7.276693 4.353817
8.725206 6.540126 16.13867 6.746284 9.354575
6.271374 10.24404 14.88013 12.96077 4.715899
13.39576 12.35645 6.614265 6.867501 9.366154
9.017599 5.183952 14.94929 8.67433 12.09692
13.77778 9.210152 12.32465 13.55054 8.960781
5.167037 11.05423 10.49977 9.563205 4.299423
5.131196 7.760933 11.9725 8.118966 8.503867
15.58566 14.35209 7.451743 6.785391 8.914664
10.36335 9.106088 6.715032 7.119701 10.99057
10.56975 12.23066 6.660945 14.48114 9.812883
5.497005 13.0091 14.42935 13.41905 7.198802
8.247744 7.566702 5.580547 7.645366 13.22319
9.142186 6.321949 4.061006 10.43515 13.23763
8.308828 13.6965 10.74619 8.914435 16.25325
5.777539 12.33518 7.5808 14.91272 11.2512
6.323313 11.94826 8.802815 5.38018 9.031179
7.626784 4.90009 6.381236 4.053794 16.40535
6.526249 4.489488 8.489482 10.98521 7.717335
4.506424 6.715425 9.116362 6.202463 9.12821
7.463468 7.844741 6.242554 8.028408 14.06891
9.231925 9.536 6.334352 7.541098 9.9427
10.57711 6.800807 10.78266 9.740022 5.279507
4.866925 7.30754 9.548188 5.523635 12.15941
13.35568 4.968949 12.72051 4.501735 4.267372
13.74853 7.49631 12.73922 8.395348 15.33707
10.01121 10.91735 15.62537 8.751916 4.546543
8.837603 10.96539 10.61545 16.52436 12.6772
12.28027 5.539027 9.693527 8.129533 9.364921
6.406911 6.278542 6.009879 7.180103 12.24044
8.789513 4.698533 5.880021 6.258301 9.884152
8.973347 10.71215 8.50153 6.345667 10.38521
11.77789 6.292221 10.45071 12.55032 4.4024
6.200694 15.60795 4.318352 8.243663 14.27512
8.200459 4.330778 11.4778 9.653212 5.367394
7.159041 4.667518 6.811603 8.974503 8.75772
13.59791 10.45659 8.921286 9.445735 5.208826
4.246613 14.13097 4.465189 5.122727 4.499182
8.028108 7.838995 13.67601 5.047506 8.975515
13.11214 6.233868 4.965319 16.60235 5.411335
5.022182 7.11198 11.16481 9.899304 5.402392
8.822701 13.51131 12.04014 4.104337 8.896111
10.62895 7.648023 15.74675 6.193964 15.26788
12.34081 6.124079 6.1196 6.410415 8.889391
5.786601 4.154205 16.28214 9.899789 7.846921
8.84832 8.484134 7.112984 5.101787 12.34101
11.41788 5.506553 3.978511 6.297753 9.421978
7.893559 11.8321 5.900099 4.765558 6.425963
6.200365 6.916852 11.14117 10.37742 6.768842
5.225985 6.065503 12.48662 4.839414 5.996798
4.947862 7.926844 8.90491 5.869642 6.363712
6.231772 8.695634 7.653047 5.775728 9.281143
6.259998 8.568032 7.027444 6.340034 10.55068
7.421707 7.251532 4.660605 4.381936 6.432999
11.2717 5.833374 12.8464 7.93245 5.110998
7.485384 5.442081 7.488197 6.711666 8.460722
9.208244 11.63871 7.065217 4.239649 4.296371
10.60113 7.784271 7.139521 4.523637 4.387538
14.30203 5.300985 13.87492 10.17232 6.616634
11.62683 7.908139 4.062566 9.034672 12.33081
8.44065 11.42909 10.29804 5.957234 4.423782
16.14331 8.026765 12.80433 5.593796 6.761651
5.914529 10.70442 6.945739 9.487232 9.232581
8.414016 9.191816 4.215278 14.34712 8.984248
14.35887 14.19072 15.55639 9.022781 10.99202
4.999113 7.037428 10.2036 11.6821 7.341965
14.91363 6.770756 5.49278 6.339976 10.51055
8.23966 8.080351 10.31077 5.92425 7.932076
6.010328 6.705425 8.102092 8.008748 12.29546
6.961514 9.30959 8.731833 6.518956 4.827106
7.67866 10.05667 10.56765 6.312779 11.41775
7.281524 6.127108 8.085054 9.519669 10.51171
4.688472 4.37876 7.056011 7.856772 11.03297
10.21424 11.02772 8.173645 5.832995 9.876693
8.630014 10.55854 9.170163 9.299718 5.767206
7.692332 6.592784 9.532115 4.393638 4.876421
15.14192 10.75583 10.94212 5.013111 7.280848
6.893662 7.31129 4.146203 10.81783 4.703059
10.49341 8.988912 5.140893 5.465835 9.714166
8.05429 10.56449 5.298575 10.28478 11.46786
8.504426 11.14397 5.775748 9.979971 6.753182
4.745988 5.833972 4.227747 5.891048 8.905665
6.468108 9.189926 6.691593 6.404358 8.882979
6.608196 8.062623 4.114787 6.406483 14.03839
6.651475 14.41966 4.633166 8.26072 6.052394
13.15603 4.800251 4.466155 4.547957 4.731437
11.67391 8.582694 6.291493 9.612849 4.151488
4.93225 6.554953 7.440886 6.64893 7.988039
7.987905 7.461469 4.665716 8.663414 9.64367
8.298669 9.600333 10.56885 10.70522 5.012578
13.98251 6.730777 7.37436 14.20991 6.228592
10.83079 11.62321 4.917539 5.413279 5.111917
7.441262 12.62114 5.585972 16.20991 9.820957
15.82942 12.7562 5.013532 6.318256 9.029348
14.4545 9.014941 4.064278 13.43877 11.00452
9.713791 9.001614 10.55226 11.36219 9.5372
5.67524 7.430241 6.356378 10.02873 12.85495
11.87309 8.812832 9.741673 13.53981 5.633023
6.203097 4.773993 6.138411 7.589079 12.54152
6.553606 16.20724 5.636923 10.44065 8.320374
9.015915 6.028227 11.10994 7.449801 4.06374
4.022225 10.8824 7.162478 10.26236 4.139176
5.616277 13.83016 9.848353 6.166874 14.03835
8.983102 7.404972 14.06651 7.49146 6.205618
4.649791 6.241682 9.519985 7.795822 4.525519
7.51439 10.60556 6.398332 3.991356 4.230441
5.008253 12.89004 10.32795 9.612703 4.919204
12.08046 12.39354 14.28124 9.643918 12.94025
6.121936 10.09882 11.64924 6.229972 5.959499
6.641227 15.51635 9.019948 4.862398 14.94502
7.858558 9.318859 6.171456 11.3308 9.740839
15.96769 16.43743 11.3204 6.398796 8.722385
9.699146 8.952917 7.918494 7.31012 5.326098
7.48182 7.932666 9.87982 10.3292 4.69319
4.818615 11.44769 10.39323 11.91837 5.716866
6.748193 6.345315 8.768531 8.066919 9.035601
11.96414 5.814541 7.66107 6.682546 5.769652
4.034684 4.856559 5.483202 12.33523 8.056112
6.8855 5.238994 11.58819 7.614377 7.841985
6.327621 7.199119 10.95166 5.891852 5.669058
12.12775 8.895388 9.417144 6.844171 5.913789
9.502983 13.20346 5.377185 7.271599 6.683959
8.781431 4.633775 10.69549 8.109106 9.384831
5.732602 6.068579 11.20978 9.347495 6.60099
8.734694 9.840017 12.35507 7.853854 7.508279
9.198247 8.478132 4.965564 6.074645 7.601847
9.054878 7.300941 5.879372 16.44208 7.734725
13.84118 15.18628 9.55581 9.210862 10.852
10.78171 16.39257 13.05476 7.649909 5.737637
12.76828 11.86039 13.3308 11.06803 12.85382
6.047283 7.630772 10.87795 9.206121 9.421743
12.05127 11.43133 9.057559 11.31751 11.62067
16.61936 8.605327 14.22911 4.004342 10.35309
6.165809 9.170216 4.794616 13.80792 13.12701
9.008879 6.307012 14.02912 12.9349 15.55447
11.99699 6.171535 7.619651 8.29742 9.001362
8.1541 10.44208 6.013063 6.696702 4.848621
9.449328 8.378856 4.041729 7.948612 8.306395
4.84697 8.726425 8.554827 9.391938 11.02141
8.24033 6.855368 10.58986 8.924348 7.766991
9.566689 7.999208 5.889704 9.035542 5.486633
4.979928 11.28052 12.86305 10.61002 7.159454
9.699614 7.25286 8.678689 9.013659 6.654031
12.59858 7.553546 9.903732 9.006998 9.577334
9.01991 9.923861 11.2613 5.128859 8.753977
9.178868 4.895874 11.34999 11.37238 7.131056
9.457732 9.509975 7.855429 9.578251 8.554233
5.835583 11.9669 7.521447 5.693696 7.479048
6.329914 8.078708 12.82387 12.08734 9.725317
10.85522 7.254146 6.501337 12.33232 10.51013
8.220482 9.031899 13.06984 8.882503 9.438261
9.728302 9.158872 6.995695 7.975745 7.70245
11.75898 8.342147 10.44712 6.709957 14.74924
13.08307 15.52775 8.916797 8.09455 8.388725
8.300582 9.054683 5.861139 5.151696 12.06319
6.265921 11.55352 4.244696 6.44566 8.581606
5.04617 7.065883 5.651827 11.06161 6.36672
4.917915 7.831931 7.480918 5.642082 5.870274
7.894105 6.772308 6.431787 4.005152 6.370317
6.395831 6.206587 8.691299 7.287516 7.92632
7.439626 4.792111 5.609368 7.873947 4.608796
7.577626 9.447148 4.113724 5.562169 4.411112
9.372367 9.477813 6.907667 9.398646 4.321577
10.48931 9.420346 4.688264 5.591959 9.622589
11.06161 7.968668 6.465121 6.493679 9.252018
8.245524 6.545853 6.52049 10.43412 9.208281
5.928736 4.732857 9.721471 4.484262 5.123425
7.868224 6.289425 6.188643 6.988127 8.39381
6.682088 7.262752 6.137853 6.461793 7.274533
6.752443 5.074709 8.134601 7.024125 6.973487
5.941334 4.592887 9.075126 14.17596 10.14132
8.986032 14.93203 5.663404 7.274032 10.18829
9.95639 6.766988 7.769544 10.28102 8.494995
8.990385 6.221913 6.236015 6.939909 12.84206
9.307626 8.770697 6.26036 6.542549 5.1529
7.140065 4.037127 8.710986 7.267494 6.596136
7.612522 13.97184 8.772248 7.038136 6.837379
5.346292 8.661504 13.2845 6.879424 5.49039
9.576307 11.21404 7.39814 6.539449 12.3783
6.204535 15.1948 6.633797 14.03978 6.104237
9.958762 7.846864 7.813725 4.267443 6.295391
10.97497 9.375265 15.04165 16.08834 7.061429
13.58505 10.05027 10.51016 10.93621 5.725946
7.086829 6.330233 16.09846 9.170672 7.200516
9.200569 5.57903 14.23078 4.749143 6.617897
10.99155 11.91609 6.668098 11.82747 14.02653
9.270119 7.299938 8.139729 9.773386 8.850815
7.818367 6.540903 5.484147 5.520578 5.018222
7.400102 7.966028 9.226892 5.594304 5.149266
6.64751 7.804149 12.7358 12.42572 8.751094
8.152008 4.058325 10.51774 5.001742 5.213286
5.301284 5.965957 4.360394 9.740962 14.375
10.90473 9.049438 5.129142 6.921676 6.156171
11.42483 5.0046 6.705415 9.249961 14.62919
5.265982 5.152614 3.966328 6.563055 11.63827
10.50384 8.428503 4.422386 4.231735 7.003284
4.686825 12.78687 6.195963 13.89395 9.770232
7.724276 5.230964 8.5436 13.81939 11.25495
5.047175 7.753568 7.041583 8.990868 8.829266
10.47152 8.463281 7.76942 6.501255 6.558567
15.55779 4.463783 10.04808 9.013302 4.641173
8.516319 12.38164 5.678652 7.904877 13.28028
6.500856 5.024785 12.49859 4.617053 6.056214
5.633336 9.801337 14.16665 9.89102 9.11247
7.075478 5.972089 5.474561 7.615946 10.35
8.271806 7.0324 14.61234 8.338156 4.162325
10.57933 5.020578 6.775066 7.211719 5.434677
8.754836 7.17789 7.442588 15.03311 9.069386
8.602682 4.100794 7.541368 12.93741 12.44554
5.437694 7.909874 8.257195 4.75807 9.015328
15.27453 5.343606 5.675581 9.427473 10.44939
10.87393 7.027745 11.35776 4.17924 7.625031
14.72547 15.68243 9.885914 8.439697 7.987814
9.776991 15.65941 4.615792 13.15726 9.755123
10.75216 8.340889 8.106158 10.05879 8.027746
5.464295 11.75805 12.64524 5.774009 8.699219
4.995107 11.79279 9.954189 14.09321 6.766991
7.200306 7.840728 9.28841 6.868562 8.886877
8.904132 6.677958 8.223847 12.01838 7.956775
14.16894 13.01403 6.664649 8.255547 10.0338
4.046341 8.499817 9.582796 11.78175 10.75628
13.48435 8.963613 10.05423 9.384319 7.027088
14.08646 7.538981 11.02414 10.83173 4.993693
5.732519 10.33727 8.841938 14.9714 8.313944
7.441033 6.777095 6.760115 13.13442 7.442486
8.315108 9.022112 7.369015 14.3198 14.40423
8.88716 6.942445 7.36989 7.066964 13.75289
10.6528 11.11945 12.13436 6.362615 9.874678
5.555744 8.146448 10.6927 7.578378 11.36555
8.409402 6.706728 5.147488 6.057749 10.00048
11.65707 5.508143 4.182314 10.74197 8.20541
12.56451 4.86169 4.759063 14.5268 6.386218
4.874854 11.05034 4.383557 14.75275 10.36254
9.048518 9.062109 9.389514 9.241665 8.862377
4.064614 6.877622 9.098644 13.31393 7.573542
12.12914 4.92174 12.89282 4.224703 15.94329
15.77078 12.57564 6.406155 5.102142 12.76604
7.783463 7.278365 11.67558 15.26036 7.384296
16.21133 8.362386 6.453339 9.227662 14.83586
7.842803 13.70309 6.477305 10.72402 6.520167
6.046666 11.76657 12.07587 9.353103 4.755799
5.998332 9.204277 7.06573 7.436265 4.182975
7.593755 6.438814 10.67107 9.880125 6.721616
14.62318 6.407143 9.500904 12.64304 14.51077
5.209607 10.81258 10.00189 9.142497 11.85091
6.849497 9.695826 9.818358 15.60637 11.87653
11.75133 12.76984 11.1644 12.62787 8.800737
10.16767 8.357794 8.611063 10.54846 8.401118
6.443451 12.69917 15.11699 6.572734 12.05233
6.406042 6.96527 15.44808 6.962013 13.46616
5.277761 5.623067 13.8295 16.52554 9.088607
12.8737 16.08982 13.8861 15.90595 11.29966
10.72776 5.030581 10.56512 5.565598 7.169424
8.59729 12.42252 7.332035 9.623164 8.61792
16.45241 6.274774 6.533955 14.91135 13.71018
10.3733 6.550578 4.847262 13.37222 6.3218
6.147679 9.863386 8.921547 12.18397 7.413333
14.22492 8.678659 6.874966 7.766845 9.737633
10.24529 5.302723 4.512502 11.96712 7.186013
9.611984 4.890555 12.16668 6.230679 5.698659
9.773467 10.76258 4.642448 9.341687 15.34781
12.01725 9.746207 5.209316 12.88257 7.717797
12.74305 5.333421 11.54153 10.70902 11.41969
7.808521 7.980546 10.75633 5.650418 11.08296
8.821532 5.482726 8.623823 6.675939 5.208378
13.51592 8.906204 4.571845 10.36307 6.503419
6.273606 8.85962 5.094303 10.83315 8.106616
9.982053 5.791091 7.243847 11.13951 9.869628
6.126471 4.572733 10.0673 8.004607 6.826138
11.25431 6.58861 7.686475 9.878916 9.532245
12.88662 4.782405 5.072642 8.055741 12.12967
6.917664 5.667306 6.912626 11.82564 10.10978
7.542795 7.333955 8.889829 15.05339 7.998084
6.78714 9.321717 4.777004 7.074631 6.441219
10.15052 10.76896 12.32794 6.144258 9.747963
10.36454 7.268467 10.01551 12.87984 9.184787
15.15708 8.448034 12.71389 9.238886 10.00894
8.296459 6.369796 6.355791 8.923208 7.863699
4.997396 10.93939 6.855828 5.776541 7.363571
4.42561 7.228808 7.077544 9.740911 6.056392
8.320148 10.29818 6.254289 5.478302 4.331243
10.2758 7.821826 7.122913 7.551059 9.289701
5.515616 10.00936 7.368941 6.219928 9.306545
6.920997 7.464744 7.022619 7.682133 4.344532
6.189672 13.91314 7.927821 8.99971 6.112208
7.986895 8.868355 4.525209 12.41182 10.8997
8.100503 10.55765 5.222362 12.76409 11.01635
7.74183 12.93447 11.52371 13.24099 10.40194
6.789308 14.81614 6.757381 11.56687 15.4265
13.78346 6.574173 11.20088 10.38181 8.250692
15.07601 13.14747 8.649314 10.73768 9.928166
13.18495 10.42365 8.765829 9.80699 9.053906
8.87781 10.90157 12.39169 9.362028 16.35789
12.52079 7.134363 4.911799 4.851993 6.666564
9.170032 11.0077 12.58373 12.27065 5.184099
9.259907 14.75765 10.48196 11.21031 8.490717
7.149234 16.15586 7.69217 8.867866 14.95308
11.34269 9.660457 10.26459 15.63495 11.54951
13.31016 5.79129 13.27707 8.770239 10.46805
8.468021 6.816496 11.56885 16.45525 6.333064
4.019481 9.171036 8.124814 13.66523 5.609304
11.52513 16.02676 16.62917 8.816781 6.273141
7.65707 15.19959 13.78373 9.513166 5.883718
9.350654 5.661147 11.78193 6.578679 12.71339
11.65669 11.67086 16.25669 10.6432 11.12355
11.40457 12.56453 7.940906 15.53072 9.910386
7.814682 15.67074 4.152426 8.975619 5.92391
14.629 7.698652 14.89329 13.40483 15.31483
13.23271 4.170969 8.804666 8.857865 11.78111
4.861429 14.47582 6.425434 8.584501 4.545904
7.035056 8.796599 7.857018 6.214734 8.448654
7.899655 6.048711 8.60071 6.826695 9.102844
12.60369 13.64742 4.140119 11.99502 4.500061
4.835099 10.1315 5.43068 9.001706 9.443095
10.8289 6.620012 9.308267 5.569577 6.211842
12.67769 5.698691 13.07328 7.444664 4.319176
11.32921 16.61585 4.211124 7.605473 9.031904
5.273749 5.108376 4.959983 11.07383 14.83888
9.950686 8.247859 5.464827 14.51068 5.793277
6.450968 5.127007 8.803527 7.03009 6.002085
8.494714 7.927879 10.61911 14.3671 4.244136
14.50595 4.828077 6.009538 13.12678 6.612609
5.625056 4.753507 10.3629 9.695557 16.09949
7.38452 7.420432 5.708508 9.976203 15.31665
6.377385 15.67242 16.23137 9.129441 8.978371
4.423417 8.593387 6.37016 6.441025 12.16477
10.40411 11.18782 15.2062 4.584974 9.434279
9.824641 11.95888 11.12652 15.42271 4.630401
13.14932 6.053384 6.069085 8.392495 9.832573
4.748149 14.08058 11.99887 9.661308 14.50073
14.61859 12.11012 13.44707 14.81563 15.72379
8.280816 13.41813 6.686836 10.49174 12.09189
9.748784 12.07071 4.929066 10.55689 9.870001
12.70466 11.87157 6.612593 7.250768 11.39719
9.062048 12.74848 15.22319 5.16473 8.103968
8.971295 8.708877 7.612691 9.856931 12.88113
11.89593 12.75238 7.854072 9.26391 12.85718
13.04391 8.513452 7.362861 15.92548 10.80163
5.654547 16.51852 9.285585 10.39554 10.01
12.57794 14.07471 11.84067 9.404291 9.55267
4.46498 15.92419 6.421771 12.10664 15.26943
7.351735 4.448691 11.51483 11.58375 10.34676
8.773019 14.25558 12.70665 7.06574 10.17838
12.12291 11.8806 7.507707 11.88243 10.69763
16.13968 11.9005 15.49114 13.33679 15.40918
10.08535 6.075459 15.44917 10.84734 5.666989
8.413953 16.44158 12.67266 12.98673 8.320008
14.30394 9.909373 16.33727 16.71693 11.59721
11.90701 16.32711 10.61035 10.27738 14.29861
4.423464 12.0105 11.41779 9.90728 14.27058
5.242289 4.645115 14.23688 13.92096 5.195116
7.536208 16.45522 7.842517 8.187781 6.389415
9.639452 9.747126 11.87041 14.82712 5.430034
5.068882 13.31432 7.024894 14.96246 8.986874
15.01349 4.478815 12.58742 10.91232 9.706763
12.97356 5.0046 9.636281 11.51144 15.90936
11.14351 9.469142 9.669065 8.783948 12.35606
16.41336 13.05771 9.666724 11.52169 9.414015
14.1074 13.60918 12.00728 5.157536 9.408134
6.29816 7.298855 8.305062 6.373918 8.337951
10.41465 5.328596 8.608171 6.278072 8.49991
12.06173 9.070188 8.985121 6.890521 8.462829
10.04415 7.870532 11.05739 13.08987 7.26288
10.64893 6.745173 4.95367 7.826579 11.28968
9.246126 8.189989 7.183597 7.748137 6.435936
7.469408 6.708484 3.99896 8.779125 6.253419
10.26921 9.961071 9.352063 6.172122 10.37276
7.513568 9.721123 5.128668 9.586862 7.82693
5.959295 8.496868 8.690926 6.755678 7.52988
10.73911 10.72568 6.336725 6.651031 5.442898
12.40011 6.041618 6.350998 7.756217 7.371125
8.547109 8.197795 5.622821 8.33883 5.030177
7.014828 5.604824 8.138671 8.75518 5.69614
11.68935 9.20039 4.554709 8.664561 9.151511
7.123033 7.473269 6.686979 9.757495 8.387684
4.776527 9.113834 14.68372 4.315407 5.010269
11.99018 10.781 6.012001 5.995456 9.055377
5.441818 13.02663 13.89083 7.679813 6.758022
5.775403 11.35085 7.549262 4.511769 6.449961
5.311032 8.065122 6.764692 6.951908 5.546164
8.622796 6.2813 5.895753 4.392498 8.605024
4.132801 5.176162 5.980371 4.657459 5.012302
4.389501 4.714946 5.819603 11.17529 11.79291
11.62281 5.907648 11.67007 7.781415 4.590843
8.77302 13.23627 9.130038 8.623251 8.501782
8.543517 8.947155 4.154237 11.61475 8.419884
11.54178 6.389772 7.832085 7.82507 9.454749
5.111189 6.809526 6.056897 9.49945 4.769358
7.576062 14.0039 16.01857 8.887755 6.079253
4.251694 5.840172 11.39969 11.95478 5.071624
4.925685 8.046804 7.847489 6.135277 7.380591
8.408721 10.75761 11.64078 6.359063 10.82302
9.61171 11.00686 13.00304 6.24619 8.46156
8.138213 15.05665 12.65966 9.586337 5.585805
6.820583 11.85921 9.367275 5.30831 11.22792
4.545425 10.29528 11.73378 9.481873 4.631684
6.5927 10.15117 4.31201 9.63756 5.958672
4.023052 7.015168 7.98518 6.806458 4.13897
10.99639 7.611601 4.911906 9.634457 8.46657
7.827142 4.687359 6.516668 11.42038 11.52284
8.722661 11.27367 12.8592 6.227114 8.51493
5.540908 12.67172 5.823659 5.115684 12.999
4.914354 7.167038 15.40664 8.248829 7.371217
8.25135 16.11629 9.735893 8.438257 12.11298
11.1153 8.293898 6.843316 9.883129 12.34082
12.83476 7.042996 8.393395 9.525861 9.068913
12.07183 9.001142 7.951262 7.042231 12.3933
10.03264 11.66644 12.80303 7.08572 7.65188
7.49369 10.66835 5.859176 8.404809 5.809973
9.397788 6.476219 12.57596 9.10524 10.9338
13.98536 7.404569 7.350803 6.755808 12.36635
6.692767 8.902272 15.95418 7.689436 4.28706
5.724235 10.80399 13.99556 13.50422 7.911134
5.960425 11.66472 5.343461 7.134335 9.275836
7.738805 13.67486 13.65521 8.160011 10.36378
14.94716 9.631296 11.78687 12.32014 12.76694
6.267392 6.286779 14.9628 8.497126 8.464452
12.38538 13.4549 7.533825 15.09587 6.411558
11.19341 11.74232 14.63243 8.917041 7.387474
15.73087 6.533169 6.597736 10.07879 5.398491
8.008734 6.934945 10.71241 4.088548 7.648446
7.40995 11.17257 6.283269 11.26375 5.980048
5.090141 6.845939 15.32687 10.14982 8.710686
10.78575 8.480996 4.88313 7.842658 6.946586
8.401706 5.86437 14.12802 8.981047 7.519817
15.37365 8.615792 4.776343 12.00762 7.846513
11.47962 5.646563 9.097165 4.455984 13.23008
10.31097 12.55746 7.074535 11.43454 9.728059
8.252658 5.31963 6.253477 7.75597 13.01844
14.17169 5.730347 8.797468 8.650417 5.78072
4.054692 8.809788 7.687189 6.170632 7.358147
11.24904 5.752031 11.60061 7.028728 8.002458
9.454994 8.060983 9.30879 8.422988 4.321697
7.379268 9.865949 13.013 9.49119 9.658572
11.28678 14.79804 12.93086 4.60973 6.397678
6.16531 13.83725 4.665423 8.034329 7.150131
14.31521 9.873241 8.112521 5.345629 12.49281
13.45153 9.370107 15.92368 7.125375 11.58075
11.54217 5.053176 8.329563 8.7797 10.85218
5.5291 14.52112 9.101386 7.921445 14.05174
12.31291 7.525571 5.194216 7.740659 14.70642
7.576035 8.39752 4.460088 12.21116 8.593918
8.538915 12.49605 6.277014 5.510571 9.516795
7.524036 8.582219 11.01513 11.58726 10.52945
5.114034 6.647168 15.89205 7.987574 12.50822
6.504488 10.82925 7.491126 14.86864 9.809747
10.54409 7.944623 12.54901 8.785061 6.454414
5.363082 12.698 13.40237 9.24805 13.25597
10.3418 5.480327 5.563526 8.229314 12.32143
9.791784 10.38591 7.200364 11.3593 6.829156
8.36246 12.99967 6.83728 10.93688 5.412473
8.007548 4.249966 12.06602 5.23156 11.3732
4.650229 13.03361 13.71185 5.670206 4.390729
8.844777 12.94654 9.292388 4.691744 13.34562
8.767152 15.61157 4.841995 5.510446 5.037577
4.107871 7.799607 15.33318 4.877592 11.21784
7.928396 6.518364 8.896303 9.004166 16.51061
12.16627 11.9287 11.78636 14.55539 5.405175
6.258601 6.429221 11.23459 5.589234 7.528797
4.165901 6.391867 5.672283 10.779 8.83201
4.341565 12.39954 7.187238 6.592054 11.2813
8.233743 10.5804 4.26317 15.2446 6.528728
12.24908 14.08209 9.257306 4.505756 11.07753
8.361275 11.02376 6.488928 7.720367 10.88567
9.012506 6.296641 9.625071 11.66708 13.34745
11.42567 14.90997 7.708795 9.626354 6.030045
7.607654 6.901623 6.105459 14.78336 4.2747
8.406769 6.167904 14.15709 6.563703 10.38269
7.134075 5.410502 8.894578 4.256694 5.353652
7.727848 7.159584 7.068375 11.55209 4.672088
11.05734 5.163991 9.265691 10.86079 8.551958
6.930947 5.196482 7.536941 11.88758 5.601465
13.37499 9.718758 5.77718 10.14784 11.74033
11.88434 10.54827 10.43554 9.775021 13.35973
9.467408 5.638752 9.743463 9.404212 8.740922
8.459466 13.73138 9.833215 8.549658 6.407828
4.409775 5.12414 4.886847 4.945572 4.531222
7.869155 12.92014 7.210794 10.94242 12.31251
7.841657 15.84352 13.7968 6.67259 7.516832
12.51284 9.79269 12.18968 10.80112 8.227472
8.517051 9.441101 9.251471 10.18835 5.271977
14.44207 12.47628 9.299032 9.598402 7.479325
11.44679 7.917539 9.629062 11.63225 9.533726
14.49044 4.195454 8.9937 9.917978 8.901696
10.02963 9.158655 5.892205 9.465782 6.027268
15.18492 8.174319 5.877993 13.16085 4.972617
15.39506 10.02922 14.69169 11.31583 11.91987
11.62601 4.691285 7.715456 9.005639 12.47156
7.532136 4.30096 8.910181 14.45312 14.1322
6.652735 11.83601 8.230591 6.09718 14.12651
10.56117 11.48956 7.019175 15.9847 10.42965
10.56969 10.31332 4.374523 6.682385 9.024023
4.781904 13.37336 4.67832 7.403808 5.635008
9.412555 11.94053 9.490831 4.567387 4.815163
8.678454 11.62711 6.709527 8.280367 10.43277
7.421171 6.555863 6.13207 9.224592 5.545834
7.085994 6.17443 11.95094 10.26038 4.351817
12.98156 11.33548 14.40355 6.291512 6.046767
9.334087 6.010074 10.9671 9.816729 6.066387
4.525178 9.128352 8.692613 6.098055 10.64825
15.89982 15.1366 10.72874 10.33891 5.962685
6.755157 9.361088 12.96846 12.86818 8.215499
7.62211 13.69594 10.8528 8.618924 16.42928
16.10032 13.55917 12.45696 10.95253 11.77455
10.42638 16.1651 11.24982 4.655514 7.797761
7.711946 13.60697 8.904085 8.165714 5.898001
12.73215 14.81666 13.26287 13.03354 13.37411
8.233781 10.13485 14.13688 16.38623 16.07921
12.61283 14.4682 13.678 8.760662 7.560988
4.7678 7.015168 14.2364 8.005557 15.21022
5.3907 4.149635 4.518349 11.15924 10.69805
4.772612 13.16638 6.2523 6.787471 13.44083
4.254026 12.05552 8.591805 11.6996 6.079508
13.7429 4.50447 6.759242 10.66269 5.166377
9.161265 6.831464 8.57391 8.90684 9.019859
5.02783 5.753543 4.762783 11.66265 11.24036
6.434391 10.04782 4.95416 7.260862 10.03458
12.9133 5.110945 6.768855 6.253463 12.47868
10.91138 6.575348 9.883646 4.399985 6.68253
4.468439 9.370273 12.60407 14.79492 7.239757
4.806294 9.705292 3.966783 15.02232 5.021317
7.989368 6.967646 12.72356 6.896224 8.390129
9.662645 12.72363 11.86994 8.105053 13.32572
9.022969 8.880672 10.7854 10.64132 7.643386
14.88814 10.76391 5.604069 13.69182 5.256664
5.27089 7.80074 5.300506 9.641324 7.543582
13.43523 12.51656 6.045273 12.51688 7.63175
6.774256 10.32024 7.059442 10.32334 13.47606
7.419596 7.563232 10.6344 14.31029 6.906798
12.75503 10.6197 12.41616 7.538918 4.153278
11.45385 5.099787 9.616461 13.30171 7.833107
6.008173 7.029595 9.78639 7.903326 6.308291
6.148636 5.228978 8.051885 5.248429 6.610395
14.65531 13.22102 6.202471 7.096099 4.210832
4.303303 8.928671 9.100619 9.898107 12.65
7.070318 10.65565 9.159183 12.18748 7.066375
5.522305 5.188182 6.764962 10.43632 12.47404
6.062174 7.308069 9.73107 7.533475 15.75209
5.609723 6.369871 8.454719 6.619383 7.245037
7.557917 5.86425 9.440135 11.21179 9.592163
11.63848 11.59246 11.07273 12.2431 7.205552
10.74073 6.732505 6.125212 7.115017 7.57528
8.505364 7.168679 9.427346 10.13628 5.78237
8.07928 6.95576 16.32245 5.180084 9.682419
12.00576 7.985287 7.390872 8.385286 12.72843
8.416289 10.66155 7.465873 8.021363 6.063496
8.026107 7.644019 11.04008 12.09791 13.11717
9.480086 10.75043 8.610809 6.988555 7.183112
5.370752 13.46038 6.465689 4.41894 6.533969
8.455343 10.09774 6.989641 13.48954 6.26449
10.70057 5.148558 14.04628 12.11983 8.55279
9.89615 8.576252 9.648289 7.542062 14.92143
4.021198 11.52491 7.436889 11.75876 7.448642
14.45556 4.110287 13.66633 10.05059 11.94376
12.075 12.84539 7.386931 9.377706 6.944685
9.281842 5.864356 11.37368 10.5697 12.11073
6.783893 12.85512 6.993537 11.79123 9.757865
12.44698 13.66773 4.459284 5.433243 7.464095
12.55013 7.235907 9.638905 14.51402 11.95338
15.87514 15.85741 6.837473 14.97063 10.18364
6.259401 12.16421 7.626611 4.030341 12.20537
14.73157 11.13051 8.4926 10.87418 12.06614
4.082193 7.382378 10.9944 5.011124 8.360594
9.090522 11.83713 8.165393 9.927474 13.64737
11.1908 5.685459 4.755799 12.48446 8.116436
11.38056 5.3791 11.50108 5.496042 6.385287
11.56554 10.97033 12.05919 13.94516 15.20125
14.19791 10.70018 13.58998 5.113515 11.69478
8.648959 9.636674 7.214599 13.06373 11.12795
9.410157 10.57748 5.251645 5.682551 10.79896
5.123776 10.37881 11.19087 14.87225 10.31781
8.261969 5.114375 4.643516 6.982331 12.48596
11.67447 10.05212 5.670701 9.296481 8.116473
10.93388 8.575684 7.207282 6.0036 10.49224
12.17901 7.846181 5.723104 6.487222 11.6725
5.228145 7.815014 7.854224 8.166961 5.217263
5.779437 5.884892 11.52369 9.522524 12.21947
7.241891 5.289358 7.613876 9.532312 6.472914
8.901154 6.932802 8.641833 13.77015 9.390639
9.904007 5.308791 5.968243 13.4212 4.332442
6.005413 10.33031 8.419696 10.55481 5.458945
10.18819 4.81339 8.033066 5.915736 7.354343
6.55796 5.826281 6.54697 4.483869 5.029326
15.24725 10.24024 4.72385 8.902621 11.37123
5.012087 8.11089 6.224384 8.7284 11.92503
4.699997 9.280273 8.475494 5.271453 10.31563
13.25581 5.867613 8.06292 10.2023 6.065085
10.12902 4.855824 8.125562 11.86075 10.75639
5.584749 11.9246 12.48073 7.107842 7.744539
6.09715 9.853431 10.83936 4.677518 13.30502
12.0023 5.8655 10.61931 4.774073 5.647211
7.031551 8.208954 7.109282 4.236908 5.714942
11.15557 4.700671 6.512683 11.81068 14.87032
5.993039 9.569903 7.795412 15.17654 9.610925
9.470764 15.99233 13.33191 10.93277 6.880838
5.750291 8.272196 15.525 6.136341 15.32802
10.25436 9.232658 5.627131 6.15004 11.90622
6.090925 4.136896 8.51156 7.500435 8.561085
3.995632 9.751323 7.753905 8.953211 8.35957
6.998608 11.02946 14.95871 5.779966 6.951249
4.853777 6.855726 8.598313 3.977923 8.001731
6.738108 7.818973 9.999664 7.956548 6.076814
8.428507 5.750556 6.252801 4.219716 5.585817
4.054521 4.037825 5.092022 8.383623 4.083931
14.19122 6.535322 4.045694 5.710702 3.995795
7.108544 6.946974 3.979182 12.71434 7.220854
11.46829 9.962049 10.55609 6.29275 11.73541
9.763693 7.288395 4.941703 8.258968 6.850292
9.073695 11.29746 12.71417 13.3089 5.804119
7.875443 7.583765 8.453136 6.041209 5.604076
4.040048 9.307224 7.614515 10.7806 12.0549
7.751728 10.19758 6.879062 7.230887 11.19999
12.17867 12.27319 6.232085 12.69885 6.741631
13.17672 9.040117 9.855 12.45609 4.760686
8.472258 8.040511 11.66401 7.527325 9.605927
14.78502 6.282943 14.44873 7.629077 10.6815
12.40406 9.728403 16.42097 10.43792 10.43308
10.40199 12.28558 5.185394 15.16053 6.473934
10.2655 16.00844 11.74795 12.65495 8.046397
7.040706 12.35502 7.328863 14.77181 5.280822
14.03177 8.956813 8.290918 15.45319 9.168256
7.260211 7.881823 15.22005 12.41468 6.348122
13.83728 10.73582 13.43813 7.001045 12.53502
8.743433 11.88201 5.518218 13.00027 6.002103
5.264599 6.228769 11.7173 14.27772 12.8477
8.280764 8.591384 7.927481 8.499871 11.17611
14.73115 12.4583 9.38631 10.27233 14.06113
15.33548 9.466787 10.70646 13.64096 4.955868
9.266904 4.756141 10.46467 6.37245 16.26576
8.341852 10.88674 8.837617 11.35575 14.25705
11.51635 7.357878 12.15972 16.62386 6.963536
13.43913 8.999665 15.78288 7.863419 14.76979
13.79087 11.79413 9.437852 11.02722 13.33583
10.13843 5.338914 8.403445 5.42655 11.79276
15.70021 7.713865 4.921205 12.13719 15.47153
9.378686 8.547828 10.52883 4.662135 4.926482
8.831101 8.193609 6.826254 14.87056 5.811558
10.79514 6.973103 6.961466 7.904195 4.031477
10.13045 5.416323 10.43863 6.899508 4.088313
13.19556 6.934773 10.79861 12.24861 9.387886
10.63296 9.438675 11.74792 4.169816 4.372285
4.7998 6.946416 9.857956 5.678711 4.740366
7.612838 7.08846 9.96917 9.910949 16.43179
16.13973 12.0289 8.714293 12.68092 7.620928
6.966613 12.67603 7.733137 11.37753 9.71243
10.03865 6.066624 12.02601 7.528906 6.945679
7.267054 7.998683 4.260846 8.961945 8.469312
7.769423 11.21366 4.224201 6.738582 15.95345
8.253977 10.03926 11.69182 8.200906 7.078292
15.23384 5.870181 7.347346 5.350616 7.76021
6.430664 9.907119 8.381757 7.394134 4.641075
5.166638 10.92873 12.47337 13.84507 8.899634
4.055519 10.58373 8.321421 8.463064 14.3477
10.82497 5.469916 11.65511 8.829721 9.254795
6.881331 11.00308 7.582189 9.876075 7.083139
10.1994 7.03122 4.112513 7.427918 8.381325
4.095297 8.361108 4.516352 10.94602 6.057021
14.70021 7.516351 8.400677 12.55873 6.318713
5.529099 8.149235 12.31742 14.94825 9.619922
7.556302 10.75604 14.43054 5.362981 8.219333
14.72249 5.394922 5.83251 9.514919 9.481808
11.72584 12.15135 6.465028 16.70483 13.71456
9.157962 12.42656 9.900006 9.91186 9.851587
6.136282 14.83529 13.18669 6.102181 15.56483
15.4273 9.087118 8.161908 4.004343 13.07478
6.169833 4.767312 6.381877 4.751285 7.487173
7.256295 4.8171 11.85836 4.50192 6.751234
5.891743 4.996633 9.40253 6.144565 4.369738
5.782214 10.73424 5.22932 5.959635 10.57272
8.769322 9.334871 5.831916 10.94786 6.938511
12.2597 7.521931 13.83099 13.55423 5.170322
5.912708 6.221487 4.465556 9.772771 6.433828
11.77453 8.375833 11.31141 8.01776 6.535279
6.676585 8.997769 5.900641 13.2742 7.756394
4.805122 13.56928 6.011741 5.965566 8.54541
6.061026 8.351203 7.181974 12.06299 5.177374
4.522167 8.083365 6.096493 8.629529 7.406484
6.506207 5.480333 7.831804 7.764495 7.52491
15.61997 5.090676 8.092629 11.88848 5.078194
11.2775 7.443517 5.216391 5.19098 9.744999
6.101542 12.59896 9.313694 7.86814 13.75345
6.709026 5.602428 6.357778 6.562752 6.431845
4.046576 6.483984 7.72867 6.638812 7.743473
14.18056 7.648881 5.388625 4.372635 6.057716
8.536261 12.83956 4.109751 12.03065 6.693918
12.1781 8.261021 4.55866 6.49344 7.310298
14.37857 6.336811 7.563763 11.7779 6.003021
8.771396 8.298678 6.70874 7.941385 5.372877
8.001346 4.641149 5.393877 9.69174 13.66155
8.124762 5.241983 5.998982 5.775235 4.486339
15.23552 7.960337 10.70303 13.90998 12.63864
6.031961 4.6319 7.212527 8.037349 7.255763
4.4828 9.514085 9.262352 14.69567 11.23975
8.443566 13.69065 7.350701 7.651332 8.643543
8.573069 14.80472 6.40545 13.74301 6.059856
11.39219 11.61948 12.81444 9.552333 12.02874
15.29857 10.39626 10.30734 13.50024 10.55795
9.60994 15.19729 12.23218 10.49096 11.88589
8.912702 6.700427 14.75582 12.87864 8.800249
7.567657 9.910848 14.57632 5.611554 7.668292
7.903728 9.308589 5.857753 11.15493 5.531006
5.758235 6.762051 7.383136 10.4113 11.94779
9.191649 11.37818 6.872519 8.664328 7.792131
8.533066 8.774067 9.454604 10.57981 10.45741
7.120559 6.968594 5.829317 9.025492 14.52835
13.7947 9.000191 14.76941 4.970511 5.884925
6.124252 15.16819 7.634629 7.344624 13.70939
5.643433 11.41116 12.80104 8.3694 5.265962
4.253276 12.85879 14.41974 8.238232 7.200636
13.06525 6.077573 6.90664 15.74938 10.73366
11.87055 16.29308 8.043142 4.915319 8.516028
16.46297 6.936189 11.87055 5.527781 4.617414
4.118592 11.27288 5.882389 9.386926 9.493926
15.78153 11.62518 11.03354 8.57391 5.159448
11.95119 11.09552 11.84913 11.49635 6.340451
6.855146 16.62315 11.84625 4.344382 10.96356
11.15579 5.888481 4.009378 13.24032 10.14857
6.161838 6.69123 10.74025 7.319665 5.098733
7.708069 5.42864 12.56229 11.30319 4.461395
4.814741 6.137033 4.406418 4.019607 9.767228
4.772028 12.69749 4.006905 10.20611 7.045848
5.026131 10.09281 6.373674 8.619506 12.28947
12.59479 7.848555 6.65283 11.29804 7.01111
10.80846 9.22359 13.57217 10.47945 12.90298
5.156711 10.3038 9.324951 5.601214 7.772838
9.707436 7.424592 5.072722 6.168169 8.030535
10.64557 10.17218 12.21445 13.11252 11.28028
7.028146 5.911225 10.46794 10.67148 9.939615
13.6023 10.34062 6.30892 12.67985 6.535268
12.021 10.03919 8.552833 10.78574 9.336911
12.5107 13.39036 6.037088 8.4199 16.49325
12.10817 9.378402 7.506515 7.368561 9.505281
10.2387 8.401307 10.74956 13.83728 6.148224
6.769952 8.528295 9.923796 10.90301 12.82434
10.79191 10.71773 6.72804 12.34199 6.369785
6.53323 8.801459 7.758285 13.31116 9.671182
11.7712 14.02926 6.75006 6.714222 5.642552
9.279655 7.122186 5.667905 7.519081 6.106665
9.040982 12.29536 7.758807 7.635319 12.58848
12.06916 11.4379 6.178979 10.61039 7.116581
8.560442 11.09063 9.120128 9.344483 4.822671
5.028711 5.915819 8.009518 12.74751 7.011541
9.698398 8.54311 8.393535 8.712258 9.592338
9.674239 9.928171 7.752689 11.91512 8.403407
9.986729 11.65584 4.633414 11.82814 6.387184
9.607049 8.624143 13.39273 5.59051 6.561941
6.215017 11.42652 5.060551 12.35576 4.448007
8.172775 5.242402 7.571166 10.1496 9.664318
5.878384 6.881107 6.138459 4.743832 14.02433
6.181802 10.23504 4.019105 6.76135 6.994401
8.929811 7.498518 8.965893 9.383023 7.065367
8.889462 8.106838 12.23344 6.594369 12.06529
13.34968 9.929561 10.14992 14.63737 5.143579
10.46052 9.878333 9.024755 12.57179 7.227643
5.162801 9.526019 13.38281 8.644132 7.539597
9.071457 6.922121 4.761777 6.813026 11.19688
8.875677 8.675112 13.05535 6.278882 11.62304
13.54343 9.050816 14.83531 12.13952 5.972825
5.964108 11.41237 10.97837 11.55311 11.49958
8.263622 15.24663 9.242257 11.38146 4.14985
10.51352 5.089731 9.786325 10.93772 13.57984
7.023527 5.290554 4.155082 7.677565 14.65936
7.842199 5.353918 6.884547 4.475117 6.74244
15.65302 12.57295 16.35223 10.15168 10.35338
4.841411 12.69768 9.08858 11.20676 8.890559
14.46285 13.13721 8.559818 8.26182 4.463811
13.53129 15.21139 10.39325 9.853844 7.955605
9.40326 11.56364 12.54004 5.340234 9.338719
8.417564 9.388255 4.959579 11.49247 7.497174
13.37851 11.11285 13.42266 12.98812 9.930958
11.78799 7.108456 13.88017 5.53278 5.605428
5.251922 9.318195 5.762559 5.203613 10.52555
6.125482 15.83048 9.361003 5.657154 12.9776
6.263398 5.7528 10.39698 5.71074 12.42184
7.778922 9.99877 4.8595 9.250456 10.09369
9.125364 4.451881 4.512335 9.252301 7.587885
15.62717 7.509681 11.72821 5.440641 13.42638
7.334598 6.910689 13.11671 4.354912 5.178068
13.24364 10.43587 13.68202 14.99387 13.74074
7.415304 12.27485 13.22901 16.03877 6.603435
6.869846 13.12031 4.339153 13.49553 9.114574
14.75482 5.476572 9.212472 11.74981 10.883
7.320019 16.06267 12.38329 5.879556 13.32505
8.991077 5.082486 10.9857 6.017224 9.595006
6.251654 9.067133 7.637594 10.2114 13.98389
8.165837 8.845356 9.29926 6.429663 5.708503
12.77745 13.81924 5.887863 15.35125 12.64041
10.33813 14.94227 7.248395 11.77117 7.37689
7.702503 13.15977 16.52982 16.62491 9.441394
12.52157 6.209864 6.786324 14.28307 13.03444
9.480483 10.69721 7.668497 12.46784 11.18313
11.58214 15.48873 12.11829 13.2063 8.976769
5.562974 5.201012 13.69043 15.9745 14.04083
5.888521 16.06678 11.50736 11.35967 7.285525
10.08073 4.527874 7.647939 8.845068 8.92735
11.95241 7.045617 8.933436 7.073459 13.99798
10.0007 7.019699 5.049107 16.03151 8.379488
7.971322 12.07691 10.39654 9.895167 9.010709
14.88605 7.085356 5.822561 9.006866 6.626058
6.4241 13.92316 5.651313 4.757615 8.108436
6.389203 4.088204 8.839973 5.687846 8.219007
5.072499 8.61054 8.551493 9.165375 8.064752
7.676772 7.585081 13.13799 5.801179 7.649338
7.891052 15.525 5.82729 5.577596 5.132711
11.14585 7.975822 12.0957 7.905154 11.36982
6.248516 4.283756 9.109735 9.77805 9.879463
6.207867 7.910155 6.317264 15.05162 7.48929
13.30048 6.904103 7.209291 5.681726 5.005826
13.28515 7.910155 16.04234 4.899583 8.790985
7.26289 8.411428 6.290688 9.013032 4.589429
10.29804 6.178343 10.18592 8.775161 8.274493
4.278886 13.41732 8.644393 7.145293 8.245032
7.859428 7.08533 7.316837 6.117659 12.39905
7.417638 10.81768 10.16546 12.22386 11.20828
8.586617 10.51615 5.99426 12.8655 4.710513
5.99872 7.252922 6.756852 6.053467 8.885705
11.95108 5.712151 12.40044 8.542645 9.13107
8.881362 11.93499 9.225059 10.01773 8.798044
6.862742 5.286617 8.556852 11.15941 4.306041
7.4736 9.171566 5.056246 7.082248 9.746414
5.871042 6.392658 12.96302 4.728339 6.490986
9.457277 9.882285 10.79739 11.46406 8.837938
13.3925 9.596709 7.241615 9.07466 11.62855
6.763769 8.622498 10.12919 11.64547 7.155701
5.857971 8.940979 13.14195 9.65858 12.12796
5.168883 9.728338 6.484213 11.14463 7.570254
8.208784 6.306471 7.114568 8.470217 9.450536
5.370768 9.380888 8.581617 15.78704 12.00605
6.456782 12.4687 8.003808 6.308317 7.954882
7.39819 13.87418 7.63363 5.594848 11.21098
11.51956 9.874175 11.42249 10.21485 7.971921
6.12929 14.59812 8.581617 10.87228 5.182406
7.642259 11.26021 6.885886 6.317629 8.856105
4.081255 5.336166 11.07154 11.4182 5.177044
12.32983 15.35874 10.78337 4.031758 12.80977
11.86973 8.479736 9.868602 10.04558 9.370092
11.78511 12.29062 14.26075 15.94116 16.58161
14.71464 7.638664 9.226449 12.6403 16.42856
12.2994 8.272323 13.54185 8.540871 14.20147
11.34961 16.36547 13.69071 12.7927 9.025623
11.11502 11.64937 7.762835 10.79549 12.06654
10.31661 14.94195 12.96419 15.99256 15.69819
13.86059 12.43372 9.108042 12.71274 12.15016
14.5867 10.44609 9.276344 5.55209 13.42867
8.242323 9.067766 11.91936 12.53397 10.36079
8.173892 7.348565 7.757156 6.405822 6.870317
5.730291 10.75131 8.939748 5.989684 9.335475
9.175807 5.893096 14.59604 5.042243 6.464003
8.873523 5.794364 8.672619 6.085514 9.306954
7.625376 5.696475 7.666502 6.738358 4.801365
7.941262 13.35625 5.378607 9.668092 6.808842
8.801591 7.826118 4.120553 7.107432 6.778507
