1.045093 1.142901 1.604658 0.8021086 8.493576
2.077831 2.295856 1.02068 0.6090732 3.542109
1.721861 3.695655 0.4586028 6.732425 4.218823
2.911501 2.511783 1.018736 0.8102453 0.6819009
2.650674 6.368467 1.728128 4.868836 1.206042
1.774219 1.732289 0.5514622 1.863186 0.9325891
3.033856 0.7337685 5.184736 2.127127 3.701136
3.273038 7.298326 1.266186 3.744386 3.239468
0.5240681 1.287938 3.559961 0.8180218 0.8157758
6.162586 3.106905 1.291118 1.629179 2.502253
3.158744 2.864131 3.896537 2.412046 4.940029
3.350836 5.437084 1.928587 2.339765 2.176592
1.353662 6.360005 1.057624 5.929604 4.238356
0.7902018 3.704794 0.8992585 2.104812 3.806212
2.194878 2.798809 10.12254 1.34289 0.5074843
3.648645 8.07863 3.975897 0.3835856 5.539093
2.53415 1.883428 1.173245 0.8533975 1.225549
3.733481 0.6810852 1.796476 1.582878 0.6436655
3.038545 3.79225 2.314185 0.7454872 5.60552
2.550712 2.702123 0.7610016 0.5106582 3.364603
5.191865 2.872161 2.398132 2.035417 2.618055
3.827232 0.7749011 1.416962 1.184035 3.534883
4.702013 0.5761098 0.4653291 2.367523 1.870525
4.94937 1.870287 1.500972 1.61146 0.878124
6.446149 8.771126 0.8189325 0.8295997 0.8360077
2.10783 3.996046 3.000929 0.3585805 4.747483
1.356624 1.099844 2.835378 1.688763 0.7981909
8.161607 5.782373 1.123314 1.727757 0.336666
2.956738 1.398021 0.6005316 1.79508 0.9081321
2.509373 2.405819 0.7825304 0.8085705 11.29737
1.817251 6.372967 0.4997045 0.4211834 1.441676
0.7841891 0.3475423 1.434076 3.753309 0.4153131
0.3767275 1.259197 2.198487 0.5782597 1.219096
3.708334 9.777428 2.718163 0.757031 0.8697789
0.4282879 0.6608442 0.9873264 3.017898 0.9909773
1.121888 0.3396223 1.020038 1.606073 2.376131
4.506344 3.136843 4.193273 0.4362148 1.241928
4.557919 1.684898 5.273759 6.550666 2.774034
0.8301566 1.10094 2.904058 3.230184 2.29144
1.040684 0.9550242 6.265007 1.073641 1.844818
2.184654 2.276377 5.933782 1.754166 0.7619077
1.881241 1.814476 0.6642652 1.352123 0.4659896
0.8047284 5.440125 0.9384597 5.324814 3.680968
1.717133 0.7252058 1.866652 4.6904 4.817968
1.483675 9.910321 6.866723 4.56213 0.4395208
8.178063 7.150713 4.798257 5.612472 12.88347
11.28685 5.766498 6.745343 12.60871 3.708715
1.074172 4.671494 4.20281 0.4324115 5.828008
10.13691 9.978465 3.617694 2.783813 5.722086
10.46222 6.168523 0.3408021 10.069 4.281449
1.055648 12.66627 11.57375 8.115186 2.270428
0.3809969 12.10092 3.760837 1.737368 1.428343
2.345011 1.547882 3.118459 0.6614102 5.770914
4.332882 3.548057 2.041975 3.48214 3.434745
4.091521 1.136772 3.339981 2.595966 0.7996644
0.5121923 0.4636469 7.453095 1.30658 1.809474
4.346138 5.459524 3.648057 0.7286498 8.274292
3.773585 0.4433629 5.064166 0.9062687 0.6052136
2.691545 0.5368719 2.139718 0.4081741 1.488151
2.151073 0.905074 1.989217 0.7207695 6.540507
2.643155 0.3873059 1.859 0.766011 2.583827
0.7089291 1.043007 1.094093 3.931409 0.7359097
0.4553371 1.424111 9.729656 0.6430381 3.112055
3.584164 1.389569 0.4477005 9.809414 0.6135798
1.198482 5.188369 1.924613 0.4614766 3.022043
3.103322 1.395477 0.7733613 0.3411936 4.725472
7.213693 0.5310194 2.772367 1.314919 5.920196
2.068997 3.59506 1.213484 0.8079812 1.967439
6.961748 0.7243762 1.321722 8.539242 0.4100658
5.609202 3.051459 6.816775 0.7907111 3.437919
1.50712 1.509147 3.088822 10.80753 0.9342479
5.191069 2.388715 2.622613 3.67265 3.135649
0.5897921 6.22052 0.7123277 9.587473 0.3953316
1.744622 2.062254 1.095317 4.688361 9.696509
1.647137 0.5294067 2.426869 1.518951 10.19857
1.980512 1.139371 3.340914 2.260634 2.272506
12.3838 2.460128 2.738142 2.976194 2.680666
3.970518 1.633952 8.027911 0.7259137 0.561196
3.451858 7.544416 2.881067 2.732275 4.031642
3.245751 2.15724 3.566684 1.402813 1.080036
10.62674 0.9049104 0.505675 1.668578 4.610716
3.488486 0.6411995 2.04168 0.5001937 3.767633
1.774063 1.956128 5.455579 0.671288 0.5989893
6.122244 0.4657666 0.9600906 1.644191 2.625043
2.855553 1.239583 0.9173976 0.783907 0.5878167
0.5894637 0.8684537 1.234049 4.443889 5.82588
2.850347 0.5503336 2.456502 0.3739294 2.322104
6.28786 3.918562 3.16745 2.490154 1.657916
7.208484 1.316619 1.275154 0.3389838 3.534514
1.950642 0.800788 3.211573 4.014523 0.6485843
0.7407538 5.169818 0.3742737 1.054615 1.242674
0.9973977 1.840659 1.114165 1.698248 3.914847
9.701766 4.232175 2.917489 2.073874 1.909763
2.726156 0.565048 0.673916 3.917947 0.4340136
0.8288373 4.459197 2.891417 4.084906 1.58064
1.098312 1.980198 1.831149 2.794352 1.507487
2.13408 0.4061918 0.8794004 5.002151 1.770979
1.829531 0.5608565 2.280862 3.205449 2.132973
5.258684 3.428244 1.109804 0.346976 4.841635
1.203494 0.4354313 1.450459 0.9846879 1.678227
1.3156 3.004449 4.715923 3.356708 0.4735998
1.461058 0.6432233 5.546527 2.013976 0.4005316
2.883504 0.4639684 5.401555 1.643773 2.197385
1.689535 6.571812 3.987706 7.948594 6.187628
0.6533644 12.46692 11.89155 1.381063 0.8254597
4.379309 5.148271 0.5435412 4.102198 1.416089
1.567901 0.8171509 0.595413 3.044458 2.835205
1.173744 0.7351858 2.050894 1.485897 12.61692
2.117225 0.9599303 3.547758 1.829679 1.310517
0.5863373 3.113663 1.705454 0.6541947 0.7290676
3.646598 2.058248 1.999408 2.578883 2.505277
1.981288 2.053245 1.849235 0.7738177 0.4646777
1.758241 2.455945 4.246541 2.611357 3.359606
1.233315 11.01689 1.809593 5.14259 0.7367036
0.5810945 2.094203 6.068372 8.826215 5.613109
12.94965 1.161896 5.43843 1.620139 4.195091
3.943199 3.66103 2.395114 2.43315 3.935545
1.378322 1.28519 7.960984 1.41663 8.303393
3.413228 2.630635 3.067606 1.208787 6.024298
4.243028 10.70213 0.6628657 3.965333 1.969628
12.39931 2.762859 4.850892 0.5869056 1.59569
3.205937 3.397457 8.383386 0.9568289 1.070016
2.679973 8.871823 6.110506 9.931251 2.187904
10.79879 1.406052 1.855255 2.568293 4.001437
0.7635306 6.839631 1.22599 5.364208 4.163898
0.3426792 0.9552974 0.6880208 2.249099 0.5963685
6.838993 0.6356771 1.375879 8.358096 0.656336
1.554657 8.022443 0.7340733 8.56149 12.87677
7.549774 6.60643 0.4543799 1.499353 0.91785
8.700402 7.639207 1.752384 0.8193032 2.351105
2.738517 1.884611 2.836183 2.778587 5.640789
1.775401 2.635544 8.112035 1.814852 11.82972
4.798917 3.787223 1.937176 12.39992 3.580476
2.101872 2.865974 1.103049 10.57599 8.510068
2.134012 0.7612762 3.187628 1.930168 9.649205
0.6082213 5.656493 1.821926 7.046619 1.052178
3.576746 3.402972 0.6563961 4.633942 5.645804
2.269647 3.706219 1.257096 9.853484 2.784071
3.279624 1.003294 1.557243 0.9142654 6.75043
0.5055019 4.580233 1.920237 2.070599 3.084028
1.956844 8.095796 3.899138 0.8607169 3.823605
0.3321839 0.4409286 3.705392 8.432985 0.4060282
2.835097 1.681951 5.057977 5.082416 0.8712542
7.253063 2.99965 1.668998 1.975745 6.662348
3.239361 6.572285 7.239219 2.159747 3.33965
1.720677 4.536802 1.446351 0.746862 0.7277317
2.477445 0.5134209 3.622893 0.9430619 1.770327
3.951246 0.453576 0.89876 2.446126 2.894183
1.657066 2.030426 7.000291 6.396633 11.60891
3.532852 2.201802 3.025246 7.898682 0.8250122
0.7793561 2.635797 3.36075 1.183302 9.775826
6.018181 6.516266 7.895184 2.600245 3.699234
1.383357 5.620657 2.095165 0.8345943 0.9472578
2.986847 1.373012 2.834774 1.015712 1.553782
1.919536 9.662259 5.098153 10.33583 1.604884
5.322436 1.400115 2.008994 0.754977 0.9896891
4.664285 7.706569 6.814337 3.080844 3.99945
0.6737145 1.537033 2.60035 2.110312 6.125223
11.81234 0.8156729 1.724547 0.7170763 0.6421619
5.115452 4.710218 1.819443 1.190704 0.685632
6.431082 10.6246 2.362644 6.326845 0.5489256
3.036735 8.347121 1.694149 1.48189 1.029042
1.272543 4.450072 2.022461 3.679911 3.348485
1.201664 2.664588 0.4595826 3.705026 1.896347
0.9440989 0.6287318 1.65093 1.084889 1.11475
3.14748 1.644235 3.185395 1.213931 1.496144
0.8338669 0.4098824 2.328853 2.378366 4.160172
0.6432583 1.878503 6.190563 6.397229 1.127005
2.040689 5.059434 2.05003 1.89153 2.593951
1.764003 3.243303 1.334501 1.036335 11.27489
3.105612 2.758968 1.172139 0.4231017 3.870931
1.573763 5.116303 1.173356 0.8229713 0.4558128
1.379543 3.262425 2.074892 9.552119 0.5529259
0.6781546 1.229181 1.751154 0.4647309 2.022022
5.424552 2.412151 2.059173 8.871025 5.16217
1.230807 2.140726 1.416365 1.441589 3.277905
4.935222 3.365101 0.3678872 1.598767 6.572538
2.630659 3.306821 7.2766 1.55669 0.8553233
0.3781015 3.262719 2.263626 1.431017 3.418881
9.080743 3.969804 0.9357791 2.736103 2.838143
1.145167 1.796891 2.797003 1.351553 2.273548
5.234302 1.152184 11.66571 0.7479719 2.172331
2.954852 1.154885 0.4869029 12.01002 0.5752313
2.779568 5.173974 2.952719 1.30031 0.939073
11.77289 1.620698 1.407787 2.197152 1.690936
7.382073 2.065554 5.182783 2.743602 1.342701
0.6108725 0.511423 1.180215 2.879898 1.303461
1.921243 1.085464 0.5695806 5.536563 0.7493001
0.5420838 8.91035 1.192158 3.38065 0.4934097
0.3891849 3.583572 0.5718924 0.5937945 2.116142
3.761253 1.933145 7.814831 1.405397 1.843408
1.074839 3.613681 1.629176 0.5285025 0.8677042
1.336583 1.979721 4.171142 0.5803468 0.7470447
1.251596 12.38363 0.741947 2.820272 2.213596
2.152244 4.642763 2.834557 2.00369 0.456277
1.961026 4.345341 1.803088 4.98267 0.827304
2.149328 1.509974 0.8751304 5.195708 0.5665315
0.5937945 1.809765 4.435788 0.810679 2.079134
3.130272 1.953616 2.263043 5.49684 0.5388277
0.3264038 0.8722763 4.903641 0.4361677 0.6541012
1.836513 0.4979129 0.9634255 2.461236 1.226304
5.473215 1.722323 4.514304 1.795497 0.7698525
2.644235 1.073698 4.863085 4.500571 0.690802
1.880512 1.376115 3.594069 1.639076 0.7874788
1.276611 1.917922 0.6214238 0.5037176 0.3293992
2.203362 0.3884527 6.600814 2.452863 2.069748
4.087855 2.111483 1.182488 1.013126 0.7022637
1.046283 1.850904 0.976553 1.550123 0.754607
2.440821 3.067158 5.332832 0.9924343 0.9911765
1.114415 0.917417 0.5463492 1.572223 0.3538212
0.7077485 1.162229 5.816989 1.605003 0.715312
1.437837 1.705871 3.597783 4.955899 0.9101066
1.542507 4.076036 4.08318 10.67506 0.7402098
4.239721 1.560723 0.7101377 1.252492 4.91152
0.5635252 1.545997 1.281493 3.404257 1.547484
8.472723 10.59625 7.462288 8.286141 1.050718
3.768878 7.84474 7.639583 3.632146 2.858813
6.589625 1.124403 1.353942 1.460776 1.670695
0.4375123 8.337072 1.369531 0.5188497 2.769243
1.405074 3.320123 1.078087 2.397928 2.99456
1.859113 4.576433 2.292503 0.8709231 1.082817
2.771614 4.765176 3.395653 8.504504 2.161924
0.5001363 1.615544 5.543745 1.925869 2.38059
2.954512 2.585538 0.5029633 2.019726 0.4378605
1.958889 4.486938 1.461175 2.538173 1.991786
1.635054 5.051205 0.74157 2.240424 0.8487034
1.058151 0.6180866 1.818628 0.7781873 0.9218528
0.7205037 1.442829 0.424212 2.908126 5.674195
8.032119 7.985464 4.262907 2.881926 4.629628
1.381982 0.7364674 2.496874 3.971999 1.718653
7.641089 0.5166062 0.9945604 1.957052 0.4606372
0.5567439 0.4709205 5.583528 2.640633 1.946831
0.830238 1.659463 0.4125509 1.9529 1.897832
2.813263 0.6477847 0.7391311 0.5146336 4.270829
0.6839577 1.719693 3.097633 0.333696 0.995536
1.129084 1.798432 1.724037 2.853817 7.233242
4.992689 2.388006 2.166287 1.572022 3.473992
1.58058 2.283591 2.887513 2.431109 0.354179
1.177601 0.6750172 1.282838 1.067586 1.845027
1.047699 0.637866 0.996722 3.958581 1.737318
0.9092401 3.314534 0.4582395 0.4988625 0.5094392
1.61859 4.246445 2.558982 0.4870259 0.6213201
5.081424 4.473193 3.71177 1.956951 0.909198
0.5018413 3.340966 0.9654084 4.9428 11.89406
1.28783 0.9152308 0.598206 1.528945 1.589019
1.389006 7.13869 5.076928 5.54694 2.433881
1.386962 2.142018 0.9364467 1.65242 0.5555114
2.04178 1.48415 5.991426 4.128657 0.6270675
12.69012 0.6789903 3.159855 4.812163 2.587084
1.393095 1.90035 6.394861 2.542422 1.071317
3.27362 0.4837898 2.961569 1.607486 3.059522
1.806266 1.054104 6.464907 3.7781 2.562324
0.8215646 1.584534 4.45312 2.019332 2.532556
1.371829 5.010307 2.17472 1.281174 2.363315
7.507211 2.358827 0.8223461 1.13306 2.376705
1.454632 9.979106 2.663471 2.045251 0.5535028
0.9984676 0.8904808 1.065241 0.9756273 0.5669932
6.762238 8.759076 3.515625 1.385065 2.311394
0.9414471 1.1063 1.921609 0.8872303 4.808706
2.689903 0.3352763 2.532504 4.692276 3.207531
0.5084852 1.185835 3.774239 1.860947 3.013149
2.036912 4.42738 4.562924 7.558945 2.186732
3.28438 3.683431 1.321734 4.963015 2.368652
0.6188684 7.898276 1.305113 1.430923 5.150233
0.8932052 1.742322 1.156421 7.494405 0.4851168
8.659688 10.06624 1.849646 7.432546 1.400056
0.7094996 0.6231529 5.379618 1.870771 0.6622662
0.3278901 1.496507 2.761755 3.104901 2.071711
5.068234 1.350482 2.079751 2.350088 1.904442
2.042477 2.785794 1.155417 3.106446 0.7522352
0.8300771 1.637513 4.387026 1.000747 0.4568043
1.474879 3.015854 5.11618 1.807348 3.746957
0.504132 0.9238923 1.550979 0.5707988 1.607451
0.7797306 1.105257 4.757846 0.336358 0.4599783
2.188442 0.811465 1.099551 4.103399 0.9606619
2.029373 0.5063443 1.348492 0.427494 1.071035
5.795667 1.115453 0.8434461 4.316689 11.07136
1.219641 0.3638452 0.6212248 6.307955 0.4577674
0.3409959 1.368986 0.5919063 0.986723 0.4157037
0.8768038 1.499929 8.891287 3.122642 1.472615
4.967738 1.048132 3.799913 4.289916 0.6517906
3.277553 0.3978055 2.981918 1.908636 2.89431
3.937101 1.492857 12.22293 0.7879623 2.886082
1.962873 3.471588 4.358828 3.930307 1.860799
9.085947 1.182714 2.338682 12.84594 0.5884292
1.354531 0.6824999 2.639073 2.134747 2.537575
2.688157 1.043703 3.093122 1.540869 2.58649
11.29558 2.332673 1.846244 0.885851 1.469919
4.205216 2.974532 1.664246 2.520583 1.676249
1.842112 0.5387895 7.831495 0.572949 0.3929848
1.466146 3.090946 4.721592 2.404709 1.077953
4.120262 2.408843 1.254502 1.422048 2.885858
2.45876 1.890069 12.3987 0.6166619 1.242329
0.7860895 2.943418 3.475929 2.622496 1.316262
2.87129 0.3661503 0.6652875 0.3765224 0.3661895
4.903778 2.402571 3.144551 1.383285 2.987685
3.979501 7.802647 7.322816 6.513843 0.3875445
1.179284 12.51117 1.974205 3.681935 1.526764
4.581187 9.693026 0.9341745 0.9570892 3.374094
6.029824 0.8524515 5.768732 0.3639063 4.663576
1.810234 0.7363907 2.659939 0.7249125 10.27918
6.031308 0.3659025 1.427153 1.039055 1.017957
1.328507 0.8612126 0.6117893 0.715897 0.3383447
1.50229 0.6954199 1.075844 0.669995 0.7241163
0.6409925 0.3929497 1.38262 3.57916 0.5059165
1.94954 1.324795 2.987994 3.031615 1.242639
0.3862406 1.286063 2.409338 1.410311 1.19158
3.61 0.3408469 2.402203 0.7687784 0.625479
3.181376 1.06708 1.055971 1.021763 2.333954
0.4328984 2.321713 0.7384546 2.813715 1.02966
0.5726247 0.8071978 4.256193 1.30797 4.335625
3.464234 1.166174 4.972635 2.628938 1.271665
5.38036 1.29476 3.79114 2.350837 2.970957
1.211667 0.3462924 0.4547213 1.222183 2.283586
0.5012555 2.211488 1.855517 2.705637 2.521269
0.9694147 2.056094 0.6320965 2.380091 0.8868094
0.9447044 11.88298 1.382708 2.832372 3.682137
2.681745 9.597056 4.911525 9.973568 10.1214
1.619977 3.991722 7.064664 0.5266267 0.8961649
0.6009274 2.913815 0.5608731 1.116614 1.09079
3.553061 0.9008422 0.7102279 3.549387 2.375575
1.389391 1.710286 2.672432 0.6831645 2.080351
1.504465 0.3999352 2.813513 0.4714313 0.7791229
0.9875393 7.076964 0.9684403 0.3270471 2.926496
1.63174 0.75437 0.8268872 1.059534 2.980209
0.9497344 0.6485956 0.4807839 4.099972 2.332527
1.285398 1.221669 0.661625 3.072331 2.453394
2.339908 0.5013892 2.087802 0.3881629 1.243585
1.189852 1.238213 2.415143 0.9680168 0.9317621
0.835888 1.854378 0.8704197 0.4503577 4.833265
0.3346256 0.5436799 1.73005 3.407784 0.9150758
0.3689718 0.331566 1.432669 1.415545 2.959427
2.758576 1.652179 6.14272 0.3368677 2.215217
0.4001272 3.941913 1.099201 0.7332177 0.9541976
1.396016 3.564659 0.5872014 1.70956 1.172243
0.8055022 0.8687756 3.380406 0.4981257 1.605338
0.6136084 1.833226 0.3879563 2.563256 3.926758
5.928293 5.767737 0.6698691 1.624677 0.7237289
1.113595 0.9252899 1.199274 1.582563 0.4332272
1.278749 1.072737 0.7571487 1.646345 1.761864
2.229182 6.855773 0.3799092 1.817288 6.691048
1.996199 0.9795248 0.4366947 1.594444 0.8776781
1.027456 4.256122 4.851047 0.6840326 0.4591155
1.875842 4.452453 2.482057 3.634744 0.7129654
2.412684 1.34362 0.4650956 6.234697 1.371069
10.81885 0.9932399 1.907126 0.5852523 2.359726
0.4628999 1.730569 0.6927244 3.126036 1.597615
1.491461 3.712898 2.662421 2.446545 0.5380709
0.7049175 1.696616 1.832022 1.245841 0.3830821
3.040129 6.184912 0.6856836 1.093804 6.941134
3.884424 1.320358 0.9698915 1.972379 1.445155
0.9726099 0.4328863 1.018099 2.221691 2.016729
1.248618 1.129123 0.4345549 1.457586 0.381511
8.450866 1.810364 2.453758 2.157299 0.9265509
9.45005 1.044366 9.657436 0.5056114 5.052754
0.5708994 6.479326 4.309701 3.03209 1.896341
0.6649687 2.510687 1.504167 4.761529 1.694103
11.19453 0.8052224 4.293343 2.16654 6.272315
5.320076 0.3767234 0.3282638 2.889661 0.9878862
3.846753 1.916205 2.231097 1.792087 0.8997508
2.626123 4.146717 1.985729 0.475593 1.206309
7.954228 1.504506 1.624299 0.6061445 4.153733
2.084069 2.144101 1.058289 2.101188 11.53611
9.573474 1.222811 1.965537 0.4275872 0.7146666
1.432877 10.37451 3.750042 0.4898111 2.376308
2.472501 4.527706 4.111544 0.7845068 0.8122169
2.515087 1.320381 2.364613 2.421194 9.93674
1.824012 12.46101 0.3989575 2.396786 1.350937
10.6114 5.613811 4.677408 9.029199 11.45544
4.265833 9.04552 0.9721534 0.9163022 0.8067701
0.8535613 2.676935 3.62145 2.809245 3.60701
1.779889 4.831917 1.096129 2.722836 2.964791
0.7682885 1.192551 3.957062 1.12039 1.021063
0.9729006 8.225878 0.9041152 2.420973 1.853133
1.203338 1.390743 0.392437 1.927607 7.744342
0.6084953 1.522232 2.042365 0.9811698 1.454273
4.372953 3.170758 0.3873612 2.802283 0.8189646
6.917517 7.305323 1.44293 0.7262992 1.514101
5.050493 0.8068159 1.659694 1.478431 0.4485704
7.270346 1.639946 8.492381 6.369385 2.037335
11.10382 3.278921 1.865883 1.782582 3.860666
11.79009 7.188676 4.025043 3.083784 5.485632
2.492824 1.109053 10.17723 5.85687 2.536836
2.341531 2.590886 8.276405 9.035362 3.789629
0.913354 0.7686692 2.495033 1.377841 5.346245
2.543785 6.185796 6.295488 4.829592 2.445316
2.139726 2.45063 1.500774 2.913864 3.160007
5.67059 2.883104 1.769313 3.623469 10.24541
1.291196 1.069498 2.032825 5.075163 2.423381
4.910318 5.258317 1.458607 0.5251033 3.301179
1.098288 1.070829 11.81372 6.991842 1.188819
2.037258 7.633689 3.934822 1.194311 5.561517
1.981712 4.556637 7.691126 0.8698217 3.626329
2.977974 1.475289 2.163028 3.030692 1.233555
1.809286 4.851473 0.4657012 2.197297 1.211022
0.5330516 1.694685 3.21406 5.710919 1.174134
0.6443781 2.664325 4.320318 1.436265 2.096802
1.69344 3.348878 1.625592 0.3330041 2.164777
0.8235386 1.741167 0.4263718 1.640802 1.712651
4.028005 10.75514 0.5575344 4.379691 4.140736
1.129651 2.069148 1.132385 2.231196 1.470876
7.219747 1.961183 3.519348 1.174645 10.59045
5.708059 0.4339234 1.674388 9.433689 0.6831481
1.362184 2.232821 1.551725 3.791201 1.378111
1.009064 2.228216 0.5515939 0.3429584 2.284732
1.029736 2.966657 6.207717 2.364313 2.548263
1.031266 3.689255 1.299276 2.016501 0.5676979
0.8797693 4.348188 1.139135 0.3488155 3.823895
2.665883 3.580762 2.367761 2.930206 0.7682037
2.232263 2.77679 0.3424559 0.6156687 10.2638
1.655463 4.376404 12.24671 0.5933706 0.362717
3.52071 2.184492 0.603529 0.905663 0.6473433
3.473453 3.027268 1.950196 0.9412637 1.232651
1.23016 2.98729 0.6330056 1.459958 3.479997
2.557051 0.3685716 2.6184 4.255487 0.8849291
3.338225 1.918222 2.452581 3.853523 0.6144331
6.52059 0.4012154 0.9476694 1.226685 4.770418
1.140194 8.520759 7.975464 9.934966 5.776673
10.01903 2.197637 2.548374 4.819374 3.508154
2.241805 1.15556 1.213409 2.711519 3.4875
1.867545 1.391395 2.192655 1.312667 1.550674
7.816792 1.058295 1.508003 2.4321 4.144547
0.7746332 1.967816 10.08093 0.6606708 1.823274
1.889161 2.374311 0.9854629 2.64343 0.7670892
3.426916 0.9521519 3.457098 1.467836 5.693939
4.823264 1.434677 4.869337 8.701756 1.117132
5.409023 12.76545 2.357484 1.291435 0.9874678
0.6703398 1.615289 2.071147 0.8202357 2.024874
3.944416 5.419859 0.8224568 10.3407 0.629302
1.173808 2.236509 2.049884 2.809329 0.4836457
5.151866 0.3697357 1.207378 1.395089 0.793183
3.422579 2.04307 0.4922163 3.398358 0.4090643
3.003129 1.976561 2.093513 6.311584 8.393433
1.919178 1.171208 3.72653 1.073327 1.147341
0.4099314 10.04282 3.584882 0.536009 5.375606
1.124646 3.537858 2.168108 2.58359 6.671744
0.8084876 8.173241 0.6429777 4.737794 2.395828
1.524957 3.877776 0.6906501 0.8206653 1.022258
2.731875 2.646297 3.568496 0.9917215 1.316949
6.274307 1.175674 0.4004622 0.44266 0.3392959
1.899817 1.802108 2.707872 4.805874 1.912596
0.8888591 3.85335 2.591777 2.428396 0.676244
3.255479 2.150539 12.39734 2.572209 3.614912
3.37121 6.875055 3.96944 2.044523 1.360926
0.8917345 0.6660845 2.732616 1.290402 3.153261
1.92513 1.889975 0.6198812 2.908831 3.613192
0.9984048 2.183933 0.6149242 1.278811 6.716226
0.915414 8.147649 1.45159 0.7869257 0.7404158
2.296507 1.200563 0.7410223 2.339032 0.5882765
1.662777 3.675655 0.4512712 2.467509 0.4488057
0.8395557 1.034934 0.5395048 1.491419 4.190957
1.427847 0.4141418 2.651859 1.122902 1.005612
2.066735 1.519654 0.7443466 1.528967 3.614942
1.844825 0.5956101 1.327118 0.5448647 3.333075
1.949403 2.072901 1.245289 3.630672 0.8860949
3.985928 0.9520976 1.218607 1.309996 0.986946
5.787411 0.5838764 1.420667 1.291936 2.708802
0.7687776 0.4586812 0.5099911 2.395151 2.855454
2.495275 7.467397 4.317555 1.937351 2.59155
0.8998099 9.81007 0.7489485 6.199389 0.3451066
8.860698 4.929253 3.692297 4.036186 2.661071
0.3792294 0.3483803 2.172904 0.7121765 4.117778
2.492823 0.9509172 0.923762 9.544062 1.233363
4.640245 5.772235 1.126427 1.409974 12.77544
0.3437327 2.265572 2.556424 3.556137 0.3300286
4.281328 2.658894 7.424705 2.562293 3.730237
1.70158 0.9495346 0.4158699 1.509506 0.9659034
1.020302 0.3464155 1.608147 1.630749 0.8055267
1.396126 3.478798 4.781991 1.526945 3.107923
1.908509 4.224735 1.252679 7.495463 1.404339
1.920307 0.4109949 2.45835 1.026084 3.113787
0.5519213 0.6203486 5.992916 3.077097 4.311986
1.982332 4.618055 4.479191 4.571371 0.4978787
3.441527 1.138878 2.585055 1.615102 0.9505761
4.636091 0.7402701 4.839277 0.5878517 1.494068
0.4142665 3.521564 2.522351 0.4117021 2.190979
10.4086 0.5467659 2.544065 1.58749 1.471142
0.568187 11.59355 2.361626 1.353834 1.927755
1.382417 0.6096738 7.484871 2.206739 1.396369
2.419738 0.6189359 5.499034 3.45363 0.6018965
9.790593 1.86374 1.30868 0.8995608 4.305404
3.22229 3.149508 2.010897 1.843782 2.326841
1.546996 1.010643 7.425688 2.192753 2.857008
1.511033 0.7931903 0.3629868 0.7280226 8.530486
3.975695 3.807287 0.4799343 4.490288 2.088037
1.462522 6.754497 2.992991 0.6015959 2.252692
5.926407 1.826696 2.408499 0.9900292 0.3474855
1.158494 8.818688 2.062977 1.449659 2.440811
0.7229663 3.18194 8.247975 0.7641838 0.8111607
0.336926 1.570412 1.276916 1.512176 1.152168
0.8043805 0.6978421 4.35398 2.194106 2.105458
3.011147 3.2461 2.169022 2.394062 2.549616
6.307061 1.085496 0.392699 2.695385 5.310194
1.384385 7.975866 2.318761 1.52947 3.770212
1.861844 1.160032 1.405095 3.098368 1.245628
0.5196605 2.479099 1.284798 1.647911 1.102048
7.52338 0.7297402 1.64064 1.444133 1.901603
1.374753 1.146828 1.329154 3.88151 3.031137
2.785435 4.384014 3.686629 8.493296 0.4120588
3.245248 1.486419 1.056469 1.080912 0.3271512
0.6769299 1.012159 0.7078525 1.614582 1.6662
1.266359 0.4869761 1.409429 0.8809874 2.296583
4.540664 9.638099 2.07502 9.093439 2.181253
1.933013 4.309052 1.381106 1.61163 2.304443
6.91414 1.308856 2.451602 3.726894 1.358485
0.9394474 1.103699 4.668417 2.321033 0.530836
1.079976 9.765072 1.326219 2.741617 2.917689
3.187943 3.704821 5.349992 3.471257 2.136595
6.436369 0.454422 0.7101875 2.433874 4.513337
4.394187 9.783689 2.114873 2.915346 4.445412
4.762076 1.030332 0.8461372 0.6857816 2.092325
1.801717 9.072017 0.7156539 5.917105 2.081768
3.465932 0.8665201 3.117284 2.55564 5.87561
1.242327 5.291185 6.239207 2.408838 6.047823
3.887569 2.957455 0.6663243 0.6247998 2.224622
1.796878 5.1219 5.573711 1.071352 7.591233
3.852661 1.699875 0.9760834 6.378463 0.8507981
1.93725 2.389748 0.9308947 10.61637 0.4210199
3.459239 1.790782 3.064691 0.4653035 1.701679
8.410984 2.765975 4.624898 0.6807051 1.066935
5.606607 3.907495 0.6268379 2.976868 0.4275373
2.859681 2.166683 1.869894 4.021259 1.197956
0.6258919 0.4592919 3.392988 0.9434841 0.6954646
0.5140771 5.722598 1.647787 8.0785 2.851391
3.042454 0.3393521 0.3999947 2.85472 2.384464
5.580515 12.60184 8.612888 5.128371 4.311728
8.889127 10.23743 2.87422 1.738824 4.471157
11.7421 4.534266 6.511054 4.941702 1.654912
1.180695 1.266281 1.329985 4.001051 2.3152
6.513477 3.412468 2.196541 12.22832 0.522342
3.383336 0.3347332 3.090464 0.5054214 9.477024
5.631818 7.104061 7.946707 0.9848791 9.642045
10.33707 0.9954654 5.214629 3.394873 0.7637924
0.9171368 1.711659 5.875749 1.120935 1.066032
1.342692 0.6039943 1.204804 2.952087 1.556654
0.6813183 0.483169 1.793948 2.136789 0.8170677
3.041393 2.412675 2.070402 0.5052738 0.5564862
0.4432343 2.332044 0.6408248 1.752117 3.066302
0.4563914 1.085391 2.140013 2.61703 2.171361
5.174732 0.4491045 0.7540529 1.328415 0.8181541
0.4852906 2.326719 3.284114 0.7606498 2.427065
5.669863 1.439677 4.666401 0.5219639 0.8549873
0.6299469 1.456169 3.704848 1.600516 11.84389
2.127268 2.348791 0.5806325 0.4499227 0.99022
0.8282003 5.667204 1.562431 0.4574233 3.358861
2.268884 7.52518 3.541422 9.29947 0.4895311
11.36517 1.050668 0.5907598 0.9044305 1.499277
0.9005488 0.5261821 0.7061591 0.7688499 2.145708
0.5460648 0.4304246 0.7022469 5.053454 0.3774499
1.524808 1.469993 0.407811 0.902772 1.395985
0.9642932 4.903266 0.4589475 0.7781699 10.16393
3.467458 2.503377 5.247008 0.5727194 0.6565238
1.340027 3.337 1.087314 3.576992 0.3303931
0.5769206 2.157924 2.307907 0.5725776 0.9752494
2.061637 1.288088 2.125725 1.661003 5.610249
1.023733 9.465646 0.4522196 0.5656145 5.164941
1.100205 2.946337 1.196149 0.5283787 0.6431008
0.5996098 0.9678296 2.92905 1.815607 1.207929
1.838751 0.4479072 0.8606005 2.328393 0.9187656
0.7436464 0.985691 0.6539846 1.175007 1.83049
1.656222 3.678566 2.335181 1.498725 1.644954
4.501103 3.15024 1.311749 2.0653 1.238885
6.071706 2.595551 3.860092 0.8854869 1.443762
0.7623389 3.523374 3.463997 3.940729 1.394763
1.651029 3.632987 0.7495303 2.552209 4.083986
1.756419 1.444453 3.387436 2.133833 2.378321
0.9621491 9.710677 3.174652 5.464419 1.510405
3.00818 2.611186 3.120742 0.7433464 0.5690135
0.4583191 4.122673 0.9858009 1.677271 2.29676
0.5782599 3.636671 0.3722244 4.132635 2.193843
0.6693695 1.782953 7.54149 2.218276 2.72352
0.9453125 1.065101 0.617933 2.262491 5.233147
2.202218 11.43725 2.981193 2.185357 2.642418
12.14343 12.76535 0.7943669 4.101078 3.618823
2.536075 10.8522 2.667382 7.720885 1.733816
0.4089347 0.8685303 8.106983 2.599784 6.498026
0.8929623 4.652717 0.8654728 7.802898 2.75128
10.83612 8.643645 0.5977446 2.62857 2.143808
1.444757 2.368108 1.839819 1.061985 0.8734304
8.169756 3.487409 0.3880515 1.052242 11.95327
1.114558 0.5523252 0.6456086 0.3677134 1.659839
1.48017 0.6878832 5.5789 2.435991 6.290529
2.636239 11.37469 12.95075 1.180696 3.183514
0.7744401 1.927105 4.591708 4.081153 0.9989402
9.137887 2.905282 5.557078 3.609153 7.006578
0.8577755 5.275955 7.498136 5.614225 4.170408
5.364106 12.10687 0.6118013 2.479635 11.40257
6.301849 6.555975 1.460451 3.187802 4.17093
2.784247 4.296613 0.5332901 12.16695 3.554038
2.401323 6.272836 1.17142 1.461599 5.698975
5.110306 1.215077 11.61363 0.8697204 1.258995
2.310715 8.57831 6.340992 2.368108 4.603788
0.7200155 6.522857 9.576547 1.481385 12.72854
1.151736 8.013978 1.930304 0.4132643 2.905813
12.10487 10.69375 2.277771 2.520803 1.729364
6.66032 3.091662 0.841798 1.931608 0.4054992
4.252258 7.343489 4.641578 2.371779 3.465476
0.9242273 2.245443 2.224075 1.41077 1.820881
3.675814 1.398641 2.266301 0.6482114 2.424615
2.677598 6.659472 1.762486 8.610414 8.316164
2.391668 0.877175 1.735518 5.643633 4.992238
2.684734 2.711575 5.008373 4.035682 3.686134
1.485216 2.390827 3.763754 4.735076 5.301797
5.598957 3.029941 4.676765 6.99663 4.282712
0.8337007 2.852185 11.28344 1.446141 4.247541
3.094908 1.193882 1.432059 7.452126 5.761447
12.09702 5.301869 0.7581253 1.115647 1.299796
7.359147 0.9138002 8.515689 0.6486698 0.7918727
2.243579 0.8840834 0.8535319 3.097688 1.678485
6.719408 10.542 5.624814 0.511729 1.028597
1.77 1.794272 1.971985 5.423484 2.269863
1.108278 1.675844 9.103374 0.8331937 7.078086
3.615672 1.528548 2.764441 4.478766 0.7051144
8.425717 5.688191 12.13353 0.4950586 3.718753
5.329664 2.700103 1.91404 0.5362526 4.244625
1.836548 1.344492 1.138008 1.318203 4.143335
0.607648 6.310464 3.584091 4.572862 3.768063
3.982674 6.240573 2.910485 1.277231 5.915417
1.247716 0.9415058 4.852718 0.343446 2.135878
5.498753 2.079697 1.349495 0.7440155 0.5629046
2.76359 5.423536 0.9513514 2.221548 1.56328
1.915225 1.216902 3.108995 2.894668 1.08892
1.235944 2.874754 4.731874 11.86781 3.854387
0.4400301 1.238752 0.8610117 1.787619 1.029744
3.059953 8.531693 1.153573 6.807632 3.276693
3.5759 0.5308018 6.167606 2.773936 2.416842
5.560773 3.512675 1.554835 1.009361 1.460608
1.697157 2.240402 11.4579 2.601441 11.43564
1.308215 4.557073 10.37525 1.002977 12.21313
1.849949 10.64979 1.702372 0.5032222 11.32452
0.3951 9.584682 0.3996968 1.361968 1.594601
0.7414203 2.376636 1.288221 2.366909 4.429731
2.224657 1.30268 10.35469 1.655767 4.959627
6.606343 4.744543 5.076703 0.5305994 4.761308
6.5681 2.400043 1.644837 2.396512 2.898785
5.330987 2.707913 0.6148479 0.9956591 1.579266
2.279459 1.141463 3.78495 3.742354 5.132737
2.405305 6.378566 3.713713 2.991906 6.32656
1.316812 0.539905 1.006088 2.260332 2.438285
1.314672 0.3407961 1.777602 1.03981 0.9372064
3.771136 0.9063205 2.213837 2.030205 0.8393213
2.759778 0.6586851 0.7389768 2.53433 0.9731194
2.064074 0.6701428 1.560875 4.125243 1.734141
0.3918817 0.4193378 0.5978858 2.77201 2.484758
1.300429 7.270459 0.8839129 6.951791 4.817054
0.4265948 0.8662091 0.5971353 1.237292 3.417589
4.429694 0.6574067 1.691722 3.043265 0.6212448
0.7342085 0.3619058 1.39317 4.353583 1.148025
1.656947 2.739956 0.38596 2.028166 4.017897
3.519146 2.206711 0.7047449 2.410551 1.344762
0.8471873 2.073895 0.6601383 0.7975492 1.199503
1.861821 0.5407012 2.374074 0.5293556 0.6066978
1.31613 2.07592 2.762742 0.6314302 0.9180014
0.9711481 0.5167097 5.370614 0.8007665 3.645149
0.3928371 1.510726 6.124139 6.404544 1.264047
1.932268 8.99022 0.93422 0.8739489 0.426036
1.144304 2.345151 0.3258735 2.496175 1.144795
1.203911 3.020223 0.4970772 0.9259491 2.826143
1.744163 0.7701063 0.8848309 0.4365883 3.766991
3.322235 5.528151 9.463119 2.120496 0.6984436
0.9967506 2.40661 10.56116 2.421524 3.381182
3.139755 0.3332619 6.542997 3.819969 4.54865
1.373931 0.6594354 1.861834 2.037028 5.970973
1.605491 4.34117 1.034229 6.445554 1.046087
1.338606 1.083142 1.483398 0.5559533 0.3614544
5.683292 5.995047 5.19588 4.253256 0.5594006
8.625574 10.60671 9.375257 1.087904 1.849248
1.326442 0.886638 2.838878 4.146534 6.54224
0.6321737 1.091907 1.873098 1.386693 12.43079
0.458382 10.93235 5.255249 2.814375 1.271604
0.949813 0.8484633 3.150263 0.4073831 1.736074
5.459078 0.9343413 1.376266 2.692122 3.164203
1.686364 5.22768 0.5350282 5.195076 2.461571
5.069295 0.7887544 3.121667 4.680406 2.230119
11.079 3.165782 1.300231 0.9720239 9.675074
3.396269 9.378759 5.256481 5.250695 3.988702
0.4402332 3.999515 4.036017 5.784512 1.235447
4.878073 5.384335 3.393724 0.4057198 0.9513875
2.624567 2.263644 1.219005 5.009734 6.313551
3.006202 4.655846 2.142626 3.759665 1.269036
1.173322 5.718753 2.620068 0.9161876 1.470289
1.464593 1.044651 2.874576 3.27769 4.192279
8.642892 2.004539 2.677042 6.808179 0.8261354
5.317879 1.77823 8.989161 3.566067 3.597796
0.5419318 1.304576 2.391516 1.464728 2.555548
1.853546 1.074601 2.229775 2.920816 7.029019
4.227075 1.347913 8.018034 11.99565 4.398323
0.8542046 3.250131 2.287699 5.894278 6.678584
1.402369 5.010216 1.087925 1.41819 0.4802412
9.527953 2.273382 1.432239 5.745574 3.137585
0.9342649 0.8597222 2.02889 4.914127 1.473423
2.404803 4.735561 7.834108 10.64055 5.079494
1.279925 0.7369992 2.04501 0.5009294 1.724403
1.636769 5.411492 3.458314 0.3508894 2.728446
0.3878114 0.9412747 0.6733285 0.8981857 1.735131
2.76257 3.103783 0.3608009 1.000945 9.246174
0.4815861 0.6301579 3.049755 6.521809 11.21355
6.471641 8.012326 0.8466162 1.567011 12.53324
2.544881 0.4042008 8.472438 4.166831 12.90507
0.9329382 2.829337 1.370709 2.851053 1.366761
1.539394 1.953245 3.55252 1.122925 0.5658055
1.193983 2.270515 0.9818258 7.077854 0.6663997
0.6527382 0.4701849 3.481591 0.8978635 4.602248
2.132345 1.304373 1.22035 0.5983476 1.806796
1.105505 1.010715 1.300388 1.752114 3.880276
0.5616008 7.640162 1.874942 11.8645 0.9010294
4.731141 4.140113 2.08485 7.257961 0.3369476
0.5861471 8.087455 0.454939 1.872258 1.099277
1.704003 0.5923923 3.704256 0.3953651 1.17124
1.820743 0.4609372 0.5080612 1.277573 1.067881
3.264336 0.6818785 1.294425 0.5433003 3.659361
0.9928434 1.544945 2.232027 3.250662 3.299502
2.535724 2.229237 0.6014405 0.7970771 8.093657
1.437529 1.429655 1.033544 2.996443 0.4931398
11.13955 1.396134 3.515748 1.184882 6.517938
2.1077 2.41278 0.7849513 2.575675 0.8980458
1.8473 0.8885805 5.278503 4.822534 3.378158
1.358074 0.4672169 1.895722 2.734835 4.069937
1.989048 1.547004 5.238644 0.4651664 3.969687
0.9542175 10.90027 1.41851 2.718832 1.614412
1.628357 0.6555702 5.436036 10.62296 4.075385
1.116393 1.70433 7.034724 0.6641796 3.781448
0.4373731 1.497046 0.8957419 0.5974176 0.7721789
2.073235 2.776681 4.93265 2.928996 1.099212
2.463788 2.711883 0.8948284 1.585762 1.728446
9.537753 0.3852494 7.587005 3.504159 3.581958
8.830158 0.8242104 1.526737 1.594267 1.006548
1.018496 6.017365 0.6867264 10.87145 1.128375
5.919409 2.366121 0.637726 0.4694707 2.765518
2.776149 1.40633 5.006267 8.980975 0.9233132
5.080356 4.792113 7.851089 8.302214 2.406929
4.588857 12.18182 4.478199 1.311825 6.347978
2.117678 2.957642 8.354565 1.096928 7.010723
4.325239 0.7068614 0.7667995 3.337041 4.682503
6.657741 1.02699 1.601502 4.483437 4.730883
2.405029 1.474126 2.511915 2.612121 3.928484
1.462518 4.006294 0.9464568 0.6108185 4.72246
0.3792421 1.788041 1.331735 2.558973 1.525031
1.758369 1.616697 0.3556869 0.7270867 2.757244
2.144614 5.414126 2.626568 0.6236194 1.104087
1.8752 2.728699 3.752705 5.223851 0.9126692
1.084725 1.377797 0.5652296 0.4326228 4.485989
3.171396 2.257334 2.063104 6.499853 1.312109
1.085423 8.823239 1.852845 4.524693 2.351259
1.480781 1.529829 1.085423 0.8869763 0.6306221
1.01126 1.332337 3.614648 1.1176 2.007625
1.527989 9.294542 0.5258736 2.098712 3.139575
2.33289 2.363535 4.970298 2.003953 1.385054
1.877706 6.556207 4.890405 1.370893 4.927954
2.783566 7.420252 1.599996 8.846433 3.576404
0.9644455 10.36038 8.491742 1.504405 12.19948
2.423886 10.2653 1.82977 8.61354 3.631555
4.546175 5.045807 8.40481 2.921554 4.121337
5.890219 12.39264 4.409079 10.30778 3.07775
6.484915 4.955687 5.123765 3.892485 1.292954
11.23148 2.129117 1.254834 0.8283286 0.389766
1.929603 1.072304 1.876698 2.147128 3.100747
1.084647 1.60425 0.9504349 5.023292 1.814741
1.560752 0.6970669 1.167584 0.3785956 0.7499381
3.075536 3.368702 1.213664 0.6948524 1.945013
3.493588 1.196314 3.701865 1.003657 4.391598
4.26206 1.289366 1.41776 0.638238 2.502116
3.562932 0.4400018 2.07882 1.456018 0.9196857
2.286295 1.333902 1.198943 1.987902 1.979793
0.9632165 1.961187 0.71701 0.9941237 1.030383
8.628039 2.208667 3.00828 1.016816 2.437561
1.283489 1.779652 0.3710134 9.175736 1.784816
1.23243 2.176575 0.9907669 2.461877 1.357946
0.8862884 4.436884 2.067345 6.991799 7.816718
0.8258073 8.409699 3.178291 0.6915799 3.753231
1.095741 1.343836 2.98872 1.477723 4.385113
1.048047 4.624107 0.8986304 1.77963 4.123829
0.553122 6.824715 1.218306 5.219967 3.661103
0.7560199 3.32477 2.78092 2.471729 5.562919
1.362542 2.349442 5.838334 0.9674152 0.4553283
0.7561383 0.6475805 2.063112 12.45618 1.974059
2.167615 0.3943777 5.343809 0.5690838 1.992401
4.109695 0.7881487 2.376931 10.82815 2.966097
10.9087 0.7957344 2.655438 0.9162035 3.056921
5.436358 4.962881 0.4721582 3.656226 4.24504
0.6915437 1.412123 1.350524 4.161656 1.098148
1.822741 1.048238 0.8131209 5.835527 0.5396375
1.029018 0.8562324 1.438448 0.4634806 3.297884
0.9537381 1.065229 1.065561 0.8279094 0.9453145
3.607919 2.990898 1.331795 0.3831884 2.782715
0.5246631 0.4497588 1.003575 2.889409 1.682717
0.4314971 1.278694 1.165755 4.082449 3.302403
3.541629 1.677809 0.4632553 2.549654 1.670384
4.106752 1.249867 1.070027 3.064886 0.5890341
1.028035 0.5503363 1.213761 5.459939 0.7963793
0.979191 1.507324 4.271664 3.918328 1.554378
1.248892 1.101236 0.938112 4.403609 0.7703878
2.475388 3.925653 0.5602704 1.950851 0.7984492
0.7569939 5.259109 0.7432386 2.387352 8.48539
8.921995 3.009669 0.4953565 4.662507 1.847907
1.808147 10.82462 0.9830185 1.073625 2.570038
3.359058 1.854108 3.068566 3.400731 3.339027
0.6893287 0.4305205 6.296868 0.6396453 6.504515
5.472565 3.58668 1.508114 8.589094 0.6007982
1.682562 5.112093 2.100391 1.464123 5.374877
1.857234 4.439471 1.305407 6.49669 6.429648
2.269965 0.9666583 1.671323 0.4108384 2.833375
3.136854 0.3467834 1.8263 0.7873334 1.645218
2.105833 1.468448 2.51761 0.3703375 1.923575
0.5561724 6.289321 4.061482 0.6261675 6.35862
1.427102 0.6951731 0.8671444 6.946346 5.740567
4.896711 0.3386441 1.721023 11.24101 1.973554
0.4088393 0.8150661 0.3668489 0.4268227 4.69104
0.352713 8.141054 0.6597916 0.4701459 1.536429
4.815329 0.472097 0.8760272 0.4226887 1.228104
2.574102 1.788844 5.02245 3.364629 4.25664
4.320398 2.852019 2.036583 0.8490346 2.358466
5.836047 3.738125 2.026032 1.753451 3.816201
2.591991 4.680157 4.298974 1.888827 2.979113
1.865057 0.3507476 2.519243 4.451849 2.816687
4.431924 0.5884269 0.8341694 0.9912637 2.929373
1.30502 4.281275 3.340443 1.805911 0.979197
2.01957 4.662124 3.10567 1.61846 0.3813316
2.950628 2.158144 1.83417 2.601687 4.101143
9.239741 1.602513 3.031631 0.6989974 2.023515
5.077683 0.4886869 1.851419 1.649935 3.208707
0.804237 3.145594 4.196296 2.531716 0.5670977
8.709017 1.675594 4.25167 1.183338 0.8205787
0.4525629 7.128654 5.50316 2.421707 2.246937
2.021572 10.08261 3.587232 4.522029 12.7439
2.632252 0.7295997 2.401011 2.000834 3.090655
2.693302 0.9690864 4.659321 5.197031 1.075301
1.740815 1.369296 7.325591 2.328269 7.668831
10.98184 5.132832 3.39263 0.720076 9.160522
2.246446 5.768659 4.146419 1.572979 6.198509
2.390514 0.4759239 1.141816 3.328268 0.6917307
1.566208 1.408258 1.745899 7.239844 3.619356
5.917525 2.781054 0.9427531 2.007901 1.88075
8.03013 2.882346 1.800132 1.501257 8.339068
0.6690676 1.449366 2.065706 2.836057 0.5408264
1.527756 0.3773841 2.799113 4.960312 2.078294
2.657517 5.595552 2.442531 0.6809921 0.4658905
0.9790205 1.255841 5.200786 5.585023 0.4370029
5.817089 2.020156 1.705166 0.7430015 0.8159888
3.397199 0.7993361 10.75462 4.06266 1.588307
10.00861 5.079845 4.468484 11.47468 1.007039
2.825297 0.7993361 1.025965 1.059238 3.118885
0.4331567 0.5819047 2.697619 6.244659 1.496152
1.016404 0.7594489 4.20122 1.118538 0.6132898
4.917964 6.01564 7.545521 8.38201 1.766962
9.866841 2.695787 4.056852 4.962999 0.367113
8.662733 0.8654726 0.4419892 8.675112 3.473931
11.44071 1.575886 8.518548 2.167296 1.624448
1.704899 3.055823 1.655982 2.445852 4.749834
0.7693493 12.23559 5.131046 2.265693 1.669621
2.94391 11.81539 7.362113 6.233876 0.6728319
1.608461 0.541272 3.447582 2.211623 6.149012
1.866233 4.547218 2.238859 3.060088 2.229737
2.903209 1.122532 0.5486213 2.288519 1.921715
6.052068 1.020548 2.307369 0.485956 2.06521
0.5664232 1.981567 1.536063 2.256273 1.933875
2.808959 4.009879 4.244508 2.864152 1.051617
0.6723682 3.500878 2.28375 5.393931 0.8371352
4.600562 2.20812 3.301337 4.510629 1.984725
2.357255 2.033397 0.926037 2.671745 1.713929
1.069511 5.928618 1.268785 8.29776 2.672754
9.698562 3.242341 4.729755 1.101829 1.73505
5.380458 3.557363 3.369956 4.54521 1.937529
4.826121 1.655888 3.073246 1.359143 2.428717
0.6572952 12.01937 1.268785 9.226392 8.27182
1.12236 1.261001 2.281108 1.102784 2.382298
3.590209 3.313756 2.866408 6.560461 0.4334748
12.62913 0.3908005 4.41735 0.5338606 1.313209
1.43393 1.397709 6.100264 0.8024548 4.943695
0.3490652 2.227074 7.230205 5.338105 1.941772
4.66782 0.6817132 1.931253 1.274714 0.9689479
3.931926 1.769619 1.90938 0.5027117 7.843931
4.401718 7.574993 1.720661 3.939579 3.066725
4.366897 0.9291023 2.494791 4.592567 1.63275
0.7627624 1.112231 3.307223 4.687602 1.957434
8.628309 1.722547 1.270166 0.4001149 9.114273
4.528976 0.8597775 1.683442 3.531904 5.350177
2.655229 1.949165 1.391134 0.6353692 12.48048
6.229 1.461079 1.54272 1.156088 2.660787
3.888099 6.426005 0.9200287 0.4450826 1.835937
5.693354 7.918636 3.67999 0.7207999 5.596146
3.529944 4.774874 0.71953 1.232944 1.470978
8.645514 4.201046 1.941423 2.166664 1.388431
7.278629 2.759453 3.801001 4.934112 1.380347
2.943974 1.634 2.140343 6.815954 5.950014
