1.473528 0.5320831 0.5460309 1.034631 0.5550279
1.838762 1.48199 0.4237573 0.8079829 0.9926815
1.060201 0.8503915 0.8808122 0.3926072 0.3782749
0.5238818 0.53183 2.74178 1.00236 1.796928
1.341832 0.6631879 2.358418 0.8500418 1.560172
0.9766681 0.9996202 0.8719041 2.674714 1.26997
0.7542169 0.3781731 3.299635 2.033629 0.5473572
2.843906 0.4573762 1.465374 1.666638 0.54907
0.9397832 0.7987073 0.6372756 0.7914385 2.106601
1.022834 0.7175491 0.7174258 1.021017 0.8632945
0.8138543 0.5332765 1.075611 0.5835845 0.4901579
0.8719298 0.709513 2.354467 0.7441687 0.6099405
0.4681408 0.4653183 0.7735413 0.9424054 0.4313562
1.422672 1.103079 1.30544 1.204307 0.8843216
0.8478805 1.217605 0.4897272 0.7619331 0.9457258
0.4515488 0.4580253 1.172469 3.810303 0.7690918
0.6284683 0.8682509 1.450498 1.250805 0.3393772
0.4454866 0.4706335 0.3840787 0.7658309 1.014334
1.207548 0.5186144 0.6207946 0.7823979 0.5759083
0.6501576 1.342072 0.528797 1.147352 1.507045
1.159484 1.184575 3.644709 1.218588 1.724341
0.4363812 0.7717882 0.9233399 1.476799 0.6034257
0.4049987 0.7955616 0.4925676 0.9574656 0.3833211
1.061347 1.769681 0.4484326 0.4717146 2.704969
0.9374189 0.4625987 1.520374 3.586734 0.3978992
0.6665239 0.4638497 1.362823 0.6781321 1.253751
1.592402 0.6886786 0.7932203 0.933376 0.5989547
0.4954991 0.5242419 1.992975 0.3473749 1.011944
1.082817 1.271734 0.52002 1.856998 0.7035572
0.4472693 0.7842792 2.73388 1.33734 0.5587829
1.263563 0.5372577 0.9581059 1.761081 2.180745
0.9501637 0.9855523 1.170994 0.3267388 0.4412736
0.267135 1.774016 1.439241 2.995842 0.4064095
0.7726664 0.4752506 0.7202431 0.4965064 0.5355896
0.5129866 1.728808 2.241958 0.4881033 0.2466396
0.4638345 1.742139 0.4351532 0.4835689 0.7832566
0.2382067 0.2189719 0.9843418 1.795563 1.723727
0.3867723 0.8105305 0.4276487 0.5193438 0.2602674
0.9559037 0.4664842 0.4201352 0.6876449 0.9693084
0.920583 0.2388263 0.4003253 0.4881758 0.7792516
0.5437448 0.4532776 0.3825627 0.33948 0.3581872
0.3454804 0.2535479 0.3382542 0.4228866 0.1833454
0.7413194 0.317998 0.6639182 0.5048027 0.6095462
1.259869 0.8886698 1.118155 0.2678612 1.825483
1.018469 0.4961255 0.378882 0.5303713 0.3575977
0.3178192 0.4764506 0.7034963 1.974785 0.528456
0.7691679 0.9440912 0.5859934 0.303539 0.8182055
0.633905 0.572656 0.5587147 1.363681 0.3196755
1.655755 0.1956586 0.418272 0.4708092 0.2608176
0.7245595 0.5098794 0.5270117 0.5044908 0.4424769
2.132669 0.6435865 0.4517043 0.8005874 0.3396056
0.4321496 0.4658224 0.6234551 0.3083668 0.8040153
2.71248 2.182078 0.8410933 1.34739 0.5530112
0.9576034 1.104953 0.9847201 0.9244417 0.6291058
1.59768 0.5647874 0.8589234 1.522115 0.8167904
0.6725932 1.737926 0.5233862 0.6634893 0.567113
0.7655953 0.4061371 0.3946809 1.81459 0.2568119
0.1993146 0.4998418 0.2053435 3.387797 0.563911
0.3240376 0.9429615 0.3020917 0.3693005 0.5442612
1.365361 0.6278587 2.291553 0.5998259 0.5924612
0.5514909 0.2578843 1.267982 0.5269596 0.5924726
2.674711 0.3233273 0.5454138 0.4548815 0.2919868
0.861739 0.4161786 0.3555957 0.5557609 0.3967919
0.3604899 1.498045 0.8283232 0.4488858 1.056642
0.5182987 0.3941346 1.038317 0.2179017 0.8312469
0.3549957 0.490355 0.3443327 0.2673458 0.818995
1.475543 0.9125044 1.012844 0.5582678 0.2839902
0.5376546 1.123914 1.596638 1.278372 2.837534
0.7455831 1.070266 0.8834613 0.4199354 1.75356
0.5302234 0.3445063 0.3366638 1.135978 0.9929005
0.7677374 0.4367974 0.6155331 0.5691719 0.7650745
0.5253257 0.424396 0.3128086 0.9035556 0.376584
3.162118 0.47154 1.375982 0.3250666 0.6394369
1.754777 2.587901 0.6715431 1.633795 0.7480203
0.5749713 0.3461516 1.146006 1.284767 0.382416
0.3220135 1.260729 0.5713188 0.7308107 0.5451858
0.2980839 0.3294824 1.026886 0.3914995 0.8257967
0.4519941 0.6750395 0.2302439 0.5869763 0.7280464
4.929576 0.7048175 0.3900823 0.9032016 1.304755
0.9323277 4.64598 1.055116 1.859928 1.987667
0.9371126 0.8694574 1.46012 0.8339598 0.8670006
1.068782 1.112781 0.8789529 0.7163541 2.037925
2.91617 1.527286 0.9633312 2.656081 1.132728
1.229681 1.708581 0.5212212 2.343755 1.198403
1.099607 0.6975369 3.047822 2.407474 1.837002
2.138688 0.8663967 3.845152 1.16687 2.810659
1.550376 4.179363 2.80785 1.609936 1.550314
2.054079 0.5853075 4.33929 1.155304 2.277571
0.9513871 1.230476 1.342158 0.9845652 0.6144631
0.9146174 0.6489935 1.591945 0.8934091 1.214227
1.049545 0.2762735 1.100531 1.776453 1.432075
0.8892633 0.7449719 1.08351 0.8714118 0.6300598
1.058713 0.5742465 0.7695494 0.3453065 1.863782
0.4874898 1.450777 2.615401 2.079735 0.7124276
2.399819 0.5113134 0.550459 0.6843502 1.316202
0.6465193 0.9640398 0.3305433 0.2889096 0.504117
0.3126914 1.992974 0.9091752 0.2879467 1.295164
0.8770873 1.825577 0.8368959 0.411357 1.807212
0.4282961 0.5711385 0.3892082 0.5282447 0.6948629
0.7414704 2.107591 1.108105 1.10643 0.8513064
0.9960214 0.7502748 0.529044 1.119013 0.7244577
0.6575165 0.9756843 0.9357194 0.8669814 0.8852013
0.7320681 1.9014 0.9108362 1.651736 2.665115
0.6736151 0.9089459 0.499477 0.9226434 0.6295472
1.832158 0.6601167 0.5781069 1.357104 1.815834
1.283308 0.7017471 2.012821 0.5440608 1.040428
0.7203747 0.8911623 2.299993 0.7149324 0.5177652
1.259357 0.5673734 0.5232226 0.8919791 0.8377332
2.582232 0.5257005 0.7221616 0.9663101 1.008186
0.7422075 3.207784 3.583245 1.102475 0.535264
0.4372672 0.9605337 0.5475256 2.607836 0.5995659
4.589504 0.3122896 2.408026 0.9940117 0.9967668
0.3177676 1.485458 0.7192111 0.82982 0.1778756
0.7023031 0.6140469 2.037064 0.5529938 3.670765
1.075264 2.498339 1.681178 0.3756381 0.2322113
1.564883 3.566487 0.4381878 1.112014 1.765779
2.057981 2.072403 0.6301242 0.4646642 0.7361748
1.763139 0.6295991 0.9614826 1.648237 0.484902
1.827308 0.6434832 0.7266235 0.6289062 0.835405
1.672731 0.6789351 1.31196 0.9421244 1.338605
0.8697473 0.9288584 1.301363 0.8602203 0.7802979
0.536222 0.6129063 0.5159557 0.4547677 0.5115488
1.095261 0.3787647 0.8184335 0.6443255 0.5313338
0.5429995 0.6515443 0.4033769 0.5832083 0.8096835
0.5550112 0.3100675 1.096437 0.4863499 1.076259
1.030238 1.039531 1.063566 0.746518 0.5926879
0.5198151 0.3738551 1.831398 0.8663916 0.8706685
1.990719 0.7187279 0.7084317 0.7531027 0.5778215
0.7070262 0.5469612 1.034381 0.5266669 0.7170615
0.7069254 0.6203042 0.4347194 0.3381954 0.3579041
0.736296 0.3231543 0.3412816 0.8996962 0.4095952
0.733594 0.7411049 0.5590312 0.5381654 0.1972384
0.6845411 0.2067814 0.7481488 0.4360447 1.05832
0.5653453 0.3925823 0.4950071 0.3989915 2.874151
0.7313431 0.3896542 1.518294 0.2450022 0.683123
0.6562789 0.3660166 0.4373424 0.6476591 0.4384406
0.2751816 0.425425 0.6074031 0.4338751 3.253035
0.897502 0.8051642 0.7265777 0.3727068 1.03671
0.5835845 0.8504654 0.6519658 0.8688563 0.935124
0.8366243 0.3969809 0.4405378 0.2979535 1.213847
0.3905293 0.1876196 0.634747 1.44114 0.567942
0.4966949 0.4628957 0.3651133 0.4752245 0.3831435
1.421437 1.827251 0.4186705 1.003846 0.4829633
0.3593775 1.157315 1.006626 0.2438264 0.2362517
0.8171101 0.2492856 0.360535 1.014086 0.2816679
0.2917021 0.2804833 1.761943 0.9794357 0.6461066
0.5572627 0.3932652 0.8611318 0.5733341 1.988997
0.5888181 0.4932829 1.022333 3.76757 0.4581026
0.2573253 0.8680215 0.6328828 0.3521638 0.2731632
0.3504809 0.5296639 0.3665703 0.5781572 0.5027007
0.9976282 2.19673 0.5120645 0.6125899 0.6795436
0.3708321 1.456839 1.204676 2.922035 1.244784
1.65814 1.029363 0.8727972 1.397709 0.6798381
0.6787459 0.3829168 1.414928 0.9250824 2.055707
3.379491 0.878831 2.029039 0.8934717 1.388044
1.115951 2.233605 0.9252125 0.615746 2.108751
0.9684435 0.8522595 0.7597849 1.163272 1.010546
1.021716 0.6406447 0.9378228 1.163259 1.533462
0.8041269 1.258647 1.280612 1.757313 1.758021
1.103251 0.9755545 1.161433 1.337364 0.6907587
0.2448477 0.2809277 0.2838354 0.2739428 0.3344724
0.2373438 0.2643281 0.1940988 0.2010265 0.7769327
0.1654539 0.223811 1.239662 0.2218687 0.4061737
5.424535 0.263074 0.6767158 0.3042812 0.6535467
0.3209124 0.3195681 0.2682767 0.4119554 0.1379747
0.2169775 0.2840204 0.2864938 1.847952 0.3080571
0.4591784 0.9494272 0.8227026 0.2885526 0.3387996
0.3769796 0.5204703 0.3035991 0.200515 0.1645404
0.3644846 1.124935 2.313569 0.5493627 1.586709
0.6531991 1.636108 1.771278 4.646983 0.898245
0.8471342 1.630903 0.6511516 0.6869029 0.8401386
0.957351 0.5146453 0.4131891 0.7155006 0.4702783
1.616533 0.8805624 0.9535816 0.6550408 2.722494
1.013888 0.9298582 1.071042 1.18103 1.214296
1.239555 1.600173 1.121741 0.6249338 1.774682
1.850837 3.222126 1.644305 1.803923 1.831877
0.4981108 5.44688 1.549717 1.82428 1.86438
1.324687 3.209476 0.3834432 3.824323 2.766321
1.350921 2.284333 0.4863984 1.687729 1.758221
1.597413 1.727058 1.359878 4.933018 3.811161
2.551919 0.3993348 0.8374435 3.422105 1.108415
3.985374 3.192001 0.2491179 2.107438 1.474056
0.7987891 2.769762 3.380878 1.96023 1.838021
2.486302 0.5690892 0.646062 3.055918 1.264758
0.3794042 1.199188 3.87459 4.236011 3.260172
0.7689821 3.466061 0.3968407 1.587259 0.2803583
0.8142612 1.807527 0.7016242 1.480008 1.15794
1.466765 0.5048907 0.6425458 0.9242719 0.3189429
1.12863 0.4840217 1.728457 0.6256268 1.724341
3.037988 1.729584 0.6417189 1.015242 1.489344
1.41202 1.68541 0.6672909 1.605931 2.432517
1.453511 0.884947 1.035302 2.720137 2.438993
1.372061 0.7933853 0.6428534 0.4995255 0.6503656
0.7302971 0.9442271 1.398676 0.4272678 2.60719
0.5861199 1.111823 3.099363 4.985482 2.068498
0.2342844 0.7454774 0.5069682 0.5895535 2.001246
0.9074983 0.3776633 1.190142 0.8585555 1.03088
1.015242 1.269766 0.730628 3.529042 0.9939107
0.7543979 1.013303 2.086657 0.6242894 1.357481
3.687433 0.612929 0.837978 1.823969 1.017956
0.3878458 1.348345 1.201956 1.037355 0.7810688
0.5282465 1.269454 1.220805 0.5316236 1.530616
4.660778 2.498352 0.7216017 0.4039424 1.354791
1.147381 1.002392 2.848449 0.5861572 1.34997
1.155899 0.3531314 0.9976546 0.5116204 0.47885
0.7020556 2.722602 1.146357 0.8539916 3.515943
0.2506702 1.350807 1.129243 0.8633531 0.8817562
3.134704 0.8684145 1.812942 0.4441461 0.6134129
0.4329893 0.790823 0.5819861 0.4659691 1.336209
4.014388 0.5080639 3.311522 1.037979 1.594737
0.741068 2.338444 0.4247168 0.7889088 1.50333
0.2550447 0.5505758 0.3426605 0.4290769 0.7500563
0.5358678 0.3509198 0.3678411 0.3182584 0.5220569
0.32488 0.7169688 0.319478 0.5667324 0.7039798
0.3589249 0.359553 0.2336892 0.3700999 0.7055378
0.1984816 0.4353519 0.317279 0.2964288 1.03995
0.3790996 0.5731892 0.2046714 1.297551 0.4064472
0.4259935 0.2619634 0.6223983 0.5832145 0.3815427
1.365385 0.3183539 0.2983981 0.4154944 0.868878
0.5161555 0.5126241 0.7458195 0.2976713 0.2432134
0.339909 0.4761074 0.5387709 1.819926 1.824005
0.3292197 0.314496 0.4198063 0.3801965 1.841743
2.246063 1.418659 0.6805077 1.300594 4.677202
0.6793713 5.024686 0.3262568 2.431038 0.3774452
1.182551 0.9276519 0.9690511 0.4405555 0.2963985
0.3409859 0.87087 0.976504 1.652513 4.417338
0.5247286 1.847555 1.393542 1.364422 0.680608
1.972781 1.430203 2.339047 0.6491651 0.9620577
0.2105231 0.5173968 2.521834 0.971856 1.484288
0.9947705 1.145957 3.964773 0.4831376 0.5233394
0.655811 1.819577 0.3839159 0.4954809 2.766809
1.000526 2.771798 0.6529198 0.7860641 0.8108672
1.288478 4.60127 1.368174 3.435585 0.5592075
0.1730023 0.5483834 3.295478 1.8288 1.02818
1.826553 0.4850964 0.6503394 1.117148 2.674597
3.393466 0.7800196 0.2805884 3.883128 0.8992263
1.669962 2.646146 0.3360051 0.6679566 0.6646936
0.9568121 1.727615 1.010196 1.267238 0.8643664
2.704973 1.778925 1.437668 1.259795 0.8232431
0.739625 1.819925 3.755141 2.956252 0.9660567
1.69431 0.3841908 0.3177151 1.18412 1.015384
1.283344 0.4718159 0.1860559 0.5102569 0.469435
0.3099163 0.3384944 0.2381094 2.755619 0.6114863
1.530619 0.5248157 0.4637726 0.7833224 0.8374271
1.808111 1.807392 2.753832 1.157833 0.5572548
0.3924254 0.3570479 0.5299423 0.2024396 0.4583776
0.3357913 0.2714688 1.42957 0.3596198 2.761959
3.691199 1.722295 0.5349582 0.2872227 1.807529
0.674996 0.9985509 0.4931092 1.21718 0.8258505
0.6748763 0.5103047 0.3728876 1.020184 2.722525
0.7276182 0.7334895 0.8817272 1.283688 0.6077766
1.070978 0.6256638 0.2934713 0.5612676 0.3327935
0.597315 0.8089468 0.4491836 0.7532463 0.4543814
1.081306 0.4454811 0.2686366 1.189417 0.6860239
0.3627967 0.6463665 0.2388264 0.7506293 0.9904715
0.4644792 0.3711756 0.8733264 0.8372733 3.529023
1.236292 1.30839 1.127025 0.3563292 0.5724163
0.255781 0.47996 0.7852394 1.658708 0.305575
0.2464015 0.4701289 0.5966115 0.2882483 0.3577286
0.6700177 0.7427021 2.440681 0.5443755 4.65535
0.7662384 1.022363 0.8829605 0.8140618 1.035035
0.548673 1.14496 0.5098257 0.6669632 0.2233982
0.5441626 2.663469 0.8489846 1.085088 3.999123
1.014124 1.084772 2.418841 1.647039 1.732419
1.489584 0.6211368 0.7327105 0.3221895 1.15346
0.4995122 0.8467878 0.9933152 0.1655126 1.197849
0.6018208 0.2505979 0.9633518 0.4170853 0.4744125
1.036525 1.05105 0.3670377 0.3352433 0.5977904
0.3605162 0.8123582 0.4848891 0.7043618 0.6017815
0.3951712 0.3898464 0.682915 1.084432 0.7263454
1.017186 0.4788459 0.3091471 0.5221911 0.8451294
0.208944 0.487576 0.4362529 0.6522669 0.5879805
1.367024 0.2975314 0.6792608 1.147365 0.1688272
0.5216795 0.5557753 0.2485309 0.3957754 1.34721
0.9480689 1.157055 0.6345481 0.4664707 0.9265574
0.2613412 0.4303115 0.486776 1.237351 0.3281667
0.608092 0.6773569 3.438201 0.4286435 0.2997039
0.7478861 0.9479736 0.6893211 0.1684715 0.4954029
0.6888964 0.5743982 1.088668 0.340677 0.9561649
0.4536621 0.8193952 0.1389314 0.4855005 1.738555
0.3578178 2.372427 0.2842698 0.5210668 0.4139939
0.8418771 0.3775209 0.3529127 1.014508 0.3493824
0.3750507 0.7081073 0.3879273 0.5423416 0.5833195
1.219531 0.3526776 0.3058965 0.2913851 1.47225
0.2167706 0.4673349 0.2630421 0.585075 0.5099247
0.4864018 0.4971984 1.156622 2.174543 0.289817
0.3622419 1.359011 0.6055067 0.7688463 0.3608436
0.4913991 0.2960985 0.7118863 0.2631323 1.418972
0.6759835 0.6340756 0.4523454 5.344628 0.7498223
0.5716954 0.2311304 0.2434954 0.600224 0.4774136
0.6630652 0.4823501 0.6703051 0.3801154 0.9523824
0.2715597 0.9676062 1.833745 3.834063 0.944608
0.3945342 1.214719 1.817362 1.669943 0.8756492
0.4305419 0.658463 0.8580616 0.3803779 0.8833119
0.5466356 0.8427543 0.5268872 0.8237454 0.8559402
0.6319886 0.8748894 0.7383449 0.8908214 0.7146718
1.11879 0.9660809 0.5861111 0.4950502 0.3336887
0.6945581 0.6639701 0.5095835 0.4161577 1.374132
0.7018685 0.6476228 2.80842 0.3874328 2.119189
0.6704857 0.9292238 0.8153209 1.291251 0.691684
0.3895071 0.7294583 0.4874507 0.9917377 0.7556044
0.7177124 1.01451 0.3454514 0.4746251 0.5227126
0.381378 0.2135426 0.6299543 0.8719212 1.09023
0.3113445 0.552276 1.188251 0.6427168 0.3817416
1.221994 0.7830032 0.3409416 0.4680042 0.4519077
1.204366 0.3778744 0.2218366 0.1243901 3.485831
2.646796 0.5073887 1.027247 0.5039622 0.4992249
0.3798183 0.2239471 0.2952923 0.9979195 0.6598304
0.1592189 1.372086 0.5513448 1.44867 0.817832
1.021871 0.9498268 0.6447296 0.4112048 1.839428
3.362092 1.245961 0.6661969 1.155221 1.406264
1.49713 0.7585701 0.7741756 1.1481 1.27029
1.010333 1.98062 1.14678 0.7154008 0.7929337
0.575124 0.9857343 3.675138 1.47739 0.5502823
1.644546 0.6712561 0.5791317 0.7564919 0.8409206
1.334327 1.724502 1.282125 1.592568 1.069178
0.9721833 0.5037312 0.5708012 0.8673499 0.4353561
1.220693 0.2378822 0.7782472 0.5368365 0.4555157
1.397034 0.7062709 0.554454 0.4215665 0.7604068
0.8551052 0.6146192 1.332221 0.2883405 1.827253
0.7777647 0.2968668 0.5125908 0.5218736 0.3660523
0.7071562 0.6801695 0.4328799 4.866128 0.3315876
0.3095952 0.4918143 0.319165 0.5352444 0.1657109
0.3164071 0.2320199 0.6103935 0.2654404 0.57834
0.5908795 0.5535425 1.955878 0.3621343 0.2129032
0.3872522 1.021987 0.2442149 0.2846604 0.1945863
0.5154496 0.1911153 0.156666 0.7075262 0.330691
0.2499544 0.3822978 0.7423374 0.7973434 2.256522
0.3609717 0.5142066 1.472484 0.7315103 0.2648714
0.8174353 0.3095983 0.4054228 0.3717529 0.4671464
0.2667403 0.6560923 0.4017543 0.274625 0.259112
0.6913259 1.399904 1.222207 0.5379787 0.2434353
0.2893366 0.7832423 0.2033527 0.2251681 0.5110397
0.7438766 0.6161329 0.7756207 0.8981388 0.6002742
0.2750524 0.3298799 2.277146 0.5490016 0.3103767
1.021899 0.2197327 0.1984463 1.123682 0.3380666
0.940571 0.3961486 1.106661 0.4614545 0.1733141
0.2445041 0.2984209 0.2658074 0.4388801 0.4372732
0.2848572 0.1971619 0.5157931 0.2380048 0.652344
0.8976388 0.6233013 0.5043533 0.3212246 0.29901
0.2005523 0.2692491 1.776552 0.4442555 0.2320707
0.4551653 1.013078 0.4637491 0.5274726 0.5461755
0.9289635 0.2342197 0.4857056 0.4471751 2.65503
0.8654538 0.4913012 0.300789 0.2901297 0.6313625
0.3925437 1.141666 0.4715638 0.6898926 0.6625025
0.2326435 0.3327971 2.553793 0.466384 0.693637
0.6748648 1.069234 0.6434815 0.5365173 0.8475119
0.466616 0.445996 0.3774517 0.8276241 0.9494946
0.6152237 0.8756327 0.3116764 0.4426918 0.884835
0.5433393 0.1895538 0.6836536 0.9214123 0.7524753
0.7814059 0.4687319 1.135526 0.8909366 0.736145
0.8254467 0.5739615 0.8431957 0.4658828 1.923034
1.425705 0.442308 0.2278607 1.001616 0.9379417
0.8169213 0.8300737 0.4766333 0.3265645 0.7143874
0.3639739 0.6024526 1.65546 0.7643432 0.4735396
0.7006692 0.5381446 4.794599 0.8513451 0.44216
1.764929 0.8515712 1.14033 0.4394471 0.3733576
0.5757823 0.3600769 0.6450806 0.7739757 0.3241287
0.5911412 0.7556228 0.5122064 0.6868442 0.3557245
1.118154 0.2281943 0.2269778 0.4422785 0.4051212
0.7763924 0.5835574 0.1733968 1.029615 1.478858
0.8086041 0.3613409 0.7129608 1.053791 0.8901279
1.077188 0.5294434 0.6556681 0.2443249 0.5118095
0.4621165 0.7825213 0.4343348 0.3525245 0.3644413
1.359844 0.1734223 0.4519721 0.3980943 0.251157
0.700212 0.2780626 0.4004752 0.6353815 2.440246
0.3846193 0.4100475 0.3917568 0.5111548 0.2412642
0.2671384 0.2707559 0.6753002 0.3487105 0.6929773
0.3742292 0.2340659 0.4946414 0.466629 0.2194014
0.6906656 0.6602835 0.675939 2.733908 0.65474
0.3994046 0.5847391 0.4940657 0.275484 0.2809166
0.5538579 0.5625995 0.3512169 0.3272925 0.6305934
4.610974 0.5414425 0.2755932 1.010941 0.3650382
0.6989685 1.141612 0.3166255 0.5176767 0.266652
0.4346009 0.5479865 1.829807 0.3238065 0.2942055
0.2636141 0.4844477 0.4095558 0.4365231 0.7731897
0.4369433 0.2850083 0.156305 0.3797778 0.3207742
0.1536163 0.4800767 0.3672572 0.7388165 0.3335296
0.3121756 0.7613275 0.2442654 0.2937871 0.474183
0.8856268 0.1922351 0.4613879 0.5551949 0.2383469
0.2574349 0.4412361 1.308423 0.5501216 0.3780365
0.2055626 0.3356154 0.5138015 0.3510735 0.6909452
0.9962286 0.3129537 0.3027679 0.5188406 0.7581456
0.5793442 0.8258867 0.3480158 0.8025279 0.8330081
1.053866 0.325799 0.6320923 3.096177 0.6836453
0.2369757 1.02662 0.5157343 0.4268848 0.287531
1.07602 0.3415512 1.089157 0.1794855 0.4943991
0.4931006 0.7979911 0.7820308 0.4963849 0.301467
0.5721242 1.847557 1.022644 0.270612 0.2965293
0.2877512 0.4096035 0.5562535 0.6884678 0.4013643
0.5487314 1.088807 0.2970928 0.2739243 0.3126915
0.793689 0.2918353 1.039631 0.532225 0.5346625
3.348233 1.038508 1.04403 0.7289964 1.750601
0.9093079 1.679046 0.497157 1.731441 3.399512
0.3556337 0.3769057 0.7599285 0.654535 1.454667
1.158578 1.755093 0.6664908 0.6464775 1.341678
0.8296829 1.008526 1.245553 1.562506 1.09561
0.9297267 2.591187 1.135144 0.8275367 2.127054
4.829467 0.5728987 1.796651 0.5985155 2.772763
0.9729918 0.4222715 1.17627 0.4742182 0.4619682
1.83206 2.94543 0.6371508 1.972711 1.352002
1.076858 1.420537 2.586422 2.764105 0.9044428
0.8917179 0.9948525 1.541065 0.5561922 1.023188
0.7691093 2.450757 1.381118 1.756736 1.812558
1.604052 1.445288 1.022689 1.555607 2.130345
1.829711 1.464357 0.6885394 0.9006994 1.547191
1.111688 0.969813 2.016232 1.477251 1.558346
2.506136 0.2759818 1.33405 0.6376836 0.3503882
1.131579 0.3455933 0.3667843 1.011899 0.5571964
0.2354882 0.2184841 0.7092803 1.79969 0.2811555
0.4593892 0.2147579 0.2230363 0.415845 0.6151026
0.5956451 0.3653822 0.4715348 2.306623 0.5117844
0.6222801 0.3407006 0.6898381 0.5362614 1.101194
0.515517 1.121538 0.6496555 0.866385 0.4911576
0.7449593 0.9354108 0.9680649 3.63361 1.568703
1.378985 0.7973191 1.061323 0.6532599 0.1192349
0.2106408 0.7837023 0.576415 0.6346629 0.4610006
0.263614 0.208521 0.3258781 0.3218573 0.247703
0.2881626 0.4494743 1.097468 0.2267078 0.4310045
0.2905244 0.5999031 0.5087045 0.4296724 0.255605
0.5862703 0.5057783 0.4385145 0.5576891 1.136674
0.3642135 0.6708192 0.4441918 0.5425734 1.140864
1.308806 0.3626533 0.288897 0.2628414 1.828721
1.295185 0.5484606 0.2966583 0.458987 0.2899438
0.439705 0.4161902 0.3981969 0.3538312 0.4644957
0.614874 0.213849 0.3097322 0.4077287 0.2100111
0.4742294 0.1673842 0.4321084 0.5601807 0.3755574
0.5382902 0.4782587 0.4407347 0.7135519 0.486924
0.5650892 0.4757582 0.5743497 0.2615355 0.481376
0.4080913 0.3712746 0.5681856 0.3467471 0.6047928
0.3587717 1.10199 0.190157 0.8853837 1.026188
0.2373404 1.268028 0.9509063 0.5134163 0.3419547
0.2646576 1.804901 0.5479891 0.2791939 0.2253619
0.4403376 0.4911174 0.1926728 0.6647213 0.6830322
0.5961079 0.1758252 0.4848348 0.8464204 0.2013996
1.320969 0.457064 0.277961 0.2455749 0.2570061
1.310266 0.1459598 0.4190802 0.317491 0.2122737
0.5960719 0.7983427 1.204623 2.277356 0.6437768
0.6393355 1.126508 1.281577 0.9092411 1.119548
1.102284 0.4087992 0.8093355 0.715439 1.427882
0.6566219 1.595319 0.6280046 0.6787061 1.173448
3.528818 0.6461965 0.7327519 0.4735059 0.7654958
1.455101 0.8413503 0.682942 0.4012805 0.5588878
1.275445 0.4756933 0.589094 0.8035732 0.3987273
0.575613 0.987466 0.4025404 0.4689697 0.6502367
0.7749881 0.6641802 0.8456555 1.006521 0.3921211
0.6919234 0.3685265 0.6082959 0.402561 0.3671445
0.3818917 0.2804101 0.4733433 0.5814065 0.6654594
0.3085797 0.5586391 1.04436 0.5856822 0.4574654
0.8659469 0.5808531 1.689811 0.7838112 0.6894669
0.3565089 0.7897559 0.4042087 0.8285854 0.5549676
0.406533 0.2355456 0.5372057 0.3130889 0.9398214
0.9701118 1.514059 0.6955726 0.6246316 0.9598042
0.6503537 1.763579 0.6247191 0.5310542 0.7622663
0.7446781 1.275423 1.256009 0.4544776 0.9519483
0.7645104 0.5772366 0.3780705 0.4843687 0.6950164
0.2529711 0.6453318 2.27735 0.3837934 0.6653861
1.212844 1.314962 0.4993187 0.7670547 0.7139474
0.3506899 0.392705 0.8531373 0.7268719 0.5068488
2.916914 2.187114 1.032502 0.6172681 1.11768
1.490488 2.180004 1.098645 0.8043433 4.321371
3.687563 0.510571 3.220153 2.758804 2.116356
1.146937 0.77996 3.355477 0.7079282 0.6535015
0.7786248 0.9998811 2.360891 3.159654 0.3825338
0.7046195 3.691767 0.6587618 0.9626987 1.196785
1.470327 1.390463 0.4064731 0.3270341 0.5671177
0.8706543 1.091216 0.5901943 0.5080687 1.017846
0.6495747 2.615519 0.2281503 0.5621378 0.3960357
1.376489 0.4255528 0.3929813 0.4023144 1.144981
0.8851093 5.303052 4.014413 0.7590849 0.5203641
0.5516164 0.5484492 0.4515785 1.313364 0.5141828
0.4675946 0.4929399 0.3492667 0.4976446 0.3964368
0.6338369 0.4167562 0.202751 0.3782629 0.5810159
0.6300117 0.5086518 0.8993204 0.3451583 0.500233
0.4067114 1.401078 0.6757834 0.6134002 0.5409774
0.5792257 0.3879423 1.000095 0.4182051 0.5328923
0.6091632 0.5390315 0.2095904 0.5610144 1.421148
0.5084537 0.8077978 0.6151196 0.3298512 0.3488005
0.8000901 0.9190449 0.7415465 0.362346 0.4023269
0.4094369 0.7242607 0.2844666 0.4636456 0.5119229
0.4970733 0.7285058 0.3509323 0.3473471 0.3458899
0.980537 0.70398 0.3836985 1.237927 0.9019201
0.4403355 0.7708285 1.069027 0.3763535 3.505006
2.467286 3.401046 0.4133032 0.894576 0.542575
1.161047 1.714807 0.6274171 0.8143519 0.6569054
0.7923938 0.4121002 0.5408347 0.9905957 1.171647
2.059915 0.6911449 0.4766779 1.274495 0.943008
0.7731373 0.3369699 0.8107828 1.934351 1.239531
0.9552037 0.8954825 0.4370831 0.4600692 0.3125465
0.6705657 0.4375393 0.3772205 0.1558352 0.4414553
0.384814 0.442753 0.6771702 0.4289987 0.4771197
0.6009052 0.8901131 1.037167 1.463077 0.8194308
0.6001756 0.9684354 0.918061 0.7752164 0.5012498
0.5876788 0.4516018 0.6387238 0.4290615 0.3485043
0.7143752 1.061781 1.377093 0.3598146 0.5038639
0.4254396 0.2294851 2.758344 1.845536 0.7685823
0.2736773 0.4789191 0.4861518 0.3296663 0.3605129
1.833918 1.122861 0.281701 0.3199108 0.2991761
0.4100331 0.3390583 1.073049 0.3448061 1.092246
2.499702 1.02164 0.7518714 1.777791 0.8899974
0.7938173 0.5435041 1.02186 0.8372566 0.554081
1.307736 1.359633 0.4626567 0.4540504 0.4816565
0.63515 0.812891 0.3222161 0.6753069 0.7302783
1.703894 0.6613831 1.107466 0.7494614 0.9518108
0.3578363 1.121591 1.762391 0.7126049 1.477376
0.5332141 0.6418607 0.6769225 1.239811 0.4178248
0.4500882 0.8680044 0.4017825 0.4408095 0.5778808
0.9020915 1.145643 0.8171649 1.118024 0.7832888
0.6237128 0.822963 0.7104005 0.4809261 1.066539
0.6955519 0.5916162 1.09785 0.4687267 0.5607593
0.6243742 0.7729974 0.3547518 0.4588165 0.1795905
0.3078217 0.2662634 0.2836521 0.443616 0.3566226
0.2204456 0.4840995 0.4267352 0.2225436 0.3021372
0.2714738 0.2893726 0.6605957 0.2797494 0.7801145
0.2408612 0.2863152 0.7304067 0.4546053 0.6296033
0.3209049 0.5838759 0.5858173 0.1457657 0.2918109
0.2726597 0.730888 0.5779952 0.4889226 0.8147436
0.9041457 0.3728125 0.743055 0.4884886 0.5766348
0.5223183 0.6918055 0.4386624 0.5450616 0.9004632
0.1973362 0.3180912 0.2128168 0.3034587 0.344798
0.3089962 0.4879269 0.2339002 0.3187506 0.4431854
0.4741392 0.9336346 0.3767082 0.1591725 0.3278735
1.802791 1.182611 0.479961 1.291983 0.3535243
2.90419 0.2814336 0.3357462 0.2398339 0.3733934
0.2576939 0.2214653 0.7275643 0.6702908 0.231367
0.7574373 0.1688166 1.007782 0.4743731 0.6955777
0.28463 0.2776811 0.375296 1.042126 0.6715978
0.602585 0.2613172 0.4865632 1.066624 0.289949
0.3901702 1.003986 0.5584608 0.3729032 0.7589003
0.4782207 0.6369566 0.3240231 0.2426817 1.316631
0.3262865 0.2710624 0.2117998 0.5921811 0.5182717
0.3977786 0.9177855 0.3463726 0.354403 0.8368249
0.6982194 0.2647214 0.4043821 0.5582835 0.2430124
0.3903301 0.2810528 0.2126229 0.1668261 0.5870171
0.2716999 0.4014138 0.2897263 0.2912974 0.7976267
1.330827 0.3342275 0.3681854 0.6021266 0.1958443
0.1610975 0.2622965 0.3987564 0.2734652 0.3505145
2.132804 0.2995137 0.1832015 0.6458234 0.5466381
0.3894185 0.6083363 0.3621469 0.5173746 1.014307
0.2897552 0.868737 0.2459422 1.797694 0.22619
0.6948741 2.428359 0.1287444 0.7126048 0.4771297
0.3007913 0.9842438 0.2925096 1.379759 0.603669
0.9135334 1.101991 0.2147016 1.845962 0.209922
1.229961 2.212336 0.7726658 0.4840054 0.2481756
0.6697346 0.1812055 2.776907 2.214831 0.2060961
1.151441 0.2181523 0.3792982 0.1578415 0.3872464
0.3404359 1.84782 1.381199 0.2271566 1.154266
0.8582932 0.8905239 0.2910959 0.8618735 0.8007358
0.5891113 2.157363 1.374756 0.2748062 0.5588714
2.131849 1.714938 0.5481416 1.369432 1.116281
0.5859006 0.4720385 0.5054328 1.297756 0.2278027
0.9668655 0.6006362 0.1805272 0.6470243 0.7260312
1.202267 0.2970852 0.2546953 0.5319256 1.605772
0.801065 0.2484088 0.4198191 0.253751 1.763433
0.4951881 0.7673373 0.236685 1.071599 0.2221381
0.659999 0.7709095 2.440489 0.9003558 0.5911047
1.724252 0.8139318 0.4741033 1.349967 0.8892251
0.3216822 2.733906 1.28116 1.99298 2.760366
1.053401 1.738543 0.7086034 1.349967 1.397229
0.5977396 0.5699763 0.6739673 0.5802851 0.5924228
0.6055008 0.9382726 1.694672 1.313335 0.7482335
0.7459911 0.627211 1.658781 0.8836722 0.3272623
0.7851378 1.225013 0.4416026 0.8031668 1.415059
1.7093 0.6327766 0.3261045 0.3175971 0.3713463
0.3204166 2.441712 0.3716386 0.798706 0.4201569
0.5140935 1.053336 0.3537635 0.5164425 0.4427476
0.7342677 0.2878233 1.178116 0.6390569 2.510778
1.117222 0.6085946 0.7937168 0.4276347 0.1535979
0.5144626 2.454197 0.6698968 0.1678675 0.6904799
0.9384603 1.442 0.7225988 1.338977 1.999899
4.985249 1.262548 0.4681994 0.8996556 0.3862569
0.4560067 1.440128 0.3773781 0.6743361 0.5960123
0.8681476 0.8418246 1.209114 0.5035668 1.200356
0.7230591 0.562794 0.6694257 0.6086968 1.355067
0.8765877 0.4682114 0.8828081 0.6095906 1.062969
1.256759 1.012172 0.9124236 0.9106821 3.395539
0.6540355 0.6950453 0.6330505 1.132952 0.7846895
0.8040675 0.8667416 1.427675 1.103105 0.3013157
1.75293 0.4882805 0.3153032 1.237506 0.7304477
0.6583809 0.600009 1.230053 0.7078836 0.6301552
0.6530229 0.7079775 0.8727356 0.5856747 0.5456964
0.9784629 0.4520068 0.730558 1.159021 0.5086671
0.3288398 0.3048079 0.4748546 0.4156396 0.4958661
0.4011162 0.6605496 0.2330499 0.3674895 0.3778481
0.2374257 0.2839769 0.337545 0.6350981 0.2543724
0.2928181 0.3148878 0.4067161 0.6340848 1.243821
0.2932688 0.8660091 0.1921887 0.3249509 0.2187019
0.4283487 0.25114 0.6614932 0.3360268 0.8501257
0.2584175 0.7142335 0.3637514 0.164799 1.11632
0.4970844 0.4862966 0.4258277 0.2288953 0.7929612
0.4725902 0.2221337 2.341162 0.4090909 1.075119
0.3261171 0.4099177 0.3052656 0.238823 0.8397829
0.4256965 0.2441486 0.6113349 0.2519609 0.5765681
0.6319451 0.4059852 0.7894297 0.7020729 0.2675895
0.2953868 0.5349402 2.967634 1.91268 0.8924831
1.745062 2.092616 1.058745 1.381062 0.4679612
1.004053 0.405977 1.402813 1.937633 0.4886412
1.030035 1.0621 1.34721 0.722613 0.8623768
0.7139523 0.408265 3.436707 0.9079085 0.5280266
0.5119797 0.9843428 1.470128 0.1622937 0.2861266
0.2773243 3.281822 0.705602 0.7886217 0.7994462
0.3027675 0.6803128 1.235672 0.8960259 0.3285229
0.455688 0.9525027 3.694607 0.8985796 0.7332378
1.372679 0.5039961 0.5877631 0.4490434 3.10848
0.2242387 0.8194356 0.7696453 0.8911552 0.631512
0.9356773 0.5472613 2.093847 0.9988532 1.120525
0.9928542 0.4670271 0.9780712 0.7629471 0.398225
0.7331249 2.530387 0.5450424 1.72334 0.697396
0.5666703 0.702806 0.9254124 1.060737 1.113457
0.7375732 0.6004601 0.8991678 1.0589 1.240605
0.7366229 2.757728 0.7518137 1.003688 2.397144
0.9896336 0.5608382 0.6195662 0.5945704 0.7778806
0.5879558 1.29833 1.838626 0.479237 1.796964
0.6891348 0.7516336 1.030357 0.5403717 0.7792736
0.2763625 0.5240202 1.184178 1.213078 0.314625
0.358534 0.8829894 0.4845398 1.578815 0.4165608
0.7830677 0.4040353 1.764507 0.3697996 0.2418172
1.487007 0.3978256 0.4692534 0.9525392 0.4383692
0.7069998 2.67471 1.133574 0.5151921 0.3336671
0.3538528 0.3983403 0.2393197 0.3842352 1.127443
0.1846893 0.6891553 0.408316 0.4969295 4.612802
0.4269788 1.001574 1.559354 0.9407451 0.6610713
1.052352 0.8455745 0.9486599 0.4883353 0.2973712
3.384 1.340166 0.6335444 0.7039549 2.386539
0.2660026 0.442809 0.4137605 0.5346755 0.3720985
0.9686788 0.4422714 0.3867954 0.4288126 0.7364131
0.534837 0.8750628 1.834068 1.096199 1.034571
2.385926 0.9194318 0.2676258 1.481656 3.15491
2.729247 1.276936 0.1745029 3.244093 0.3899454
1.58863 0.2877153 4.327867 2.21132 0.323947
1.336106 3.083575 2.980379 1.814174 2.012423
1.799155 0.5964191 2.156376 1.71947 1.13907
0.8042943 0.590146 0.3627193 0.7309911 3.548774
3.091652 0.4688373 1.433871 2.930752 1.835714
0.3144391 0.2923349 3.470834 1.338668 1.93348
0.3404176 4.683744 2.774966 1.6044 2.089808
4.06065 4.646085 0.8370686 1.011372 2.725257
0.2267443 1.361494 2.511124 0.9480333 1.452351
3.317848 1.088476 1.160139 1.225044 0.9545685
0.3675095 0.6426634 0.6775909 0.8690687 0.1792345
0.7306822 0.5774462 2.125806 1.37721 0.6273043
0.6631732 0.6453416 0.4812887 0.5772718 1.100305
0.7239359 3.791371 2.702596 1.127359 0.8174811
0.6296914 2.569953 0.8558702 0.4459472 0.3670848
0.538005 0.2915368 2.744805 0.4448661 0.4815222
0.7724711 0.5355564 0.6842602 0.3085428 0.8829066
0.4346816 1.728841 0.7291587 0.7027908 1.154001
0.9486836 0.3394454 1.292382 0.6139772 0.3998107
0.3693878 0.5066517 0.6455339 0.2903791 0.568822
0.5749247 0.3013175 0.6538567 0.6579368 0.2029067
0.3227449 0.3363884 1.080515 0.7590997 0.538793
1.686804 0.463759 1.011384 0.5767518 1.081881
0.4939202 0.2068307 0.8865408 2.704856 1.359865
0.7129576 0.2819394 0.4506453 0.191879 0.3332947
2.7477 0.6511838 0.2356585 0.4097944 0.6374435
1.308374 0.4183572 0.7679245 0.5083213 1.089397
0.7741697 0.25262 1.823887 0.2498825 3.447936
0.7223119 2.092709 0.766985 1.362885 1.138929
1.359037 1.275514 0.909032 0.6497826 0.2236967
0.2365733 0.516574 0.2953187 0.7601275 0.4663045
0.383714 0.5983671 0.7962565 0.600561 0.8502111
0.6127829 2.762743 1.085254 0.318189 0.4061156
1.174734 0.7774566 0.656134 0.8645107 0.654202
1.827129 0.4690848 0.7442096 0.1966641 1.069609
0.9291651 3.470848 1.540228 1.167514 1.370788
0.3369233 0.4166491 0.6072347 0.5418366 0.8280223
0.2964072 0.4878915 0.3841378 1.891509 0.992359
0.8669532 0.3303837 0.4422366 0.4359439 0.5975376
0.9890215 1.714901 0.2196116 1.088 0.7452364
0.8054968 0.6685808 0.6779687 0.2310435 0.9602914
0.3920229 0.393424 0.4767834 0.2732738 3.794382
0.5913243 0.3187162 0.229005 0.3408183 0.5055555
0.6099842 0.3786194 0.3590629 0.7003673 1.021068
0.5752659 0.3722881 0.978318 1.178896 1.142826
0.8003218 0.4263893 1.559525 0.6017981 0.4717763
1.405691 0.3460194 0.5080955 0.515707 0.2628316
0.4497778 0.2603365 1.454364 0.4544801 0.3529643
0.4360973 0.4102357 1.39386 0.466079 0.6531162
0.7067537 0.6152241 0.5604617 0.3241836 0.312794
1.258865 1.626849 1.803262 0.68368 0.6542121
1.368129 1.044959 0.6227348 5.266839 1.158145
0.7214566 0.3460181 1.992983 1.094974 1.620754
0.4862042 2.439537 0.9471219 4.159959 2.747679
0.3891066 1.080532 0.2994166 0.4971181 0.4879996
1.216778 3.687463 0.8485172 0.3877213 1.034849
2.773181 3.79164 0.6601652 0.7275783 0.3115448
0.315442 0.983256 0.3991993 0.6129163 1.178402
0.5284552 0.8165838 1.433411 0.6580554 0.4786308
0.5064494 0.6093458 1.436671 0.457024 1.085565
0.5342597 2.735532 1.827244 0.5702234 0.8192796
1.14667 1.827227 1.421909 0.4280987 0.6888951
0.8061419 0.4522147 0.5147372 0.3503362 0.5385628
1.761054 1.141795 0.6087528 2.180101 0.6700451
0.5390228 0.6906926 0.4235137 0.4551891 0.39406
1.483391 1.085346 2.057471 0.3448971 0.2901156
0.2867951 0.524163 0.4307808 0.9291074 0.6170261
2.420722 0.656366 1.084898 0.4247713 0.1832826
0.2107012 0.2798878 2.352169 1.847889 0.1913225
0.5643862 1.373214 0.3719015 1.450846 0.3587423
1.821326 0.5029875 2.169316 2.733301 3.697633
0.6163014 1.206055 0.5972684 2.220779 2.440543
1.490849 0.8173461 1.203987 1.0452 1.205848
1.057207 0.6543047 0.7865909 0.921613 0.7819707
0.4332328 3.245877 1.773308 0.2388261 1.216361
0.9153806 0.7947058 1.548728 1.789786 0.4996311
1.530618 0.8443885 0.7058709 0.9027313 0.8633531
0.6730571 0.8190057 1.036738 1.032013 4.612802
1.335673 0.5367518 0.5697997 1.566943 0.5317234
2.030198 1.341017 0.8916162 4.965664 1.160687
2.328007 0.3677943 1.383255 4.2987 0.7927978
0.8378034 0.5993654 0.7114996 2.887563 0.3297559
0.9547304 1.329512 0.73403 1.757438 0.9690627
0.5934346 2.000579 1.429549 0.6252108 0.5320174
1.658695 1.113288 1.166929 0.7677282 3.681782
0.8934719 1.037137 2.3097 0.401818 0.9161615
4.114953 0.7070278 0.3790468 0.5352783 0.844275
0.4337753 1.768573 0.9399498 0.7223893 0.7802895
0.978612 0.5185408 1.654337 1.119727 1.194374
0.5082491 1.509078 1.162544 1.804147 0.3788711
0.7317074 0.5670526 0.5343529 0.9959142 0.3677482
0.8481348 2.503636 2.648455 0.3803055 1.037907
0.9023318 0.4386241 1.379195 1.524308 0.532109
0.5732878 4.322253 3.477228 3.103621 1.838134
0.7171008 1.204087 0.5663574 0.3465754 0.3834497
0.7241663 0.5736669 0.6142362 0.4519038 0.5351745
0.6581505 0.3814092 0.221091 0.1759601 0.1512351
0.3876406 0.5674864 0.2533215 0.9249199 0.3527431
0.5690791 0.2209037 0.6013635 0.2428084 0.5228118
0.3771308 0.3633907 0.8954868 0.6254378 0.2993905
0.3833563 0.3400104 0.2553156 0.2236352 0.3267257
0.3274421 0.2032203 0.2772121 0.3166098 1.587324
0.3248278 0.4591468 0.3811199 0.6629353 0.2696647
0.4191707 0.4940163 0.3425009 0.7574115 0.6086019
1.187914 0.439173 2.362451 0.9819126 0.6639671
0.4399495 1.815397 2.277144 0.7283655 1.12568
1.526148 0.3912853 0.3561555 0.8608912 1.332967
1.184178 0.5011074 0.6846731 4.570701 1.502486
0.976192 2.253217 0.9324937 0.4032551 0.1611506
0.3871971 0.8669754 0.4238998 0.6525671 1.441825
0.8804339 0.5392485 0.8721548 0.4345278 0.5096057
3.474131 0.4527301 0.424112 1.253429 1.196708
2.773217 0.4802787 1.223574 0.7185412 1.214081
1.28381 0.3714882 0.3841419 0.7274605 0.6411985
1.475925 3.124076 0.4226142 0.9749041 0.5352509
0.3001121 0.6790664 1.475925 1.044003 0.7534098
1.168103 0.8939325 0.7075555 0.779362 1.780373
0.4328968 0.3706461 1.797757 0.2910959 1.610066
0.5391594 0.5094001 0.5877721 1.016702 0.1847525
0.5481425 0.5159331 0.8557796 1.637336 1.307235
1.242355 1.272046 0.7421432 0.3465461 0.8115617
1.669656 0.8070293 0.3488882 1.461026 0.8992304
1.616953 1.825677 0.9908526 0.5940606 1.271915
1.202326 3.141472 1.332441 1.106701 1.118372
2.018226 1.392064 2.02272 0.7578054 0.7025204
0.7023489 0.2675372 0.7358508 0.7654297 2.06545
0.176895 0.9769899 0.613435 2.615401 0.4865298
1.389206 0.2972341 0.4713833 1.835525 0.8754407
1.150084 0.3746282 0.7014759 1.559299 1.687657
0.4809611 1.243453 1.014541 0.9623323 0.3757983
0.5948706 0.8334349 0.6096104 4.014401 2.674591
2.485277 0.8254717 1.070374 0.9474562 0.6609567
0.6741362 0.6382472 0.7568892 0.865924 0.8633605
0.3080499 0.7036302 0.7121601 1.084877 2.453444
3.3263 1.434688 0.8907733 0.3500639 0.2671352
0.4971574 0.4664785 0.2545601 1.283691 0.8306014
2.214875 1.958641 0.6732835 1.308374 0.6037979
0.5617125 0.3961854 1.245347 1.210513 3.834592
0.9054281 0.6663736 0.4611107 0.482308 2.441026
0.518231 2.504738 0.9503731 0.6470067 0.595312
0.9981223 0.5830382 1.093412 2.45715 0.7130325
0.9001687 0.543625 0.6808748 0.5772907 0.7886596
1.191164 0.6797198 2.33309 1.210402 0.5274483
0.8718859 0.7469375 0.8818903 0.7502114 0.5296261
0.5102346 0.6156095 0.7713786 0.8984594 0.8112189
0.9894165 0.8974358 0.7128417 0.5403507 0.4524451
0.7309885 0.9243996 1.000757 0.4575916 0.4713099
0.3449646 0.5963481 0.821306 1.405794 0.6888773
1.095883 0.6682867 1.186161 0.3912067 0.9650311
0.7528376 0.9099534 0.5937328 1.210983 1.023744
0.6741226 0.5783086 1.024313 0.4644012 0.9183384
0.7264357 0.7291019 0.5580553 0.5682075 0.4139012
0.3701213 0.9827307 0.7581465 0.8598181 0.2993849
0.5892349 1.416852 1.4098 0.8442284 0.7779481
0.516201 1.115728 1.330604 0.5051098 2.88349
0.3182847 0.7042937 0.4451966 0.7593186 0.4146746
0.1964816 0.6208867 0.5252336 0.4447902 1.292669
0.7385112 0.5960805 1.523101 0.338748 0.9485121
1.036468 0.9886651 0.8916566 0.6186412 0.6154518
0.3876186 1.425406 2.741806 0.9238538 0.9969811
0.8255945 0.8898615 1.678312 0.6199463 1.560721
0.505577 0.2611945 0.4461921 0.9098196 0.9080897
0.6300312 0.7603032 0.6715089 0.7100552 1.012018
0.5861301 0.5939806 1.601904 0.6167932 3.238076
3.305665 0.6481543 0.9743219 0.4978605 0.261483
0.6724304 0.5057122 1.52442 0.4619076 1.268379
0.9980647 0.6769101 0.5926656 0.4775043 0.4918458
0.2415139 0.2934185 0.331797 0.3938534 0.3776424
0.7638097 0.2943037 0.6190813 0.7802281 0.3402454
0.2795522 0.3591184 0.5329556 0.8747979 0.6701722
0.6413009 0.3983658 0.4984102 1.325567 0.3533979
0.3816069 0.5516536 1.601197 0.3582334 0.5467449
0.2203234 0.6124249 0.6173311 0.3568927 0.8301333
0.4819954 1.341312 0.7580459 0.4504076 1.370786
1.065418 0.719679 1.062503 0.6779982 0.3997197
0.6326052 0.7265247 0.7120686 0.8218935 0.4030887
1.118569 0.3223518 0.2156288 0.4465387 0.3766876
0.3853716 2.775073 0.5562704 0.4848073 0.3992815
1.644026 3.406755 0.7744683 2.728602 0.2872758
2.291604 0.4586904 1.101458 3.689783 0.930914
0.1684205 1.819421 0.4801467 0.6133475 2.132805
0.4796218 0.6253132 0.2734066 0.692643 0.4974873
0.1109701 0.2395568 0.6388375 0.3069249 0.5309491
0.3841916 0.187522 0.6743947 0.2054651 0.4096731
2.440824 0.2445232 0.2602777 0.3070029 0.3779701
1.19118 2.116362 0.5279127 0.2893028 0.4507191
0.4752076 0.3900439 0.6224396 0.8691489 0.3598919
1.036052 0.5284029 0.7544795 0.8221901 0.2806732
0.845154 0.5485246 0.4441955 0.6236685 0.5257892
0.4574587 0.7820389 0.7290324 0.3649522 0.7324563
0.1964276 0.2664959 0.7076539 0.3288043 0.6218443
0.364291 0.1661403 0.2689789 0.6581188 0.3338445
0.4498307 0.1919519 0.1939306 0.3321095 0.5306355
0.3718135 0.7199579 0.3488223 1.073856 0.6143689
0.3756326 0.3404692 0.2842662 0.2758932 0.2301309
0.5504964 0.197337 0.2826552 0.2326817 0.5412834
0.4786114 0.5195339 0.3213051 0.2510533 0.247409
0.5683262 0.1769217 0.2925242 0.2685712 0.4139622
0.4117655 0.4073518 0.2963487 0.724764 0.4874083
0.234937 0.4192384 0.377294 0.7321687 0.2618708
1.202635 0.4958017 0.3377266 0.3043202 0.2988135
0.6764783 0.3070371 0.6128348 0.4805399 3.326305
0.3082233 0.5051751 1.624324 1.763533 0.9993789
0.2591909 0.3761012 0.4180863 1.457318 0.940329
0.3726572 0.6750081 0.7411205 0.943842 2.037017
1.496357 0.8117268 1.030879 0.5356043 2.176472
0.368646 1.01769 0.4543486 1.037515 0.6892588
1.1452 0.1430714 0.4760157 0.5968275 2.273265
2.858933 1.995437 0.5622417 0.4277424 2.440962
0.6729177 1.171104 1.283903 0.396119 1.247113
0.3611797 0.7915424 0.3789642 2.363059 1.051778
0.6061486 0.4332944 0.3936595 0.3725887 1.77736
0.3998392 0.7915424 0.2056052 0.9748745 0.4337609
1.367378 1.593463 0.6010418 0.5597263 0.9585045
2.615402 0.6670835 1.028801 1.028698 1.530696
0.9300437 0.4453488 0.9723522 1.168652 1.988832
0.5951551 0.771876 1.313475 0.9984774 0.4445661
0.6684161 0.8292448 1.441394 0.4254021 1.183646
0.5525879 0.5433848 0.5469057 0.3588161 0.6381176
2.01119 1.049308 2.318014 1.052756 1.918316
0.7458875 0.5203683 0.5773904 0.5791313 1.18617
0.8279794 0.5208651 0.4801373 0.8147938 2.615401
0.6856842 1.762949 1.020945 0.5373396 1.64462
0.3865585 0.6830448 0.7799166 0.8198672 0.3704089
0.7761691 2.542181 0.5547801 0.5642979 0.9077617
0.4972025 0.5797616 0.3409394 1.376787 0.5053756
0.3223851 0.494477 1.108607 1.011749 0.3472439
1.116879 0.6500858 1.046131 2.076637 0.7396365
1.110359 0.3892144 0.5072032 0.470522 0.4819764
1.419993 0.7341708 1.187883 0.5765728 0.4333378
0.5858341 1.083712 1.116649 1.60453 1.01458
0.8009032 0.5946782 1.724272 0.2873658 0.2951123
0.583951 0.4941466 0.876531 1.736053 1.985563
0.5368124 0.7315856 0.4520372 0.6847987 0.7952074
0.3562952 0.7315772 0.6598789 0.2843756 1.451926
2.59563 0.3442865 1.724272 0.4901899 0.7526604
0.8636407 2.747701 0.8729888 0.5764311 0.3479344
2.094935 0.7605104 0.50601 0.4906849 1.251164
0.4768065 0.878518 0.2918818 0.8678579 1.050937
2.441265 1.120745 1.737803 0.6931827 0.3632295
0.2458932 0.7146306 0.3898936 0.5282237 1.724342
0.1581734 2.241871 0.4071132 0.5063073 0.3618807
1.35514 0.4170352 0.5615487 0.2378414 0.3108807
0.5012978 0.1871153 0.4169438 0.7689973 1.021427
0.8239072 2.112598 0.5189956 0.2466182 0.7144806
1.652557 0.3876258 0.994169 0.2358108 0.2637543
0.2282687 0.440066 0.6398531 1.119662 0.4815677
0.7501147 0.5487427 1.353752 0.5751659 0.4316872
0.3427019 0.5064246 0.2488891 0.6464473 0.6858762
1.61809 2.475868 1.032265 0.6803941 2.438993
1.474621 0.933443 1.081037 0.4455815 1.229831
1.358155 0.7110393 0.3728038 1.782475 0.7779411
2.667441 0.9873196 0.87084 3.137598 0.5817546
0.9950838 0.6679945 2.168859 2.809226 1.302116
0.8134273 0.3583217 1.06194 1.318757 0.5160378
0.838791 1.424268 0.9761826 1.189066 0.4429905
