0 3.25 2.222222 3.111111 0
0 0 3.822857 0 3
2.315132 2.6125 2.45 2.5 2.444444
4 2.333333 0 0 0
0 2.86 2.422222 0 2.579365
0 3.016667 3.111111 2.25 3.409524
3.2 2.8 4.057778 3 3.133333
3.5 3.666667 3.4 3.533333 3.266667
3.25 2.652381 2.866378 3.3 2.6
3.053333 3 3.25 2.741667 3
0 0 0 0 0
0 0 0 0 0
0 0 0 0 0
0 0 0 0 0
0 0 0 0 0
0 0 0 0 0
0 0 0 0 0
0 0 0 0 0
0 0 0 0 0
0 0 0 0 0
3.022222 4.555556 3.111111 2.5 3
3 2.583333 0 3.314286 2.933333
3.155556 2.93 0 2.839286 3
3.18 2.472222 2.9 3.45 2.911111
2.412698 0 2.5 0 2.666667
0 0 2.301587 0 2.362637
2.833333 2.293889 2.36627 0 2.290524
2.276667 0 2.488889 2.242857 2.258333
0 2.36381 2.4 2.244444 2.527778
0 0 0 2.366667 2.285714
0 3.333333 2.25 3 0
2.916667 0 2.4 2.888889 0
2.45 2.333333 2.5 2.6 2.45
0 0 0 4 2.583333
0 0 2.666667 2.533333 2.5
3.5 3.131429 2.916667 2.444848 4
3.25 3.12 2.888889 2.75 3.375
3.5 3.157143 3.022222 2.866667 3.222222
2.7375 0 3.575 3.333333 2.702222
2.980952 4 0 2.911111 2.777778
0 0 0 0 0
0 0 0 0 0
0 0 0 0 0
0 0 0 0 0
0 0 0 0 0
0 0 0 0 0
0 0 0 0 0
0 0 0 0 0
0 0 0 0 0
0 0 0 0 0
0 2.885714 2.46 0 0
0 0 3 0 0
0 0 2.311111 0 0
2.952381 3 3.333333 2.655556 0
0 0 2.916667 0 0
0 2.433333 0 0 0
0 0 0 2.875 0
0 0 0 0 0
2.473333 0 0 0 0
0 0 2.327778 0 0
2.666667 2.333333 2.2 4 0
2.285714 2.190909 0 2.325 2.2
0 2.45 0 2.517483 2.47619
2.333333 0 0 0 2.242857
3.311111 2.25 2.857143 2.215909 2.216667
0 0 0 0 0
0 0 0 0 0
0 0 0 0 0
0 0 0 0 0
0 0 0 0 0
0 0 0 0 0
0 0 0 0 0
2.9 0 0 0 0
0 2.5 0 0 0
0 0 0 2.625 0
0 0 0 2.75 4
3 3.555556 3 2.833333 4
0 3 0 2.7 3.388889
2.666667 3 4 0 3
3 4 2.583333 3.5 0
4.466667 4.916667 5.888889 4.2 4.233333
4.083333 3.777778 4.666667 4.586667 4.544444
3.755556 2.8 4 4.466667 2.766667
3.7 4.48 4 4.333333 5.5
4.333333 4.14 3.933333 4.506667 5
0 4 0 3 3
6 0 2.8 3.333333 3.777778
2.833333 0 0 0 3.333333
2.649084 0 2.85 0 3
4 2.744444 2.325 0 2.72619
3.2357 3.834345 5.198484 3.457585 2.666667
4.53622 4.265715 4.483436 2.752381 3.352206
2.817524 3.466627 2.698611 4.409548 4.59918
3.641012 3.771379 3.230164 3.190698 4.082444
2.649615 3.177778 4.75991 3.720911 3.644906
2.133333 3.044444 0 2.916667 2.5
0 2.493333 2.5 2.285714 2.533333
2.333333 2.5 0 2.9 2.285714
2.583333 0 0 0 2.583333
0 2.833333 0 0 0
0 3 0 3 0
0 2.5 2.666667 0 0
3 0 2.7 0 0
2.5 0 2.833333 0 0
0 0 2.5 0 3
4.326667 3.444444 3.482143 3.39619 3.133333
4.56 3.533333 2.666667 4.326667 3.946667
4 2.348485 2.5 3.6875 3.111111
3.5 4.166667 2.6 4.214286 0
3.833333 0 4.553333 3.429206 3.295
3.6 3.313333 2.788889 3.375 3.471429
4.066667 3.826667 3.666667 3.38 2.62
3.916667 3.193333 4.26 3.05 3.416667
4.166667 3.36 4.028571 2.8 3.059524
3.833333 2.8 3.1 3.916667 3.6
0 0 3.035256 0 0
0 2.334921 0 0 0
3 0 0 3 2.966667
2.285714 0 2.2 3 0
0 0 2.666667 2.351852 2.777778
3.637745 4.766336 3.915957 2.412401 4.144597
2.769487 3.68238 4.8403 2.798995 2.333333
3.210769 2.744949 2.931209 3.711964 0
3.991821 2.862843 5.297605 2.363636 2.130952
3.92033 5.035534 3.466082 5.348991 2.665669
0 0 0 0 0
0 0 0 0 0
0 0 0 0 0
0 0 0 0 0
0 0 0 0 0
0 0 0 0 0
0 0 0 0 0
0 0 0 0 0
0 0 0 0 0
0 0 0 0 0
0 0 0 0 0
0 0 0 0 0
0 0 0 0 0
0 0 0 0 0
0 0 0 0 0
0 2.815476 3.166667 4.5 2.533333
0 4.229167 2.5 2.821429 3.166667
2.5 2.484127 0 3.142857 0
2.722222 3.7 3.22381 2.890909 3.25
3 0 3 2.666667 2.988889
2.84 4.868225 3.630709 3.854135 2.950315
2.921427 4.69369 4.225628 3.894287 2.722839
2.69831 3.815241 2.232708 4.277766 3.779444
4.137089 4.039922 3.268485 3.316239 3.878306
2.662477 2.739792 3.331776 3.966504 4.14353
0 0 0 0 0
0 0 0 0 0
0 0 0 0 0
0 0 0 0 0
0 0 0 0 0
0 0 0 0 0
0 0 0 0 0
0 0 0 0 0
0 0 0 0 0
0 0 0 0 0
3.555556 2.666667 0 0 0
0 2.666667 0 0 3
3.222222 0 0 0 2.611111
0 2.4 0 2.791667 0
0 2.444444 0 0 0
0 2.285714 4 3 0
2.2 2.846561 2.56881 0 2.75
2.446429 4 0 2.434524 2.444444
2.819444 2.419567 2.757792 2.579167 2.333333
0 2.785714 3.174848 0 0
2.666667 3.493333 3.875 5.088571 3.42
4 2.626667 0 3.055238 3.333333
3.675 3.104444 3.18 3.266667 3.044444
2.746032 4.658571 4.05 3.833333 4.326685
3.333333 3.833333 3.06381 3.133333 2.833333
0 0 0 0 0
0 0 0 0 0
0 0 0 0 0
0 0 0 0 0
0 0 0 0 2.416667
0 2.666667 2.285714 0 2.416667
2.522222 2.285714 2.333333 0 0
0 0 0 2.666667 3.055556
0 0 0 0 0
2.7 0 3.111111 0 0
0 0 0 0 0
0 0 0 0 0
2.722222 0 3.222222 0 0
0 0 0 0 0
0 0 0 0 0
0 0 0 2.1875 0
2.535714 0 0 0 0
0 3.046237 0 0 0
0 0 0 0 0
0 0 0 0 0
2.7 3.359615 2.666667 2.366667 0
0 0 0 3.093651 3.091429
0 3 2.620707 2.87619 0
0 3.12022 2.743598 2.81746 2.555556
2.75 2.583333 0 2.631429 2.486508
3.5 0 0 2.458333 3
0 2.666667 0 0 2.791667
0 2.488889 2.666667 2.5 0
2.5 0 2.4 2.5 2.666667
0 2.416667 0 0 2.666667
2.965812 2.793651 0 2.8 0
0 0 2.196078 2.716883 0
0 0 0 0 2.416667
0 2.517483 3.333333 0 0
0 2.25 0 0 2.470588
3.29789 4 3.608831 2.666667 0
3.633333 3.192857 2.823333 3 0
0 3.330635 0 3 0
0 3.011905 2.982251 0 3.633478
3.777576 2.777778 2.633333 4 2.625
3.583333 2.714286 2.391304 0 2.7
0 3.288999 2.4 3.222222 2.678571
3.309697 2.800952 2.594624 2.816508 3.213651
3.15 0 3.44802 2.916667 3.58552
3 2.609722 2.498611 4.896667 4.419364
0 0 0 0 0
0 0 0 0 0
0 0 0 0 0
0 0 0 0 0
0 0 0 0 0
0 0 0 0 0
0 0 0 2.4 0
0 0 0 0 0
0 0 0 0 0
0 0 0 0 0
0 0 0 0 0
2.529762 0 0 0 0
0 2.450794 0 0 2.533333
0 0 0 0 0
2.45 0 0 0 0
0 0 0 0 0
0 0 0 0 0
0 0 0 0 0
0 0 0 0 0
0 0 0 0 0
0 0 0 0 0
0 0 0 0 0
0 0 0 0 0
0 0 0 0 0
0 0 0 0 0
0 0 0 0 0
0 0 0 0 0
0 0 0 0 0
0 0 0 0 0
0 0 0 0 0
0 0 0 0 0
3 0 0 3.5 0
2.666667 0 0 0 0
3 0 2.666667 0 0
0 0 0 0 0
0 0 0 0 0
0 0 0 0 0
0 0 0 0 0
0 0 0 0 0
0 0 0 0 0
0 0 0 0 0
0 0 0 0 0
0 0 0 0 0
0 0 0 0 0
0 0 0 0 0
0 0 0 0 0
0 0 0 0 0
0 0 0 0 0
0 0 0 0 0
0 0 0 0 0
0 2.333333 2.40404 0 0
0 0 2.5 2.5 2.666667
0 0 0 0 0
0 2.857143 0 0 0
2.666667 3.333333 0 2.273016 0
0 3 2.666667 2.5 0
2.472222 2.654978 2.333333 2.361905 2.431429
0 2.285714 2.5 0 0
0 0 0 0 2.416667
0 0 2.696538 0 0
0 0 0 0 0
0 0 0 0 0
0 0 0 2.181818 2.533333
0 0 2.348254 2.264286 0
0 0 0 0 0
2.4 0 0 0 0
0 0 0 0 0
0 0 2.5 2.5 0
0 2.4 0 0 0
0 0 0 2.1125 0
0 0 0 2.309524 0
0 0 2.380556 2.281481 2.324838
2.2 2.5 2.373016 0 0
2.311905 2.62381 0 2.333333 0
0 0 0 2.366667 0
0 0 2.5 0 0
0 0 2.533333 0 0
3 2.566667 0 2.45 0
2.5 0 0 2.623626 0
2.525 0 0 0 2.25
4.3 5.75 3.733333 4.5 5
4 4 4.666667 3.8 4.133333
4.666667 5 3.833333 3.75 4.666667
4 4.25 4.68 6.333333 3.8
4 5.2 4.2 4 4
0 0 0 0 0
0 0 0 0 0
0 0 0 0 0
0 0 0 0 0
0 0 0 0 0
0 0 0 0 0
0 0 0 0 0
0 0 0 0 0
0 0 0 0 0
0 0 0 0 0
0 0 0 0 0
0 0 0 0 0
0 0 0 0 0
0 0 0 0 0
0 0 0 0 0
0 0 0 2.327778 0
2.384921 2.247426 0 2.72619 0
2.428571 2.411111 0 2.55 0
0 0 0 0 0
2.333333 0 0 2.154762 2.181818
0 0 0 0 0
0 0 0 0 0
0 0 0 0 0
0 0 0 0 0
0 0 0 0 0
0 0 0 0 0
0 0 0 0 0
0 0 0 0 0
0 0 0 0 0
0 0 0 0 0
3.5 0 0 0 0
0 0 0 0 0
0 0 0 0 0
0 0 0 0 2.666667
0 0 0 0 3
0 0 0 0 0
0 0 0 0 0
0 0 0 0 0
0 0 0 0 0
0 0 0 0 0
0 0 0 0 0
0 0 0 0 0
0 0 0 0 0
0 0 0 0 0
0 0 0 0 0
0 2.666667 0 2.583333 0
0 0 0 0 0
2.4 0 0 0 0
0 0 0 0 0
0 0 0 0 0
5.245497 3.533608 4.624823 3.824008 3.983478
3.239499 4.128228 4.461889 4.930826 4.735171
3.746372 4.901921 3.78107 4.267563 3.211615
6.80958 4.008415 3.338286 4.391829 5.021948
5.318547 4.158326 3.2676 5.396739 4.469513
0 0 0 0 0
0 0 0 0 0
0 0 0 0 2.680272
0 0 0 0 0
0 0 0 0 2.8
2.8 3.035714 2.464762 0 4.633333
3.32 3 3.4 3 2.9
0 2.613333 2.333333 3 2.5
0 2.883333 2.884762 2.833333 2.666667
0 0 2.54 2.793333 2.908333
0 2.583333 0 0 2.31746
3.888889 0 0 0 0
0 0 2.455556 3.6 0
2.722222 0 0 2.62381 0
2.75 0 0 0 2.826667
3.692857 3.478254 4.966667 5.053016 2.944949
4.058095 4.254235 4.319048 3 3.426667
5.910765 3.285714 4 4.471045 3.768889
3.091162 3.902381 3.166667 5.629828 4.076044
4.56315 5.214286 4.702626 4.779407 3.466667
0 0 0 0 0
0 0 0 0 0
0 0 0 0 0
0 0 0 0 0
0 0 0 0 0
2.561905 0 2.666667 2.5 0
0 2.555556 2.666667 2.666667 0
4 4 2.666667 0 0
0 0 4.444444 3.611111 2.215909
3.333333 0 2.888889 0 2.5
0 0 0 0 0
0 0 2.309524 0 0
0 0 0 0 0
0 0 0 0 0
0 0 2.340952 0 0
0 0 0 0 0
0 0 0 0 0
0 0 0 0 0
0 0 0 0 0
0 0 0 0 0
0 0 0 0 0
0 0 0 0 0
0 0 0 0 0
0 0 0 0 0
0 0 0 0 0
0 2.4 3.5 2.4 0
0 2.766667 3.119444 2.833333 2.642857
0 3.166667 0 3.222222 0
0 3.166667 0 3.458333 3.6
2.666667 0 2.814815 3.404618 0
2.625 0 2.666667 2.5 0
2.5 3.5 2.777778 0 2.666667
0 0 3 2.916667 2.708333
3.555556 0 3.333333 2.833333 3
0 0 0 0 3
0 2.5 0 0 0
0 0 2.666667 0 0
0 0 0 0 0
0 2.666667 0 0 0
0 0 3 0 2.5
0 0 0 0 0
0 0 0 0 0
0 0 0 0 0
0 0 0 0 0
0 0 0 0 0
0 0 0 0 0
0 0 0 0 0
0 0 0 0 0
0 0 0 0 0
0 0 0 0 0
2.875 2.426667 3.413968 3 3.257576
3.275 2.866667 4.213333 3.333333 2.666667
2.933333 2.7625 2.5 2.458333 3.125
3.833333 2.75 4 3.009259 3.286667
2.595238 2.5 2.666667 3.533333 3.75
0 3 0 0 0
0 3.166667 2.666667 2.958333 3
0 0 0 0 0
2.5 0 3 3 0
2.416667 0 2.875 0 2.666667
0 0 0 0 0
0 0 0 0 0
0 0 0 0 0
0 0 0 0 0
0 0 0 0 0
0 0 0 0 0
0 0 0 0 0
0 0 0 0 0
0 0 0 0 0
0 0 0 0 0
0 0 2.666667 0 0
0 3 0 0 0
2.666667 0 0 0 2.625
0 2.666667 0 0 0
0 0 2.716667 0 0
0 0 0 0 0
0 0 0 0 0
0 0 0 0 0
0 0 0 0 0
0 0 0 0 0
0 0 0 0 0
0 0 0 0 0
0 0 0 0 0
0 0 0 0 0
0 0 0 0 0
0 0 3 0 0
0 0 3 3.333333 3
3.333333 4.333333 2.761905 3 2.428571
0 0 2.25 2.666667 3.333333
0 3.25 3.111111 3.333333 0
2.627778 0 3.377778 2.666667 0
0 2.37037 2.4 0 2.264957
0 0 0 0 2.355556
0 2.733333 2.666667 2.653409 2.437662
0 2.722222 2.588889 2.602778 2.573593
0 0 0 2.5 0
3 3 0 4 0
0 0 0 0 2.633333
2.522222 0 0 2.777778 0
2.5 2.666667 0 0 0
4 4.5 4.5 2.833333 0
4 4.5 3.388889 3.625 2.916667
2.729167 2.833333 3.5 4.3 3.440476
3.133333 0 3 4 3.333333
0 3.5 0 2.958333 3.333333
0 0 0 0 0
0 0 0 0 0
0 0 0 0 0
0 0 0 0 0
0 0 0 0 0
2.4 0 2.381944 0 0
0 2.862222 0 0 0
2.351648 0 0 0 2.181818
2.627237 2.546667 2.5 2.222222 0
0 0 0 2.583333 2.608485
3.6 3.4 3 4 3.366667
3.333333 3 3.5 3 2.833333
3 3.5 0 3.6 3
3.5 0 3 0 3.6
2.666667 4 0 3.5 3.233333
