7.381872
8.8216
8.348082
11.49184
5.190558
11.84174
8.418508
6.277713
8.631709
6.845428
11.12876
13.18151
9.459194
13.61498
4.011433
11.03788
11.87413
9.442822
8.510569
5.938278
7.691627
5.685304
7.993216
7.242219
7.966404
9.37329
5.503233
8.543915
10.5616
8.879547
5.713566
7.361636
6.919582
6.176201
8.884942
5.579719
10.17335
6.572195
8.698519
9.1743
8.898813
13.28674
11.79735
11.84405
13.76282
13.87847
7.101492
13.51069
7.424275
11.56859
12.06719
9.8511
11.03254
5.416394
9.556138
13.76568
7.592155
6.467455
5.345813
5.782345
6.587008
7.62729
10.1769
9.116603
6.647571
9.023256
8.353219
7.641585
7.60521
7.213006
9.129168
6.263159
8.443943
7.426721
6.814574
6.779485
8.052807
6.410492
8.157135
7.55972
6.569842
5.912186
6.64558
6.563155
9.282634
6.296075
6.379605
12.35545
8.510085
10.7769
8.97076
7.263229
12.96995
12.2565
11.14307
7.613568
6.363821
12.84754
9.756949
13.76836
8.624589
7.7899
10.74843
6.973405
7.134514
12.23027
6.521093
8.098246
8.162228
7.145463
6.585327
6.789607
9.578046
7.433794
6.343043
5.533175
5.321533
4.739505
8.77699
5.96866
7.833862
5.908667
5.780188
7.330668
5.079132
10.50175
8.864082
6.280049
7.60295
9.749094
7.040961
8.647757
5.888696
8.501144
9.822784
4.620038
6.459041
5.454164
5.928721
10.60485
10.28794
8.001215
13.28509
8.020775
6.317978
10.57448
9.237135
4.573076
9.001382
6.614738
5.29965
4.792514
5.281255
8.453262
8.582763
5.573092
9.382084
7.114107
7.973348
7.949036
7.058516
9.451681
11.05438
7.041714
11.3505
6.089465
12.4568
8.470373
7.266292
6.000363
8.202978
6.253349
4.150705
10.84535
6.930669
12.85117
11.39498
12.91391
12.34308
11.00716
8.340835
8.372247
8.020349
13.13849
11.92662
6.581078
9.496996
5.660286
13.62946
8.152686
12.51401
10.26614
6.310183
7.251797
12.09927
5.426013
6.45599
6.522951
7.692326
6.107176
10.1465
6.649879
8.513427
6.161377
9.012388
10.41817
9.857457
6.689385
7.019147
5.170403
6.661962
10.54031
6.608116
4.638061
9.320342
4.609027
12.33763
8.161974
6.857446
11.30389
6.358535
5.577912
6.645613
11.04418
9.962145
10.57598
11.07203
10.55095
12.06647
7.165154
6.971885
10.55897
11.18321
9.098609
10.23086
8.980524
8.980524
9.118099
4.64546
5.450765
5.924281
8.531347
5.084155
6.698191
6.838166
4.8468
4.315636
4.491503
8.943401
5.343247
11.8729
4.708989
7.669191
5.644925
6.434425
4.991404
8.467315
9.942211
6.717923
7.07875
6.906303
9.429909
4.782822
10.96226
8.788697
5.129839
7.007906
11.92023
6.464974
6.389408
13.51822
7.560531
9.840922
5.412676
7.838357
10.49157
9.464072
9.134487
10.40924
7.931965
4.124326
7.511503
9.590295
10.14416
6.510892
5.436649
6.522585
6.70362
5.861648
11.91576
4.666346
8.397545
8.52649
6.336733
7.210956
8.717114
5.465876
13.28172
5.516868
12.0314
11.47224
8.397894
7.086564
6.802883
9.992813
7.155179
13.48351
7.409203
10.16199
8.082423
5.721603
11.58886
8.631759
5.27867
6.616197
6.692697
5.70685
7.699632
6.342187
8.374742
6.030905
11.42238
9.727183
6.531752
4.303398
7.240926
5.206223
9.225124
7.550338
9.770445
8.505848
8.10195
6.97038
6.349669
5.535082
7.336327
8.329718
5.387146
8.195749
5.87952
7.662936
7.395768
8.045192
8.396677
10.57521
7.292024
10.49025
10.45622
8.107855
7.019021
4.299365
5.846305
11.45015
5.428729
13.18262
4.901974
8.753165
5.166895
11.38684
6.983875
7.728207
6.226716
6.767859
9.481058
6.778694
6.437104
7.400723
4.112433
7.222225
4.080668
4.282423
6.106923
6.391226
9.726916
7.897195
11.40427
6.407443
9.597921
5.912552
4.661044
4.83409
6.570158
8.879454
6.289865
5.892681
6.683755
9.543759
9.206146
9.738469
7.629436
5.920824
11.61792
6.724589
7.420869
7.776824
6.926112
5.316448
8.14701
8.376044
5.189417
8.028458
7.760155
13.10084
12.9245
5.936886
6.175601
6.144291
10.85458
6.517596
6.038904
4.987644
6.879215
5.117382
12.35349
6.654139
11.06637
7.730298
8.984909
5.961694
8.470417
9.58112
10.41518
10.80853
6.967267
11.22141
7.905748
7.334165
13.806
11.34064
9.084666
6.067153
6.413678
5.586137
10.49467
13.39942
7.023212
6.899781
7.171341
6.586992
6.455585
8.371277
6.184087
6.824968
6.4603
7.682857
7.441598
6.803478
6.497727
9.629041
8.685214
5.355092
7.917325
8.528146
5.891398
5.220726
7.362755
9.894049
10.25954
7.183988
5.879324
6.051323
6.156773
8.627155
6.830732
7.446443
5.056403
7.24011
4.712517
9.72908
6.763996
6.829698
7.990341
5.836526
9.516527
9.086056
8.179999
13.68917
6.565387
10.69952
11.87582
9.151301
7.335519
9.860042
6.426662
7.783866
8.790024
11.40659
6.045734
7.509111
6.408154
8.259381
6.4297
7.576907
6.888863
6.127803
6.007855
5.380582
6.808433
5.879288
5.107902
4.985343
4.827923
6.315344
11.19243
7.826305
8.151692
5.034957
8.899466
6.956552
11.7742
13.12089
8.753069
9.86809
7.404364
9.546888
8.872662
13.12929
8.636539
9.359717
8.781124
8.760394
7.519191
11.00725
10.00352
10.39196
6.320294
5.066533
3.105154
6.97491
4.689671
8.371635
9.196248
5.703893
4.207447
3.889245
4.295054
3.674488
6.189201
6.233424
8.218495
5.698177
7.505598
7.448419
3.487733
3.498328
6.5546
12.56804
8.81995
7.602286
7.773315
12.73578
6.465758
7.161205
6.524335
9.175743
8.048261
9.113479
7.262116
9.868455
8.838902
6.932186
6.909356
5.672161
7.381353
8.04562
11.56025
9.077899
11.36257
13.08879
10.03666
7.582943
5.305704
8.002341
8.483384
9.19678
12.54479
9.855477
10.54761
7.453729
5.632937
6.109229
5.668501
6.121732
11.77282
9.298911
5.535655
5.322385
11.02696
7.853873
9.970624
5.663956
5.936658
11.53948
10.92831
12.72891
5.460134
4.564268
7.546581
5.494283
5.929965
7.762925
6.045399
9.133103
6.385786
4.699506
5.959683
5.028442
5.705171
4.735381
6.214021
4.340581
7.191022
4.854
8.631219
5.946381
9.748029
6.071755
5.818799
6.909722
6.65289
7.891446
6.938247
8.695559
6.583672
7.216345
9.174109
7.35719
9.018306
5.344385
5.848268
5.26402
6.150865
8.22553
9.507879
5.272962
4.379329
9.924509
13.2963
13.23409
5.897312
5.338234
5.133622
4.758584
8.268892
9.069979
12.97793
5.145953
4.885476
6.329129
6.493666
5.445807
5.633732
6.855845
13.60577
14.07165
8.628979
8.328562
8.808188
4.827672
9.648536
6.356497
7.171046
4.185126
11.37006
9.590929
11.55647
8.13277
13.15651
6.75762
9.31343
6.897889
6.568224
5.778733
8.079901
5.524106
9.33044
4.6535
7.238315
5.616411
8.889666
5.486635
6.368811
8.155419
5.535957
7.221965
11.65541
8.193308
4.378204
8.947566
12.57153
6.536089
11.91152
7.275939
4.789807
6.906652
7.743981
12.14585
4.638756
8.884141
13.01011
7.992352
10.4564
5.502462
7.703662
8.367375
9.486473
5.684023
7.944136
5.933188
9.193997
7.573066
10.39673
5.575935
12.29094
9.573339
5.304064
7.584947
9.976116
8.148026
11.62129
7.720165
7.687394
7.968071
6.665493
7.989599
9.406343
11.63789
7.794566
6.549777
11.34872
5.825707
6.431132
7.720191
8.907346
8.48205
7.774833
10.11533
8.208322
6.897259
6.020558
9.555696
5.140748
8.332571
7.969552
5.384156
5.024512
7.310408
7.577344
8.469024
10.94536
8.072307
7.444247
7.456822
7.264025
8.74021
11.70894
8.177589
7.26621
7.530625
8.530177
5.683825
5.382936
8.614229
9.647266
9.692502
7.267107
13.59873
6.562602
6.993095
6.203597
12.24467
6.374745
14.05385
5.308841
6.526331
12.34811
12.865
5.930246
9.961364
9.561013
5.374839
11.45274
6.451407
5.563727
5.158219
5.770114
7.561059
9.404953
9.512072
10.38704
10.50616
9.468133
7.708916
8.632932
6.18159
8.151014
9.009114
10.73203
6.52157
7.545663
8.444285
6.866183
9.504953
6.285239
10.75652
6.484556
6.025816
7.235067
9.420924
6.57895
11.52368
5.2436
5.540649
8.209019
5.937427
8.377697
12.19724
8.385975
6.221794
10.04363
7.270408
12.89924
5.575386
7.648833
7.811362
7.482989
8.875646
5.151528
8.718216
10.02166
6.803781
7.142561
10.77906
6.838857
9.695394
7.095358
6.584889
6.733374
6.444671
5.308182
7.245857
8.257706
10.03515
7.477639
5.317776
5.791218
8.05649
5.500167
8.392048
8.854164
11.52323
8.1798
8.154793
8.253885
7.724762
8.307127
12.95096
7.434943
7.430103
8.433686
8.442748
6.779981
8.371107
9.005492
10.96741
12.08168
6.344998
8.598755
9.149054
10.2438
7.344924
13.74515
10.8932
7.484429
10.10439
13.28703
7.803929
5.753346
7.487905
10.97546
6.927726
5.596612
7.366164
6.141833
4.813059
12.1383
6.544345
5.114263
9.087248
6.878341
5.59621
9.612384
8.039888
8.666818
10.09896
5.763962
7.902278
9.447956
8.412935
9.468131
5.463523
13.74797
7.941888
6.230317
8.305782
6.646998
8.402239
9.52666
7.335296
9.652087
9.796148
6.185825
8.208373
5.186193
13.70354
13.414
7.819585
6.496356
9.051199
13.63026
6.366328
7.179298
8.297368
4.854609
5.328579
5.453872
3.940135
4.958052
10.40093
4.502421
11.56738
5.930107
11.23114
4.443296
6.750921
12.18859
12.90958
9.130339
12.42305
7.145228
4.137056
6.046059
9.542281
12.13561
9.496055
4.896293
5.728108
4.42102
10.7698
7.891668
9.999687
8.726499
7.317154
9.765898
9.387613
4.295594
6.553371
11.86215
6.625474
6.782737
6.89539
10.57323
7.485418
7.348612
13.61709
9.878534
8.292807
8.461854
5.331774
10.42885
7.144954
7.877138
4.674626
9.215635
11.76324
12.97919
11.52585
6.441475
13.76625
6.509494
9.652142
8.8262
8.407372
11.2823
5.764525
9.852091
6.275828
4.762825
11.40871
5.301427
4.562893
11.28738
5.759657
7.616317
5.264759
5.142171
5.830627
6.523844
5.974045
4.96702
12.39668
8.53598
7.008642
5.711071
13.46785
4.546842
8.486284
9.837683
8.225638
7.119045
11.94381
8.157411
7.37749
6.056709
6.621421
8.463559
4.759724
5.694104
8.642873
9.326345
13.58975
12.02439
5.860677
6.654938
11.38014
5.367776
12.3892
11.54923
12.58752
9.722318
4.955573
6.259025
5.805782
9.961366
11.81222
9.503082
7.386994
8.00161
6.90013
5.280161
10.26553
9.730543
10.97997
9.028585
9.286619
11.33696
6.070218
7.453112
7.839866
13.75625
6.840832
11.7653
7.289137
4.918946
9.146277
5.852537
8.060574
12.24011
11.31466
8.293875
10.09412
12.50074
4.602488
8.439287
7.596045
8.555698
4.157616
6.965462
4.689458
6.325116
10.90613
9.391785
7.440627
5.467978
11.03994
9.373113
12.77255
11.65314
7.245729
7.920222
7.853768
10.60762
8.683765
9.340075
9.159338
6.447533
5.413835
8.052965
8.54861
7.859823
10.59405
10.78259
6.225328
8.390423
10.60597
7.17458
10.29567
7.770962
7.74766
7.371416
8.361875
8.451815
5.862624
8.471552
6.183626
6.194143
4.955131
6.701781
6.941418
10.01146
5.556185
4.437709
9.358358
12.69679
7.27556
10.66282
10.79375
5.543039
11.40178
6.179764
12.79698
6.777906
9.485627
7.573844
5.080272
6.104985
8.568616
6.385884
11.43892
8.67458
10.1235
4.418692
4.793266
10.91388
8.465685
7.234532
7.087517
11.3127
8.132075
4.018318
9.998428
4.452274
7.332861
3.422291
6.559523
5.407016
6.292529
11.59049
6.016057
6.124419
7.434587
7.323847
10.2499
10.07737
5.65015
8.017006
12.39128
8.475503
8.647803
9.656199
6.353517
5.326765
6.220652
7.707832
9.128215
4.856801
6.467177
13.21912
9.020717
10.93188
5.993056
8.836821
7.99738
4.426533
5.337593
5.958325
8.028514
6.520547
7.85835
8.604783
5.345818
6.009576
10.81
4.723102
5.296061
7.972813
5.500141
5.883207
12.53306
5.635045
9.195989
10.76833
7.164427
6.787895
11.12832
11.7185
4.729064
10.42987
5.529562
12.14315
11.56301
9.861504
5.895089
10.4557
11.7026
10.74728
8.107095
7.701016
8.612817
5.883008
5.363969
6.652766
6.320892
5.568852
7.094361
4.945599
7.771234
5.935016
9.399744
9.380307
4.890429
6.390091
4.489192
10.23835
7.178725
7.139277
7.361754
6.664036
9.648085
4.678968
8.369659
10.21083
3.976662
6.356895
10.13463
8.118275
9.459529
6.60311
12.05186
13.47189
5.010208
5.150044
5.874094
8.073314
12.54962
5.219855
8.149329
8.189955
7.54897
7.6845
11.34748
12.0811
10.03294
11.40482
9.599669
12.34495
7.64814
12.05301
11.35452
7.048164
12.36648
10.16389
11.24579
7.209802
9.09455
12.64187
11.5992
7.799671
5.971121
6.650684
8.280171
7.269522
9.168226
10.37089
6.514535
11.38162
10.069
6.916733
8.616611
6.054817
7.141924
5.598397
7.227533
9.743672
6.363889
8.071386
5.817772
5.785437
6.138626
6.416034
8.487339
5.503019
7.447129
10.00797
6.675903
4.896896
7.964269
6.04387
4.875022
5.220205
9.883581
11.52481
6.338626
10.53631
8.32918
12.65008
10.9538
13.90294
8.801739
9.451015
7.908932
13.42903
6.920362
10.2539
7.345971
10.29084
11.35382
11.20283
13.71917
4.712158
6.877588
6.646147
6.609694
5.259018
5.849407
4.991271
5.557264
4.466127
4.3216
11.39501
7.242826
12.55121
5.313485
4.369612
7.030349
13.13024
8.226122
5.020491
11.21524
9.146571
4.593834
4.394251
12.58781
4.45095
5.758636
11.4435
6.479994
10.80938
6.33715
7.2082
8.8719
5.373115
4.157517
3.536696
5.526404
11.41819
11.85203
6.2143
6.786446
7.399983
9.583567
7.634665
9.922591
6.99783
11.16513
4.443491
8.025186
9.516677
7.722492
8.811964
6.582489
8.018168
5.781848
8.11618
7.784886
8.260419
8.701435
7.718915
11.52007
7.629547
6.360391
7.774332
6.057726
10.8465
13.53475
7.456765
7.153291
8.11887
6.281334
10.6119
6.171247
6.56281
6.858282
6.493228
9.488849
6.379974
6.512434
7.991949
8.614059
11.56781
11.89877
10.95291
9.315448
12.35977
13.10975
6.581734
4.267907
6.559092
13.66687
6.999048
7.835791
9.765263
6.190364
7.024671
7.871868
9.601001
9.173473
4.30573
7.830798
7.806971
7.922831
9.152832
8.181431
11.37898
8.230058
8.419996
8.682732
13.51244
7.484103
5.343527
11.66896
7.142222
12.62689
9.745062
9.83992
6.677811
5.599795
5.095665
9.651347
7.496358
7.951291
7.826019
6.429904
6.039707
8.931949
9.795248
8.773779
6.372949
10.64986
6.103223
10.99033
9.147711
5.006048
7.382548
8.280063
9.827439
7.694829
13.50218
11.00556
7.678625
11.94193
13.14131
8.230072
7.369899
9.735423
13.90952
7.999891
9.246653
13.4879
7.276242
7.513217
10.85236
5.091521
5.130795
10.84132
6.743983
6.052845
3.676976
5.436279
7.488447
13.62961
7.367833
7.70828
6.902961
7.647943
8.067561
12.19263
11.91097
6.836491
7.564861
5.965817
8.327693
6.502553
7.759537
7.352139
9.379
7.771634
7.759948
10.33465
7.191255
9.286546
9.517888
6.385654
7.246601
6.336093
8.128572
12.97589
6.782734
13.70412
5.344126
9.549447
7.446768
9.923142
12.95812
9.607623
7.769504
8.011933
5.432537
9.280455
8.541244
9.729493
7.546387
5.067398
4.263708
8.520654
11.05758
8.152595
6.919328
7.711024
5.894803
10.92458
11.70566
8.52117
12.75796
14.06135
8.472196
8.360987
6.569909
9.946645
6.062691
9.374642
8.45813
11.74673
10.42036
8.960869
11.53942
9.197962
6.963958
13.71637
4.755541
3.853917
10.78674
6.026564
6.105858
7.068223
6.316569
9.669892
7.271304
8.866131
7.319793
10.5088
7.19198
11.48955
12.06408
11.19005
6.825874
8.517229
4.528475
9.937639
5.327523
5.662682
7.768764
5.751681
5.6699
5.241165
12.02839
8.351691
7.928999
10.16405
10.0131
7.667217
10.74246
10.96846
6.317286
13.1862
9.225507
6.083847
8.827469
6.51949
6.763381
5.783915
7.076085
5.510375
6.977878
6.186099
6.397177
7.536108
9.739025
6.511919
7.923291
7.384439
5.548284
5.74193
8.318122
10.58974
7.188872
4.786054
4.908572
9.372876
13.29489
7.157441
5.914625
10.81425
4.323968
6.322648
10.8854
13.63391
11.25295
10.12132
9.059754
5.589746
5.657089
9.458087
11.74227
7.086266
9.53656
7.361049
8.14084
6.791306
6.046597
6.243704
4.991278
5.682854
8.213335
8.654613
7.184305
8.563273
6.957566
12.38876
7.175952
3.9325
6.514874
5.294688
9.532141
6.80993
8.405812
7.040299
5.856024
8.213446
4.590764
5.687113
5.13661
4.353458
12.25844
4.90592
5.033955
6.404554
8.714902
5.809314
6.028691
6.326979
7.745263
8.662064
6.2959
5.757587
5.974025
11.78283
6.36689
11.57687
12.40833
3.879472
9.422482
4.475756
6.119351
11.73863
6.567986
11.22199
10.12509
5.817946
10.75551
12.88077
6.316772
8.115165
6.671498
4.816706
7.790159
9.476694
11.97059
5.346753
12.08384
5.97812
6.662721
13.16564
7.358694
8.154761
8.40558
9.586331
9.892648
12.6749
8.806825
12.08646
8.969273
8.50794
13.08844
7.519903
7.59722
4.809403
7.136276
4.855302
9.865763
11.51448
6.844683
6.874069
5.19463
8.514391
8.313664
9.26162
4.085697
5.856932
5.867552
7.803374
6.801405
7.159582
9.831725
6.494839
6.73283
3.785278
4.025553
10.00073
8.516811
5.957773
8.536328
12.32514
10.24814
