0.5394349
0.3099292
2.273114
3.513503
1.303326
4.721539
1.493856
0.4865835
0.3028023
7.996265
0.426716
2.236426
0.3898531
1.022143
1.988155
0.8157619
2.873253
0.5683465
6.594773
1.128102
0.4753756
0.4136064
1.537029
0.6422047
0.7954576
0.8675983
2.107067
3.150278
2.667647
1.801411
1.270264
0.8604292
2.779345
0.5859243
2.149375
0.4801917
5.925032
1.29054
4.377655
1.586039
2.415635
0.5668072
1.544366
2.058161
3.740627
1.301046
1.445989
0.6457043
1.60236
2.650167
6.129704
5.012861
1.546013
2.150046
0.7028101
6.225087
2.063705
0.7707873
7.355107
3.886956
1.209279
0.7729932
1.764205
1.872691
5.743429
3.496525
0.8179069
2.002027
1.60602
1.157287
6.363925
0.355449
5.325758
1.619448
5.483495
0.6674578
0.5037245
1.710925
2.614357
2.842403
1.202055
1.206866
7.040046
0.5479498
2.842055
1.072437
2.191474
1.99065
6.293959
0.8554751
4.360431
0.3853186
1.59053
0.8905718
4.938482
0.5938694
1.025079
3.535969
1.050623
1.355871
0.940472
3.315765
1.686373
1.27206
0.3730775
6.162846
1.453196
0.6711442
3.014043
5.665863
1.424596
2.054878
1.278587
0.6078526
0.6546711
3.629031
0.4853085
1.397326
0.4307852
0.9891442
0.4629463
0.6163386
1.109731
0.42803
6.182287
6.484474
1.136379
0.4565029
1.741438
1.756168
1.288324
2.727883
1.251489
3.443305
5.146205
1.541077
0.8296463
0.3081421
5.532632
2.807173
2.312523
0.6853056
0.3586774
1.193192
0.7400106
1.686001
0.4988797
0.4135334
0.3722205
2.348359
1.036579
0.5219112
0.9836514
0.9798125
0.7273649
0.338139
1.287741
0.4339922
4.422401
5.699856
0.6227925
2.151247
2.951212
3.490112
0.6002886
1.315282
1.812725
0.7081216
0.5923741
0.4659308
1.672212
0.7467977
0.9286938
0.8460283
1.681234
3.636034
4.420079
2.966334
6.97879
6.46694
1.319142
0.3119315
1.050181
1.129869
0.2807609
5.00516
2.216411
1.256656
3.480806
0.6525341
0.9244141
2.008263
2.458182
5.423767
3.35677
6.752937
0.7209986
1.335819
1.208047
0.4552811
3.549855
4.895058
7.289842
2.234837
1.578014
0.7814379
2.778326
1.355406
1.39729
4.408397
3.901556
3.021319
1.302794
0.638621
1.61379
7.306454
0.9695204
3.292512
0.9674756
0.5755269
1.514423
0.3973522
2.240489
6.618464
4.281798
1.780893
0.6670371
3.508272
0.5915195
2.842563
1.458802
1.574878
1.399837
5.407789
1.873948
3.836172
3.836172
2.621136
1.781054
2.603922
1.235554
0.3817083
0.8268988
3.457218
0.3280864
5.735321
2.7227
0.5640157
0.8054908
1.368144
0.7128809
2.061108
2.734073
1.299669
0.4335197
0.3962556
2.022844
1.109468
0.967325
0.4297826
3.381373
5.050903
0.6899422
6.024725
7.27505
0.6074874
0.7289806
3.116204
1.643425
0.506308
2.362543
0.5378385
3.023536
0.8328514
7.325135
4.095506
0.3422924
2.70305
6.107296
2.572542
3.302232
1.003376
0.7213156
7.691825
3.305328
1.942934
3.59115
7.642115
5.318718
3.459425
1.344999
3.28519
2.089288
2.587391
1.065723
2.981331
4.237991
0.4240689
3.086471
0.7889224
7.695286
7.565703
3.963956
4.151508
3.265374
1.514478
3.452161
0.3388344
2.518921
1.376835
1.312028
2.037552
0.5035192
2.076459
0.4856345
0.5641353
3.622358
0.4134318
0.4882966
3.155146
0.9983116
0.3045433
3.894161
2.251941
0.5098933
0.5393997
0.4449882
6.654763
2.717654
3.755554
2.003034
3.559248
0.4125081
4.912452
0.8523486
1.606931
0.6791611
0.667348
0.3470578
0.3214152
0.524941
2.307545
1.629171
0.2975823
0.8700157
0.8033062
0.491698
0.5517822
1.035851
3.057798
0.6395736
5.677481
2.289965
1.79775
2.236007
1.516757
1.964556
1.104919
5.211287
1.630475
0.7476173
2.060136
3.755376
2.309358
0.9324744
5.43387
2.071975
1.843294
5.687613
2.143095
2.83664
0.3399363
4.266243
0.9193471
0.6610603
6.379305
0.8264202
5.515208
4.011969
4.260145
1.95656
1.043369
3.151268
1.206264
0.2968164
5.695539
2.183714
7.470872
2.386624
2.349442
2.153521
5.389084
0.6982631
0.4822009
0.7716745
0.8831974
0.5760468
0.2739552
1.608929
4.859064
1.210399
1.236853
0.9150722
5.263245
1.300801
0.2745065
0.3660572
0.6248847
2.878164
4.947828
1.173977
1.256389
0.2738822
4.186661
0.8657536
0.6160182
1.572351
0.6965812
0.4374318
1.852226
0.3074784
3.228978
0.5699246
0.4651631
0.2752677
0.8314071
0.3272923
5.401161
1.121379
0.4044813
0.6437002
0.3637502
0.3810879
0.3441635
1.813964
2.837524
3.268528
2.874065
4.921794
1.699359
2.938471
2.123801
3.047169
0.3531271
4.637022
2.241307
1.559789
0.574403
6.026815
0.9339569
0.3187186
0.3035626
0.917342
0.7797803
2.158583
0.4112206
1.952581
1.404199
4.56427
0.9264097
5.17196
0.4105198
0.9424074
1.743486
0.5619387
3.074325
4.084878
0.3717297
0.5869441
1.061801
0.4724237
0.3903133
0.3682971
0.9280996
1.032104
2.832835
1.297772
3.809819
0.5165284
4.922304
3.200308
0.9792576
0.685288
0.4450819
2.210442
7.783055
7.580799
5.655545
4.005261
0.3196317
0.8218493
1.388317
1.638528
0.7044967
1.209453
1.151531
0.7038516
1.635293
0.4387237
0.3768283
1.702498
0.6587291
1.002667
1.960949
1.834326
0.84181
1.191026
3.256564
0.5417725
1.877602
0.5860669
0.4665783
0.5800305
0.4500379
0.9890293
0.2857099
1.880872
0.3965261
0.4300987
1.40068
0.729339
0.4372585
0.5593306
3.307524
0.4624206
0.7406202
1.289858
0.3683267
2.166132
0.3776422
8.120702
6.280352
0.9266366
1.8797
2.660943
6.708721
2.775612
3.22222
4.299679
4.535319
4.028927
4.490925
1.169425
0.7145046
0.5193961
3.811809
3.991685
5.791981
0.309298
7.61706
0.7997329
3.303442
1.093231
0.7821192
0.6946224
7.924153
1.587498
5.245758
2.061865
1.347107
0.4006814
0.7167381
1.746297
3.138724
3.610795
0.4346714
1.016637
0.6990381
6.236615
1.45688
4.470003
0.3951643
0.5009396
1.147386
1.797595
0.3178859
0.5897857
0.7266203
0.6937443
1.211394
2.89101
6.072791
2.875685
1.816381
2.966292
0.5833689
0.5941144
1.22024
1.6262
2.713249
0.4364473
0.7621715
6.490388
4.245271
4.961641
0.5502094
1.252899
0.3836321
4.546472
0.6892696
2.685589
6.091642
3.741551
1.01637
2.159339
0.6305416
2.149577
1.958298
3.505789
0.4670611
0.9310882
2.153342
3.943472
1.105632
4.830919
7.555936
0.6179151
3.304461
6.781611
0.295508
1.275658
0.8476254
3.407056
0.4979626
4.349341
5.526542
5.378159
2.681946
0.3787143
4.102914
4.636581
6.059715
0.7487059
0.3209809
2.638397
0.6158694
2.039461
2.918614
4.216249
0.4477651
0.2919494
0.4387939
0.5409305
0.312232
0.7499972
2.278731
0.6302945
0.7349095
2.054051
1.116511
0.3771531
0.4456213
0.6478219
3.472913
3.382088
0.4505242
0.3613589
1.25902
1.228145
4.656791
4.048441
1.299556
0.5304144
4.080135
1.970048
0.430589
2.174093
4.18818
2.794742
3.090446
5.517286
0.280955
4.851544
1.076806
0.9659975
1.5623
4.511113
0.2742614
4.906697
2.157055
2.257729
2.230489
0.2897414
0.5019015
1.910466
0.7854328
3.131243
0.3321128
7.204157
7.173217
5.147351
1.39617
2.639228
7.663432
1.556305
1.016948
4.740298
0.5293413
2.159275
1.741413
1.377418
6.023229
4.801315
5.921883
0.6885691
5.624552
7.976858
2.914809
0.3239294
1.975832
2.016082
4.140672
0.4260487
3.370606
5.113271
0.489539
1.59254
1.744916
0.6284629
1.929084
1.240431
4.135136
0.6779175
0.3884929
2.805259
0.3443015
1.511582
1.032918
1.555273
3.249096
1.654663
1.595895
1.461907
0.5269965
1.500247
1.479503
1.718261
0.5636521
0.3112652
1.085826
2.421259
0.6338086
0.627732
1.538476
0.6941715
0.4909624
2.110769
0.5073345
0.7506699
2.49955
0.8229462
0.3407162
0.3347033
1.110642
1.342278
4.358561
0.4798337
0.4398748
1.428208
0.3103228
0.5114659
2.46589
1.536051
0.9047204
2.889409
0.3701979
0.3667171
0.7676021
0.8783313
0.360059
2.396607
0.9626637
1.144298
0.7730683
0.8080413
1.040612
0.2909714
0.8686768
0.3635621
0.9035423
1.597552
5.61559
0.935903
0.9911789
1.245731
3.411539
3.041391
5.588086
0.6310422
1.4397
0.9727922
1.622123
2.723952
0.9328704
0.9105689
1.345707
2.19648
0.6057562
1.896236
0.3574608
5.980049
0.939006
5.007702
0.6953156
1.669084
0.7603655
2.463426
3.827646
2.207043
7.106477
1.353326
3.220587
8.032327
1.761466
1.415
3.613127
0.6214301
1.259382
7.598533
5.687155
0.6736853
3.296015
2.600416
3.074369
4.102278
1.431652
0.2927038
3.69123
1.116464
0.3441632
0.5712875
0.5410614
1.281377
1.241175
0.2904757
1.504722
1.651449
2.473368
5.807637
1.294498
2.770745
1.34033
0.8044987
4.549309
4.504078
5.185689
2.416417
3.839283
5.824799
2.560743
1.770489
4.045564
6.964367
4.348203
4.793457
7.102092
3.786137
1.966299
2.307314
2.374141
7.999002
2.484129
0.7315911
3.248434
1.470943
0.4671892
2.759935
5.951255
6.711792
0.5294237
3.288912
0.3933525
2.600307
2.065876
4.046859
1.275556
0.5039809
0.4401364
5.925004
0.8737138
2.39224
6.597893
3.711422
5.843161
6.815773
7.758525
5.404784
1.933328
4.781564
2.195363
6.118146
0.4936194
0.4649623
6.580973
1.049108
1.697442
0.9782877
0.9729886
1.512602
2.158419
5.872974
2.196276
0.9208378
1.190461
0.6423381
1.234614
0.6909981
1.300609
0.6382741
1.887707
1.083274
3.036531
1.072979
1.265358
2.161427
2.716519
2.546887
1.940757
2.893994
2.475698
4.752994
3.520339
1.307262
3.501109
5.085224
1.344722
2.009581
1.741213
1.809714
1.324979
0.5672011
2.608157
5.883114
1.081366
2.131186
1.079994
5.951512
2.821278
2.204005
6.631631
2.006938
0.3112631
1.097904
6.498698
1.293839
1.773569
1.365674
0.8784444
5.429687
6.386912
7.600649
4.609288
3.006172
1.493376
2.066088
1.143251
0.8495886
1.560827
0.7338338
0.9861753
2.495603
2.121599
2.305712
3.823698
2.731799
0.6933378
4.701847
4.038473
3.299633
3.062451
0.3657062
0.4604992
5.291975
2.056264
0.6873554
1.117815
5.794698
2.054626
3.034594
3.487918
0.7325532
1.149184
2.096449
0.2793044
5.680174
0.5102417
5.150047
0.3308749
0.949117
1.65703
0.3356767
1.106615
3.499015
2.545449
3.468721
0.7707485
1.331416
0.3447118
0.4499096
2.367936
4.514583
3.133331
0.7718605
2.56272
1.141054
0.4105809
1.885082
0.6702481
3.51731
1.422011
1.030294
1.40917
1.634491
0.7455969
1.743079
1.205323
0.9708867
4.628183
2.880507
4.450614
0.9728027
0.2713977
3.779223
4.463601
5.106442
1.767029
0.767577
0.2749498
0.683577
2.229611
0.3729484
1.693649
0.2913406
2.590099
0.5292677
5.793425
6.227788
0.6292072
2.373451
0.5608672
2.053614
1.78371
0.999323
1.552821
0.5004525
6.577471
1.904651
0.698302
2.223486
6.918972
2.567759
1.540473
2.922454
7.125607
6.233892
0.3226043
2.719715
1.273338
4.755474
1.732848
0.6230717
1.530183
1.746608
1.319026
6.191794
0.9733074
2.727431
6.604766
1.589347
1.32173
3.905621
2.255636
0.3957389
0.3829912
1.072123
2.431054
6.558693
2.495492
0.8401326
1.439956
0.8727597
1.005241
0.652852
0.7478083
0.620892
0.4648663
2.750513
0.4701841
0.6290408
1.948401
0.376401
3.112331
0.3765999
0.8660374
1.078729
1.533909
2.920718
2.43873
2.559602
3.934558
1.196506
1.004203
4.171173
1.304882
3.883091
0.7736839
2.131405
0.3168739
2.333184
1.948469
0.317295
4.072855
1.553438
3.776145
2.729127
6.087449
2.359445
2.417624
0.8057021
0.2968319
2.710346
0.6833656
4.449799
2.077555
0.4951476
1.651668
0.8418982
2.139044
0.4717395
6.419048
4.880966
1.418905
0.8730821
1.40615
3.43717
1.669447
1.065557
1.49987
7.98355
1.881096
3.051417
1.711421
0.4293194
3.408337
1.186268
0.7986912
0.3173446
1.604544
0.4234299
1.128933
1.054611
2.47059
3.179924
0.6498973
1.30465
7.319815
0.9859946
6.777768
4.808934
0.6044823
1.178381
1.632325
2.406171
2.142761
5.802742
0.3490918
3.246275
0.3431991
0.3498984
0.9912427
1.638877
3.344587
1.834097
1.308
0.7650554
2.085376
1.404161
1.503365
5.613071
7.653518
4.509731
1.788752
3.70805
0.5980911
0.3111314
0.4891867
2.687954
3.564645
2.47309
6.843673
2.309645
6.321146
5.008023
6.449801
0.3831626
0.6451447
0.5233915
1.118612
6.308061
0.5354843
3.85042
2.950013
0.3060287
1.098073
0.4773899
1.682541
0.4957543
2.665886
3.101177
6.714281
0.3282535
3.231639
0.5024435
1.450327
0.6449816
1.027227
0.5370359
3.392053
0.6202724
0.4741588
6.728911
0.8894325
0.9499819
6.595991
4.721821
0.497301
1.742691
6.833601
1.626843
5.534431
0.4503466
0.3526931
5.945373
5.896629
6.161244
2.155386
0.7262228
0.6134205
1.777355
3.138021
1.860798
4.248644
0.5599679
5.405345
3.001316
0.5874122
1.408195
1.205637
1.086427
0.5617275
1.653062
0.4676153
0.3348563
2.199069
0.5608097
2.775658
1.947349
0.6215906
2.250539
0.6076582
4.619472
0.9683017
0.3474694
7.99869
0.3800525
2.942004
3.835819
4.998642
1.999121
0.7947293
5.413864
3.040519
0.2841359
2.47871
2.410884
7.304003
0.484001
0.4927504
5.459175
0.9290635
0.2893026
1.37866
3.221484
4.719507
1.297115
0.9504936
0.6651209
4.510111
6.665898
1.206596
4.623259
2.786945
2.293845
4.254435
5.87468
1.052737
3.243084
2.310497
2.976283
1.816126
1.190343
2.34265
1.094136
2.066445
2.699729
4.273985
4.880757
5.767353
1.190301
3.307556
0.5257775
6.2698
2.031489
1.279536
1.766395
1.049463
0.8927787
1.32003
1.541254
0.9433805
0.8433599
7.597326
3.129655
6.146075
0.4289617
1.637648
2.447418
3.112117
5.615695
0.5979581
5.220748
3.72845
4.859117
0.496224
3.335256
1.484723
0.6139698
2.67506
7.538094
1.541283
1.010473
2.751612
1.955638
1.781241
8.005904
4.730704
1.480537
0.9244855
2.954457
7.447955
1.266334
1.272175
0.2853946
0.4235175
0.8859263
0.3497149
1.03131
3.098939
1.155823
2.052703
4.902063
1.987283
3.292394
5.43258
4.673032
3.229118
2.561286
0.7357487
1.278376
0.7553332
0.3817617
0.7733782
2.665586
4.648605
2.590164
1.4211
6.205061
7.172834
1.638835
2.436269
0.9844639
1.823465
1.659537
0.5748211
7.730553
5.075816
1.030655
2.841998
0.9651916
0.7712774
1.519126
2.506503
2.647692
3.172025
0.3803188
3.847046
1.333427
1.02501
0.4525782
6.612164
4.580076
2.827827
1.492885
4.536973
7.718535
3.375939
0.607958
3.721174
6.540035
5.035732
1.262076
2.378057
0.7309269
5.125751
6.890533
4.245075
3.424576
3.060735
2.095645
2.03345
0.2863467
3.475518
1.976631
2.305269
0.4508126
6.845956
1.003786
1.548261
1.194658
0.6649135
4.299251
4.166049
3.038388
2.112189
1.189334
1.74367
0.2777851
0.3382725
0.8347701
0.4478569
3.332719
1.245392
1.68569
2.096405
0.7213712
2.267395
3.244195
1.411091
1.66642
0.8023168
3.268016
0.4823627
0.4755411
0.7820601
7.684468
2.096243
0.4393579
0.6216702
0.44126
0.6502475
7.578697
1.684619
7.178542
4.063299
0.4410514
5.503756
3.242912
2.017524
4.434702
6.357262
3.479137
6.619638
1.574494
2.404703
2.735365
3.016483
0.9658045
7.39998
3.307146
0.6827453
2.518047
1.83092
0.5213127
1.599016
0.5623711
0.5301148
0.4778585
0.3314312
2.658155
3.848356
1.212857
0.2832207
2.182709
1.657008
2.85348
3.189289
2.139911
2.416401
2.773209
3.633063
0.9854072
0.2876071
1.055851
3.222634
3.036228
2.228993
0.4335307
2.039772
7.769291
1.154652
1.46349
1.045959
1.019103
0.5175514
0.4896493
1.132902
0.5796046
1.483452
1.265275
0.6410635
0.5985657
2.685234
0.8955127
7.568771
0.6090259
3.151428
2.315412
4.16857
0.3733277
1.683654
4.757283
0.434528
1.912796
2.528273
0.8992086
0.3234711
0.9689641
2.031512
7.555211
1.895028
1.244803
3.281427
4.825945
1.690584
1.186215
7.803705
2.606106
1.68094
1.839711
0.3033908
4.471102
7.803652
2.592436
0.4296128
5.005082
1.456342
1.730519
1.884917
0.6753853
0.395022
0.2902022
0.6616267
0.4856164
0.6211077
0.2903092
0.6216564
1.208195
0.3792247
1.82621
0.360977
0.9282683
0.5095776
1.593934
0.786537
0.6587436
0.2855232
1.547762
3.443394
0.8329624
4.919507
2.988045
0.3397863
0.6161529
2.941013
1.101872
3.063869
0.3425979
1.425144
4.726425
5.802519
1.366526
0.4176134
3.140675
1.862046
1.149462
7.448147
2.196271
2.803052
5.221153
2.798109
0.4476086
2.317959
1.927551
4.550364
0.838406
4.070037
2.130058
6.078843
0.2766581
1.491598
3.894653
2.217093
3.39832
3.806541
5.265549
5.52623
3.962935
6.445984
0.8544192
4.734963
0.6441299
0.6402245
0.8146786
0.9598441
0.5566369
0.3158003
1.899257
4.496097
3.276388
0.9887577
3.876327
0.6823739
0.2884063
3.732961
6.088732
2.244758
2.551878
0.5533172
2.116478
0.6927003
0.2711927
1.001112
1.03359
0.6674253
3.526911
1.955643
1.276087
2.212203
4.647753
4.53322
1.424519
3.027427
0.5954293
0.5527647
2.251171
2.102709
4.098322
1.706447
1.61218
0.7232427
2.087031
3.405967
7.965875
6.438505
5.206042
0.8410885
0.3556641
0.658368
0.5338297
1.248271
2.863682
0.3940417
0.4219236
1.538689
3.005633
5.546049
0.9146134
1.730781
1.80647
1.267681
1.941625
0.7392327
0.3342676
0.6171358
0.6899564
0.5875177
0.731137
2.011302
1.464988
2.104692
2.413586
0.9075786
1.092712
0.9976606
0.3444908
4.852098
0.5736434
0.6705688
1.156495
2.282232
1.744987
1.097195
0.5262055
0.886153
2.164514
1.529277
1.925484
0.7596116
0.3735499
0.9038247
0.906733
0.7364609
1.653742
0.6863409
3.029068
0.5901742
6.706972
0.3703212
6.864703
0.6581698
1.244171
1.200717
8.020419
3.074069
1.095593
3.064732
2.192592
0.4355678
3.349049
1.552924
1.282273
2.678319
0.3627921
0.50964
