24
19.34756
24
23.0237
24
24
24
24
24
24
24
24
22.37161
24
21.78575
20.79621
21.91737
16.89901
24
24
24
19.72375
18.38581
19.47491
24
20.83558
17.98032
21.12459
20.72759
24
24
17.88032
24
24
24
22.02379
19.36343
24
24
24
18.68833
24
24
24
24
24
24
24
24
21.58373
24
24
18.67431
24
24
24
24
21.53353
18.1539
24
24
20.30812
24
22.27622
24
22.95556
22.43593
24
21.28693
16.69249
24
24
24
24
22.84915
24
20.09494
21.74585
21.85612
24
18.7043
24
24
19.64768
24
18.37111
24
20.12023
22.68313
20.1126
24
24
22.04385
22.09721
24
20.42495
24
21.71478
24
24
24
24
24
24
24
23.10581
17.45891
24
24
22.87723
22.13569
24
18.29634
17.60626
24
24
22.2364
18.81784
16.49825
24
24
21.11803
24
24
24
21.02254
24
20.31403
21.41561
22.69065
22.77521
19.83506
24
24
24
24
17.1357
24
24
24
24
24
24
21.02663
24
22.19357
19.11728
24
19.71396
24
24
17.09215
24
19.20377
24
24
24
24
24
20.99469
21.03216
20.02161
24
24
24
24
22.16183
24
17.98211
21.78356
22.57402
24
24
24
24
22.10239
24
24
24
20.06702
24
21.9161
21.40736
23.08738
24
24
19.74122
24
24
24
18.67059
24
24
18.81754
24
22.39674
19.30566
24
24
24
17.89738
22.32337
22.09518
18.85664
24
16.72776
19.96427
22.48002
24
20.61316
18.26981
22.62317
24
24
19.83347
21.12336
24
21.94
22.96655
24
24
19.69454
22.73946
24
23.05469
16.05799
20.80445
22.06769
19.27944
19.83395
24
22.95171
21.41336
24
21.83488
15.80438
15.80438
18.00489
24
17.58077
24
22.39971
24
21.96272
20.85917
24
21.44173
24
24
20.75699
20.23331
24
24
20.91351
21.15763
20.79713
19.26477
20.82676
24
24
22.61629
22.57496
21.32474
24
15.9591
24
19.31575
24
24
24
24
24
24
18.05239
24
18.38598
21.69895
22.04071
22.51943
20.39893
18.64573
24
20.29914
24
17.81885
24
24
18.44183
24
24
18.58521
20.99119
20.58702
24
21.84149
19.77116
24
24
24
20.9726
21.21718
22.70622
24
17.9594
19.52972
21.84232
24
24
24
24
21.91487
24
18.69961
24
20.53607
24
22.6759
24
24
22.05642
24
24
17.84848
20.72926
20.75877
24
24
24
21.37191
24
24
18.20173
24
23.06406
24
22.88432
19.15143
18.10948
24
24
22.70665
24
18.42027
22.76268
24
24
18.03907
21.90217
24
24
22.49411
24
21.34478
24
24
18.8115
24
22.68132
24
24
24
24
24
24
24
21.35561
24
18.93945
24
24
24
21.87419
24
21.93015
24
22.47191
24
24
24
17.23897
24
24
19.95196
20.1152
24
22.04673
24
24
24
24
22.89608
24
22.74326
21.7465
18.38022
22.38509
24
24
24
24
24
24
21.40392
21.79183
22.39683
24
24
17.46535
24
24
19.07539
24
24
20.45704
21.42098
22.27305
22.93357
21.23234
19.53123
24
19.76824
24
24
24
18.05345
24
24
24
24
24
24
20.58676
22.17639
24
24
24
24
21.11671
21.05905
22.90434
18.05888
17.40812
24
22.51455
21.17373
24
20.51453
24
21.71978
24
24
24
24
21.56555
24
20.15516
20.94168
24
24
24
21.1079
23.01382
24
22.47755
22.58228
24
24
24
17.89797
21.25424
24
22.73517
20.86131
20.25536
24
24
24
24
22.6979
20.42803
24
24
24
24
24
24
18.8548
19.89652
24
24
24
24
24
24
24
24
24
22.33566
24
20.52491
22.21259
24
18.50216
24
19.96923
24
24
24
24
24
19.09207
24
24
24
17.88076
19.73623
24
24
24
24
21.04824
15.5538
24
21.06543
20.05121
24
24
24
24
16.40854
22.40926
23.06501
24
21.69144
22.59698
24
19.53858
24
24
24
24
24
19.10055
24
22.85352
22.94746
24
22.26645
22.03815
23.0578
20.53224
24
19.36107
19.59393
24
24
23.05117
24
17.00088
24
21.81153
24
18.14779
22.90431
24
20.15538
21.42656
24
21.29112
24
24
24
22.53514
18.04916
23.07376
24
24
24
18.59901
24
24
24
24
19.33266
24
24
21.09462
21.2605
19.87371
20.44752
18.26839
19.73403
22.05326
24
24
24
24
24
19.5357
23.05796
24
24
18.61068
24
22.25678
24
22.38506
22.11838
24
24
22.51971
22.16071
24
24
24
20.09247
20.83816
23.0549
18.27859
21.31479
24
22.55503
22.26535
22.97918
24
24
24
24
21.25029
24
18.78483
24
24
18.2346
24
20.89443
24
24
21.36648
24
24
21.97639
21.40272
24
19.96672
20.62358
18.7571
21.03085
24
24
22.41244
22.04776
24
22.42185
24
24
24
18.84656
24
17.85279
22.37002
24
16.95085
20.32184
24
24
19.56641
24
24
20.73482
24
22.36428
24
19.634
24
24
24
16.95458
24
19.92661
20.09731
24
24
19.37742
24
20.23691
21.86465
24
20.30428
24
24
24
24
24
24
19.5172
24
21.92503
24
24
24
18.67565
21.85055
24
24
24
24
24
24
18.94909
24
24
21.89163
24
22.51344
24
21.46929
20.96567
24
24
24
15.49644
24
20.88718
24
21.21682
24
24
24
24
24
20.20123
24
21.73011
24
21.44418
24
21.98385
24
24
24
22.69331
19.07235
24
24
24
24
22.12318
24
21.20994
20.97059
22.59943
19.60371
24
24
24
20.38004
22.87552
24
24
24
24
18.75529
22.53036
20.09115
22.98182
24
24
24
24
24
15.67436
24
20.681
24
24
24
24
21.82011
23.06962
19.40629
16.93772
23.08736
24
24
24
19.35281
24
19.77443
24
24
24
20.34028
24
20.05971
24
24
22.51566
21.74565
22.88749
21.95213
24
24
24
24
24
20.33682
24
24
24
24
20.22367
24
21.03057
21.42189
21.13827
24
24
21.65737
24
20.61317
24
24
24
24
24
14.34575
22.81212
20.60964
24
19.2497
21.98905
18.50015
22.72395
24
22.87615
24
24
20.17203
24
24
22.9923
21.10548
24
21.90491
24
24
24
21.14913
24
19.53968
19.42545
24
24
20.63315
24
20.58526
21.77703
24
16.85205
24
19.24606
24
18.05186
21.70849
24
16.2942
17.43229
24
22.72151
21.41039
24
24
24
18.67993
22.89232
24
19.49097
19.94009
24
22.76542
24
24
20.80839
24
24
16.47958
24
19.5714
19.89777
24
24
24
21.73953
24
19.90017
19.99232
22.38304
19.46446
24
24
24
18.70014
24
18.11691
19.79896
20.60821
22.02918
21.32216
24
22.13705
24
24
22.23575
24
24
24
20.4736
24
18.25375
24
24
24
21.16273
24
18.61302
24
21.66227
21.96749
24
24
24
17.6872
24
24
24
24
24
24
24
18.20202
24
24
20.41073
22.1351
22.13243
24
21.60092
20.94064
18.75275
24
24
24
21.23165
24
22.01725
24
24
21.94958
24
21.39715
22.29573
24
21.57778
20.99772
22.6634
22.38999
16.2269
22.03113
16.0052
24
17.55023
24
24
24
24
22.93154
24
18.23113
24
24
24
21.78575
22.37369
24
24
17.7443
24
18.87399
22.01219
19.25549
24
22.46265
24
24
21.79679
24
24
24
24
24
23.07922
24
19.1314
24
24
24
18.22305
16.42704
21.19662
24
22.03631
17.22525
20.13555
22.44302
24
19.19514
22.98856
16.55944
24
21.31482
24
19.3568
24
24
18.87145
24
22.73261
24
19.02056
24
21.00278
24
24
24
24
24
17.13056
24
24
24
24
20.77086
24
20.34987
24
22.3438
22.82043
24
21.81501
24
24
24
24
24
24
24
22.05039
21.71997
24
24
24
20.43463
24
24
21.91141
24
24
24
24
24
24
22.96299
18.52303
24
24
19.56397
19.43542
24
24
24
21.98345
19.83187
24
24
24
24
24
24
18.99995
19.19823
24
24
18.81869
24
24
21.04297
20.43879
24
20.44122
24
17.82855
21.49369
24
22.14867
20.99961
20.50068
24
20.33306
24
19.66921
20.37754
24
20.88872
24
19.74951
24
24
17.36807
24
24
24
24
24
24
24
22.61482
24
24
24
22.37563
21.63299
17.91813
24
24
21.62253
24
24
24
24
18.75463
24
24
21.16552
21.40711
24
24
24
24
24
22.74811
21.26918
24
22.81306
16.11899
21.79641
24
22.9588
24
19.5211
21.92177
24
20.18248
24
22.65605
24
24
20.37648
24
21.88435
16.92037
21.66716
24
24
24
19.09511
24
20.08774
21.76084
20.42647
21.65335
22.34913
21.64668
19.81988
20.16814
24
24
24
24
21.174
24
20.73493
24
24
24
21.90656
18.8175
24
22.03841
22.59784
24
24
24
24
21.07354
19.54796
24
24
22.6629
21.28496
24
24
24
24
24
21.64229
21.70266
21.93784
20.64319
24
18.77205
24
24
24
24
24
24
20.70343
24
24
22.23252
24
20.77335
24
21.48975
24
19.52378
24
24
24
24
24
24
24
21.28093
24
24
24
22.59126
24
24
22.47439
21.35507
24
24
19.64338
24
24
24
24
16.29416
20.37876
20.75634
22.04192
24
19.53929
24
21.00429
24
22.88862
21.75653
22.60557
24
24
24
24
22.94267
24
24
18.51451
22.974
22.9877
24
23.03187
18.67372
24
24
24
24
24
19.63638
24
24
24
24
24
18.74833
24
24
20.46221
22.48587
24
24
24
20.18463
21.03337
24
24
18.40101
18.92548
24
22.50844
24
24
24
24
24
21.28407
18.79741
21.38526
24
24
24
24
23.03946
24
17.34962
22.81951
21.74975
19.43885
24
24
18.43411
20.9001
21.89039
21.51298
24
24
24
20.26382
21.30372
20.38081
24
24
24
21.82026
21.268
20.62907
24
19.70946
24
24
24
24
24
24
24
22.40719
24
19.9583
24
20.84398
20.80102
24
19.81801
20.36973
24
16.79463
24
22.96567
17.96987
24
24
22.85406
24
17.79242
21.01965
19.30663
24
20.90734
20.4112
18.4779
24
21.10504
24
16.89916
24
24
24
20.49398
24
24
20.86209
22.60001
24
16.59452
22.88345
21.83541
21.55099
24
22.66002
24
24
20.9638
24
24
24
20.29413
24
19.89264
24
24
21.8561
24
18.29124
21.28162
20.88815
24
24
24
24
24
24
24
24
21.71125
24
24
21.38834
24
24
24
24
24
19.11751
21.20677
24
20.78493
24
23.05961
24
19.14656
24
22.1136
20.53299
21.60696
24
20.89272
24
18.19177
24
20.94648
24
24
22.94579
17.96523
24
24
20.66935
19.35208
21.29767
24
24
24
14.49812
24
24
17.46132
24
24
24
24
24
24
22.50236
20.33806
24
18.27791
21.53986
24
24
19.39886
21.43229
21.04173
24
19.92459
24
24
24
24
21.2225
24
24
24
22.48689
24
17.6725
19.40747
18.82127
22.20354
24
22.84024
16.16228
24
17.38766
24
20.8188
24
24
20.43028
24
24
24
20.04145
24
17.11337
22.38954
24
18.39785
17.54637
17.40835
24
24
24
24
24
24
19.56333
24
22.17315
24
24
20.90368
24
21.9206
19.91118
24
17.7704
21.24316
24
24
22.82902
24
24
18.6619
24
24
24
24
24
24
20.83504
22.6773
24
24
24
24
24
17.97622
24
18.7318
24
24
20.82416
21.99118
24
18.24433
15.27676
18.99094
21.59475
24
19.93105
19.1896
24
24
20.15197
18.62087
22.88678
24
16.84335
21.62401
22.61068
23.01718
24
24
24
24
24
24
24
24
24
24
24
24
23.09946
24
20.05601
18.58405
23.07933
24
24
24
24
24
24
17.32785
22.13682
24
24
24
20.13737
24
24
21.25154
21.21678
24
24
24
22.15428
24
24
24
24
21.39262
19.81627
22.69314
19.04607
22.29904
23.03096
24
20.93845
22.79659
24
18.79442
24
24
17.62778
17.90461
15.90809
24
24
20.23225
21.67373
22.0886
19.69492
24
24
24
24
21.11219
22.13318
24
24
19.96809
24
24
20.5206
24
24
24
22.8667
24
24
24
24
22.39406
21.77565
24
24
24
24
16.92746
24
21.05742
24
24
24
24
24
19.8704
20.55318
24
19.95185
21.52368
24
17.21032
24
20.97391
20.54385
24
21.33867
20.30362
24
24
24
24
21.35984
21.97177
24
22.90026
17.00978
21.51685
24
20.50021
24
22.97315
22.4443
19.25047
20.15825
21.61992
24
24
24
21.16352
24
20.37317
24
24
24
24
24
24
24
24
17.82763
22.13643
18.05176
20.72164
19.26031
24
20.90656
24
24
