1.090408
0.5269268
0.5435047
0.3083181
1.53079
0.3730202
0.5336856
1.079026
0.6117388
0.9787147
0.4022992
0.2922749
0.5709342
0.2916896
1.758704
0.3523604
0.3327285
0.6137213
0.501173
1.050107
1.059338
1.053105
0.5718838
0.7260309
0.7483412
0.4640527
1.494469
0.5228928
0.4466504
0.5519434
1.540255
0.7909091
0.9340353
1.071356
0.488799
1.779312
0.4083783
1.049487
0.5651968
0.683336
0.8611667
0.3165561
0.4258434
0.3536693
0.298626
0.2719848
0.9364952
0.3165389
0.7314988
0.3893198
0.313174
0.4108382
0.4143031
1.121729
0.4486657
0.2804735
0.8978797
1.581538
1.847759
1.122935
1.166911
0.943458
0.6898453
0.9080358
1.374608
0.7929017
0.8997935
0.9022787
0.9376838
1.407566
0.6573025
1.465001
0.8681224
0.9205048
0.9502502
1.027748
0.9013173
1.403577
0.691122
1.122693
1.353951
0.9739502
1.307651
1.325239
0.4311811
0.9180684
1.390458
0.3644058
0.7372325
0.4589189
0.5327324
1.227247
0.4684781
0.3554104
0.4059567
0.8866774
1.128292
0.3772001
0.6756384
0.2987886
0.5667537
0.6941727
0.3562434
1.220674
0.8739114
0.4738785
1.02448
0.5167053
0.7295782
1.228601
0.8083331
1.158567
0.5420022
0.6794269
1.332831
1.579596
1.233985
1.519523
0.7565009
1.664763
0.8030638
1.966485
1.187382
0.8575203
1.251859
0.3125763
0.3649429
0.647452
0.4745117
0.3542451
0.4499953
0.4488658
0.7555617
0.352196
0.3793679
1.546361
0.7135329
0.6738619
0.739364
0.3352319
0.4383016
0.5539041
0.298339
0.4677494
0.831013
0.3438407
0.4212376
1.688535
0.4722898
1.012018
1.694657
2.103048
2.433364
0.5033923
0.4481352
1.447096
0.4057379
0.660135
0.4095277
0.4705183
0.5924
0.4143996
0.3007956
0.8549008
0.3059563
0.7960486
0.3246766
0.5113225
0.6891385
0.7094298
0.5196324
1.002926
3.329876
0.3354407
0.7793056
0.2877678
0.3002636
0.2683766
0.2983055
0.3186367
0.4353595
0.5191049
0.452523
0.3200762
0.2915779
0.8557776
0.4054894
0.888831
0.2705932
0.5965381
0.3496254
0.3584902
1.001648
0.5454776
0.3001
0.9634429
0.7706584
0.9073827
0.5886784
0.8793721
0.4014749
0.6867212
0.4741963
0.9343375
0.4122349
0.4706989
0.4811145
1.02808
0.8128705
1.309524
0.693286
0.3743685
1.014727
1.480428
0.4028321
1.84289
0.3128819
0.5394302
0.8621887
0.3696875
1.162324
1.758196
0.7850146
0.3896537
0.4343461
0.5070374
0.3766773
0.4213279
0.3972838
0.5968983
0.6430461
0.326214
0.3251728
0.3740324
0.3348749
0.462308
0.462308
0.410933
1.675956
1.048462
0.8306353
0.4026646
1.135804
0.5669531
0.9362091
1.402741
1.801256
1.653653
0.3826719
1.785518
0.3326152
1.104969
0.4913024
1.309896
1.267201
1.189501
0.4602021
0.4765091
1.058171
0.6911975
0.8674243
0.4642384
2.198051
0.4048977
0.4835696
1.513301
0.5356607
0.3485856
0.9808886
1.714301
0.2539034
0.4910954
0.3080678
0.7116301
0.4384288
0.3891637
0.3330744
0.3845733
0.3163758
0.4316968
1.653036
0.4444134
0.4750549
0.3073563
0.5902333
0.9593477
0.5481994
0.5326334
0.6923231
0.2651141
1.124118
0.6663749
0.6860899
1.183204
0.9264379
0.6062544
1.225564
0.3486628
1.112362
0.3758278
0.43303
0.6638611
0.7706293
0.9321583
0.5031863
0.7275862
0.3424456
0.8302244
0.4260915
0.3973032
0.8682053
0.2625497
0.4085788
0.6943196
0.6640744
0.5786716
0.8259386
0.4025166
0.6349949
0.3669266
0.6820011
0.2802994
0.3560961
0.5621803
1.471601
0.5020955
1.714324
0.4485377
0.6024621
0.4336679
0.5279796
0.7330997
0.7217878
1.097587
1.545806
0.6830322
0.5870348
1.610523
0.7419717
1.593565
1.049342
0.8054463
0.7773378
1.010032
0.381593
1.410567
0.4380751
0.4665571
0.4412013
0.5045023
2.103133
0.6488992
0.2917088
0.9487185
0.2585964
1.30035
0.3948486
0.9878945
0.2688111
0.505501
0.526525
0.6517844
0.6826667
0.4355327
0.6800527
0.5469885
0.5131463
2.037128
0.4795888
3.389793
1.566275
0.8776096
0.8359824
0.4276489
0.8033788
0.3816738
0.7801569
0.4425284
0.9929862
2.535498
1.472419
0.7824772
0.5349017
0.9387832
0.8331432
0.8413014
0.4897994
0.4358422
0.6243844
1.461768
1.482321
0.379689
1.427629
0.7528564
1.67111
1.156689
1.470685
0.7785672
0.5940723
2.327656
0.9503031
0.8175547
0.3336521
0.3403707
0.9938087
1.121795
1.435547
0.4562363
0.9054222
0.878278
1.43783
0.8321466
1.042817
0.3518053
0.8709969
0.4489682
0.768038
0.4534109
1.765495
0.572903
0.50694
0.3810242
0.4584842
1.163081
0.4665215
0.8121541
0.5828414
0.263542
0.4156311
0.5719751
0.7699483
1.210681
1.117107
0.4948263
0.3061381
0.8414366
0.9889735
0.770828
0.7639886
0.7218789
0.6381834
0.8902945
0.8099945
1.015836
0.5620725
0.6966331
0.9197833
0.8549643
0.4522515
0.4700011
1.473567
0.6343818
0.6307902
1.251914
1.924078
0.7222728
0.6419254
0.6211027
0.7554666
1.511158
1.123063
2.003458
0.731821
1.10017
0.8140347
1.689684
1.339899
1.795121
0.4538431
0.8641312
0.8245199
0.7213445
1.459034
0.5088905
0.9663817
0.7525457
0.4029584
1.207088
0.5498128
0.527027
0.7552485
1.013983
0.5642415
0.9773166
0.8195275
0.6456336
0.4805527
1.047878
0.9405907
1.122354
0.778484
0.953573
0.7171859
1.009744
1.00686
1.62916
1.671275
0.8853005
1.926235
1.602332
1.535106
1.649887
1.609061
0.3295261
0.5960824
0.7835341
1.872356
0.511211
1.230854
0.311088
0.4913551
1.08802
0.695606
0.923508
0.8238684
0.5973341
0.4897227
1.073321
1.119859
1.209171
0.9438382
1.006292
0.6811455
0.5857821
0.7839351
0.6994528
0.8317928
2.70256
0.5908597
1.106192
0.4257042
0.3425507
1.022826
1.715796
3.094588
1.334891
2.378095
0.7088162
0.6162904
0.3712091
0.8696928
0.4415889
0.5442133
2.274132
2.902524
0.7261621
0.2567615
0.5903018
0.9395139
1.302321
0.4805187
1.054134
1.30429
1.49834
0.6554455
0.9334086
0.9687193
0.7842302
0.6647749
0.9829049
0.8442539
1.388983
1.809045
1.115124
1.328643
0.6418466
0.6919942
0.546909
0.4100937
0.5732501
0.6254902
1.77306
1.155342
0.7817591
0.9181247
0.4549779
0.4470032
0.5639276
0.8706723
1.276476
1.221863
1.138277
1.105621
0.3217843
0.338692
1.72301
1.79701
0.2681401
0.7502474
0.3689601
1.40637
0.9953711
0.2613671
0.2902153
0.215299
1.859833
3.007949
0.7576895
1.993345
1.102021
0.6146908
0.8409527
0.4513597
1.008983
2.092582
0.7767156
1.61058
1.130765
1.361081
1.259282
3.00838
0.8712963
1.40004
0.475257
1.167376
0.392353
1.124424
0.7840444
0.7953129
0.9419704
0.790886
0.956085
0.6026903
0.9144327
0.911245
0.6610095
0.7087259
0.7387449
1.371192
1.41697
1.937186
0.947559
0.8367672
0.3639719
0.701456
2.887316
0.2738634
0.2176299
0.2698849
1.063468
1.029868
2.28331
1.856312
1.158778
0.499536
0.3055721
2.016736
1.59079
0.4103926
1.4
1.416069
1.23393
1.134219
0.2478983
0.22805
0.8447306
0.6755279
0.6854031
1.604542
0.288889
0.4483948
1.281716
2.221177
0.2614637
0.5303321
0.4161891
0.8219761
0.3856245
1.224627
0.6574482
0.841957
1.491445
2.91683
1.43509
1.441547
0.5263911
1.566318
1.208107
1.924912
0.730524
2.314667
1.317812
0.9834446
1.584638
1.170795
0.3840877
0.8696796
1.760426
0.7859904
0.3518575
1.15656
0.3753608
0.7592509
1.911487
1.061515
0.7980809
0.4009316
2.571052
0.8499021
0.2822797
0.7099415
0.587456
2.190686
0.7630841
0.5747689
0.4724737
2.025752
0.6452031
1.413887
0.4402418
0.8521431
0.4545994
1.512608
0.3016704
0.5316675
1.525246
0.7981485
0.4501263
0.5778565
0.32502
0.6800687
0.65747
0.6838868
1.246074
0.7150156
0.5488986
0.3166694
0.9062059
1.155539
0.3393233
1.473039
1.200669
0.8601628
1.253666
1.194794
1.029613
0.5211796
1.635162
0.7539478
0.918177
0.6512505
1.702746
0.8230618
0.7188362
1.351754
1.558473
0.8140362
0.9294245
0.6739653
0.5849913
0.9759974
1.121769
1.273319
1.17112
0.4677203
0.3325526
0.8257011
0.7971111
0.5016124
0.6719009
2.015044
1.678851
0.6088912
0.5024542
0.4280797
1.109982
0.3124739
0.7085145
0.8822394
1.36882
0.2987635
1.087646
0.2641312
1.358442
0.7999801
0.3112958
0.2853898
1.366774
0.3994336
0.4219856
1.917513
0.4286507
0.9874605
1.268148
1.356403
1.856946
1.221235
1.305678
0.6997472
0.4502578
0.647865
0.7457847
0.8537797
0.766424
0.7766313
0.9592948
0.851023
0.5217193
1.304744
0.9830707
0.6846807
0.9560461
0.5998198
1.104667
0.6760037
1.368628
1.971494
0.8641289
0.5837257
1.153274
0.5612284
1.873682
1.431243
0.9394184
1.080361
0.820985
0.5769961
0.6969516
1.235977
0.5877497
0.6909177
0.4661851
1.258844
0.8850909
0.9205968
0.973428
0.8994284
2.26675
0.6095549
0.8031239
1.131556
1.517819
0.5532031
1.374147
0.6020569
0.7633283
1.585236
0.8233995
1.081354
2.079858
1.384733
0.6183833
0.4272265
0.9203093
1.629189
1.589002
0.555284
1.508949
0.6248609
0.4863851
0.4062578
0.7031103
0.5619643
0.5772528
0.5963052
0.6615352
0.3309222
0.6804296
0.6584872
0.6755832
0.6004964
1.055612
0.5108994
0.7385535
0.6680536
0.4997295
1.686468
0.7622027
0.6553967
0.7304307
1.062052
0.4278615
0.3912868
1.006566
0.6366197
0.39884
0.6560059
1.156676
0.7723312
0.5676216
1.049007
1.279895
0.8593158
1.571712
1.694361
0.4491419
1.079727
2.124027
0.6940297
1.590702
1.402023
0.4406121
0.5565326
0.5369267
0.4315373
1.130629
0.6599483
0.4183478
0.544872
0.4330609
1.395408
0.2780491
0.7583782
1.164005
0.5815756
0.9856397
0.5343786
0.4845949
0.7175374
0.4211525
0.4446624
1.185069
0.9976121
2.330628
0.3297774
0.3611739
0.7913926
0.9728029
0.4447347
0.353856
1.593755
0.9808596
0.8697305
1.911924
1.306269
1.628633
1.9131
1.088325
0.2439808
1.799306
0.2690396
0.5832061
0.3200285
2.575656
0.5044611
0.2287371
0.2892607
0.3681794
0.2460091
0.5036094
2.927201
0.7435193
0.3242981
0.3198243
0.4501009
1.255461
0.7820111
1.3028
0.3027214
0.4482758
0.3089318
0.357384
0.5413446
0.3209637
0.340118
1.717339
1.232234
0.4521157
1.068511
1.41232
1.177073
0.4757261
0.7914678
1.043373
0.488645
0.5590486
0.9517236
0.942244
2.121471
0.8997852
0.7391789
0.7158303
2.74978
0.7399535
0.4763367
0.2950713
0.3859689
1.092288
0.5435495
1.044749
0.6022205
0.5079579
0.6463145
0.4156994
1.585108
0.456399
1.137047
1.686604
0.3663966
2.700263
1.879167
0.3934984
1.652785
1.069504
1.580335
1.997394
1.725987
1.181065
1.043497
1.918548
0.4029746
0.9410231
1.322835
1.266804
0.3746121
1.739189
0.5532152
0.5787791
0.8288391
0.8562137
0.4868718
0.93825
1.091391
1.88258
0.9869582
0.9168934
1.973243
2.09482
0.667832
0.5445613
0.4399906
0.4523841
1.757221
1.769459
0.2734775
1.392051
0.4441052
0.570958
0.4816145
0.6959377
2.36067
1.143279
1.320881
0.5125998
0.4059356
0.6007373
0.9607338
0.4736561
2.275307
1.21408
0.664481
0.837845
0.4825252
0.7863728
0.6903191
0.4110062
1.595475
1.003356
0.9295182
0.4237102
0.9088687
0.2843403
0.5409202
1.59226
0.3510118
1.204312
0.6225772
0.3026785
0.3461287
0.4631662
0.3885793
0.2967148
1.466692
0.4775421
0.5871957
0.5370832
2.135606
0.6902678
1.752021
0.9872486
0.3574638
0.5780554
1.068747
2.217331
0.4662771
0.601907
0.454578
0.5082456
0.8097906
0.9387858
0.789141
0.4924669
0.5318373
0.7987652
0.8233467
1.186836
1.172378
0.9599935
0.7639985
1.066874
0.8018456
0.6282391
1.062633
1.058464
0.627226
0.924388
0.5547187
0.6830967
0.8367203
1.331767
0.8087168
0.6386878
0.7892108
0.4683049
0.9549141
0.6859031
1.57144
0.6168984
0.573883
0.3419087
1.206841
3.202342
0.3584349
0.3195744
0.5919592
0.448658
0.4205408
1.540302
0.5107923
1.050192
0.3461233
0.8312821
0.4642172
0.6631731
1.875179
1.032262
0.4551502
1.19755
0.3575845
0.5857637
0.4499408
2.28564
1.559695
0.4714605
1.009826
1.085842
0.8674416
0.4279353
0.8491235
3.024348
0.5652866
2.796994
1.186709
3.291549
1.260064
1.590655
1.361979
0.3694272
0.9097187
1.010934
0.6203341
0.594581
0.4270848
0.3684938
1.863985
0.6214562
0.3296937
0.5193627
0.5881143
0.5969532
1.275798
1.357894
1.10739
0.8154439
0.4512338
1.43605
1.07056
0.3713104
0.5494057
0.4124054
0.9689581
0.5885087
0.7296646
2.289881
1.586982
1.070717
0.8398845
1.270152
0.7920846
0.6357128
1.510094
1.324382
0.6142316
2.760153
1.218299
0.6902253
1.297952
0.9881212
0.264216
0.7791022
0.3528338
0.3075239
0.4514144
0.5789223
0.3274947
0.3079616
1.017756
0.2912979
0.7896305
0.2765486
0.2841445
0.305496
0.7501126
0.2852481
0.3044515
0.3244767
0.3750756
0.4824118
0.4021598
1.103811
1.624949
1.424227
0.8929456
1.856515
0.9468026
1.930041
0.5693812
1.694845
0.5207286
0.7017098
1.863824
1.285095
2.226998
0.3296588
1.154459
0.7669826
0.6310753
1.321882
0.3615177
1.99116
0.7165961
0.4569186
2.37244
0.7970768
0.3779174
0.4353695
0.3765201
0.7059831
0.2773598
0.2720638
1.276647
1.520763
0.8129076
0.4791519
0.3214737
1.134571
0.4626312
0.5618618
0.7402272
0.6795959
0.5315135
0.4568042
0.3670258
0.3634042
0.6010317
0.4898285
1.188453
0.4023281
0.5175428
1.392483
0.557603
1.030121
0.455844
1.353942
0.8881975
0.5212385
0.318922
1.159954
1.600814
1.149323
0.5652535
0.7496271
0.6394826
0.5371771
1.082404
0.3020767
0.4786027
1.044286
0.5921437
1.173111
0.8347967
1.747661
0.7812783
0.4565203
0.9576685
0.8738341
1.165252
1.764942
1.096622
1.140881
0.6169862
1.465825
0.6447109
0.3734477
1.171486
1.294047
1.075517
1.285031
1.921159
1.280777
0.4394015
0.5257046
1.035502
0.469929
0.5982236
0.3915148
0.4324112
0.3146603
0.5946039
0.5341901
0.7844962
0.3681139
0.9285793
0.5222105
0.9338101
0.5611536
0.4027768
0.4115128
0.4387195
2.472868
1.045013
1.327298
0.8237195
1.440942
1.051906
1.340396
2.352238
2.637677
2.035034
0.4492772
0.704838
0.2585081
1.03119
1.63698
0.5178647
0.2947102
0.4785528
0.9183954
0.2784856
0.4184951
2.077714
2.256795
0.2894752
1.304624
1.01758
0.3262975
0.2531176
0.3462182
0.9390144
0.5310745
0.4195517
1.161818
2.597494
3.318866
0.7999045
0.3038882
0.3365599
0.9112663
0.8290397
0.5897179
0.3842009
0.518339
0.3768846
0.52281
0.4174321
2.381457
0.6875182
0.500945
0.6990636
0.5515732
1.513797
0.5917276
1.78578
0.6446635
0.7205275
0.7748313
0.7937402
1.190737
0.4150644
0.628229
1.397781
0.6793143
1.055866
0.4096967
0.2943717
1.500256
1.007965
0.6175325
0.9185839
0.3578176
1.096326
0.7520767
1.078012
0.9811725
0.5489587
1.029704
1.372222
0.9049291
0.5445479
0.3240244
0.2903419
0.2841442
0.4052933
0.3094461
0.2900994
0.6682968
3.131803
0.609722
0.259884
0.6420424
0.5717341
0.4152652
0.7974779
0.6483736
0.5111879
0.3667561
0.4485469
2.437188
0.5159321
0.9480628
0.5675316
0.3978133
0.6761941
0.2929964
0.6773658
0.5282331
0.4184713
0.2756099
0.7087855
1.433629
0.3068635
0.9489293
0.305054
0.3469746
0.3491173
0.6253827
1.586326
1.756719
0.377969
0.5776122
0.4831176
0.5580839
0.9187749
1.084124
0.5313757
0.3410441
0.4248003
0.7379771
0.3008789
0.8589056
0.3579068
0.4569472
2.169649
0.7410891
0.4311651
0.38203
0.4216619
0.2494799
0.3116936
0.6641594
0.2901818
0.2623438
0.3881928
0.5266354
0.4915327
0.2455399
0.4323973
0.4366287
0.2507184
0.5190473
0.445351
0.2812332
1.051018
0.9317247
0.3054655
0.6016563
0.8230063
3.149211
0.8128872
0.4563777
0.3654005
0.8545362
0.9421544
1.29375
0.6457478
0.9726251
0.390302
0.4865976
0.66937
0.8226684
1.417235
1.300527
1.966642
0.8691752
1.039264
0.7293331
1.139271
1.006529
0.6071225
1.131023
1.115506
0.7577269
1.0723
1.099034
1.579141
0.6870363
0.4035056
1.137781
0.3024835
1.346851
0.7528731
1.259613
0.6998471
0.5994233
0.6261039
0.7448057
1.246745
2.019415
0.6634388
0.584573
0.6795051
0.77205
1.678124
3.056448
0.6674957
0.6404948
1.200713
1.897912
0.8209173
1.675167
0.5134065
0.3948203
0.9083827
0.3784739
0.7127945
0.6924454
0.5402894
1.574719
0.5481539
1.633779
0.3957858
0.4545152
0.2916308
0.3328434
0.4157243
0.2668644
0.4372868
0.5926222
0.2523866
1.993327
3.027874
0.3140702
0.7305861
0.6493501
0.6392049
0.857763
0.3732271
0.6158559
0.4813701
0.7964486
0.3991651
0.792422
0.3401144
0.3621956
0.3599259
0.9703754
0.4999781
2.284375
0.4237953
1.07605
1.656292
0.5362863
1.458043
1.154617
0.990214
0.2190813
0.7240684
0.5481881
0.2825752
0.5454156
0.7788842
0.4004107
0.4170429
1.554609
0.4459445
0.4932016
0.5732899
0.4639558
1.799568
1.275561
1.164254
0.8635722
1.565024
0.9776074
0.9812999
0.8650005
0.5284917
0.6441165
1.275384
0.5854024
1.118289
1.319628
1.807252
0.767006
0.4538256
0.6383494
1.45522
2.129939
0.3591935
0.2473546
0.4571947
1.190947
0.3332938
2.557161
0.6698729
0.3358661
0.24492
0.2789904
0.324275
0.4337255
0.90985
1.183449
0.5766665
0.3272681
1.084033
0.4333553
0.7142507
0.6043913
0.7382304
1.307444
1.229932
1.818587
1.526206
0.6181485
0.5020459
0.7718564
0.5576879
0.821716
0.4878285
0.629067
2.421351
0.6398098
0.948456
0.3230536
0.642004
0.3995034
0.5712366
0.660035
0.4045668
1.337031
0.8164393
0.9418937
1.844186
0.2623324
1.282503
1.022881
0.5784211
0.6513026
1.53873
1.372081
0.9846588
0.7750174
0.5236886
1.247823
1.623546
1.398633
0.3385394
1.378949
0.3427182
0.3888091
3.130937
0.5756345
2.994466
1.416289
0.3262317
0.7235031
0.3225015
0.5053487
1.441836
0.4220388
0.4014096
0.9250558
0.5387972
0.9103592
1.579277
0.8864091
0.6167996
0.2969331
1.323652
0.3976446
1.530631
0.9432566
0.3543368
0.8575371
0.5261203
0.5707794
0.4940224
0.4735622
0.4449218
0.6402674
0.3210258
0.5094909
0.4421446
0.3786581
0.5840558
0.5157744
1.724774
0.6269945
1.536161
0.4012737
0.3324706
0.7772733
0.7249034
1.37833
0.4239129
0.555008
0.3529306
2.936435
0.8986519
0.8278982
0.3979074
0.6687952
0.5657562
0.3518132
0.9482309
0.6975445
2.316471
1.977167
0.3590372
0.3778893
0.8985547
0.3593166
0.2495193
0.3173055
