8.721639 4.892308 4.4 5.277778 3.238095
3.3 2.258065 3.466667 5.747368 3.746479
8.858639 5.116667 3.5 3.117647 4.481481
5.215777 2.4 5.960396 6.634096 6.794161
3.207547 4.482014 2.285714 3.358491 6.582796
5.775061 4.058824 2.583333 2.090909 2.666667
4 4 2.857143 2.850575 2.301205
3.202532 4.307692 7.448505 4.4 7.251303
6.62987 4.565217 5.897698 3.848837 4.166667
2.33121 4.54321 2.70922 3.885714 4.792079
3.442708 4.492611 3.57377 10.00814 3.632653
7.040411 3.6 7.520366 9.130883 8.597826
3.08046 7.892405 2.666667 2.777778 6.964457
2.35514 2.582857 2.039648 2.733333 2.971901
7.177177 2.666667 5.757009 2.666667 3.647059
4.811989 3.282609 5.093248 4.626866 5.486239
4.294118 3.473684 4 6.825871 6.359313
6.222222 2.56338 7.150215 5.839322 6.053476
3.476923 4.607595 2.43038 4.307692 4
5.238095 3.333333 3.6 10.05872 9.483871
4.385542 7.488372 7.547325 4 4.75
3.055556 3.243243 3.5 4.75 6.85
3.25 5.529412 6.423077 6.142857 5.948718
5.75 7.308642 7.166667 4.666667 4.857143
2.6 2.897959 3.757576 8.09823 3.333333
4 3.571429 4.585366 7.172308 2.303887
5.12892 6.794436 6.016064 5.729483 6.865625
2.477778 2.086957 3.558824 9.852918 10.74347
8.594937 3.230769 5.419355 10.87977 7.249355
2.775862 2.575758 3.916667 9.801015 9.352285
4.241338 5.580247 4.20098 4.4 4
7.263158 7.989594 2.222222 4.360656 2.103093
3.951515 3 4.341463 8.735962 2.25
4.857143 3.077236 2.5 9.878167 4
8.514065 4.533333 4.545126 8.753064 4.363636
4.285714 7.805556 3.59375 3.130435 3.555556
2.666667 2.952381 4.16 8.569982 8.727273
8.331587 3.584158 3.575758 2.173913 3.428571
2.7 2.592593 3.166667 4.956522 3.136364
2.315789 2.580645 4.029412 5.972603 7.396226
4.44 2.628931 2.333333 9.04898 4
3.730233 2.666667 6.166667 4 4.547297
7.28169 4.066667 3.653543 3.466667 8.55534
5.363636 4.333333 7.430894 3 5.058824
7.186068 6.608547 4.857143 6.115702 6
4 8 4 2.666667 7.172379
3.657143 3 5.111111 8.839709 8.611499
4.753425 2.769231 6.80481 4 2.909091
2.674699 3.294574 2.857143 2.339869 9.178982
4 5.726452 2.507042 2.6 2.571429
4.095238 6.992248 4.888889 2.4 2.185345
2.666667 5.177866 7.252252 4 7.562327
6.068966 4.864198 4 7.589242 4.597403
4 4.129032 3.428571 4.80597 4
2.181818 5 4 4.133333 2.607843
6.208017 4.145631 4.493976 4.477064 5.421158
2.740741 3.325967 2.142857 4.292683 5.441176
4.165049 3.2 2.695652 5.081967 2.717949
2.666667 8.49635 3.75 2.857143 3.307143
2.390244 2.618182 5.954887 3.160494 5.588235
4.105263 3.4 3 4.736842 4.4375
4 4.611765 3.333333 3.2 5.45
3.2 4.550725 4.4 2.714286 4.25
3.538462 4.8 5.088235 5.060241 2.967742
3.5 5.404255 2.666667 3.990148 4.479638
4.630631 4.173913 8.875598 4 4
4 3 4 3.384615 8.801355
7.897233 7.899699 4.638554 2.2 5.880597
8.443756 8.497733 4 8 4
7.009213 4.96 3.020408 3.954751 3.349727
4.373832 2.108108 2.117647 3.684211 7.619048
8.172324 3.846154 5.353846 4.878049 4.966292
5.466667 5.641026 8.851852 4 4.682324
