0.9535119 0.4314499 1.652425 3.381055 2.610517
1.673183 0.8196105 0.8277644 0.3464654 0.1775671
2.720863 0.9233182 0.6439417 0.9333139 2.441178
0.6247264 0.487426 1.260944 0.5023723 1.073406
1.2424 0.4485632 0.3252528 0.6926241 0.2186021
3.776219 0.6915454 1.840002 0.3973961 0.8958992
1.006587 0.5836429 2.771561 1.085093 1.231898
1.449653 1.009694 1.084407 0.8206073 0.9733635
0.1920453 2.628043 0.6407619 0.1880484 2.309455
1.027462 1.204842 2.729082 0.8345389 0.16532
0.943561 1.698404 1.630875 0.7247662 0.3913767
1.69866 0.7952768 0.999328 0.6055815 0.6919015
2.465942 0.3560002 0.4863612 0.4215825 2.770728
0.5296707 0.5955499 1.542825 2.432613 1.81478
1.581237 0.7977852 1.206476 1.820549 0.3238602
2.444754 1.588647 3.405818 1.097171 0.3833919
0.554911 0.1310657 0.4383726 1.368507 1.120679
0.8947069 0.3227557 0.8035289 1.362954 2.773686
1.008108 1.139895 0.2976842 0.6697163 0.9154325
0.6031346 0.3688742 0.3887273 2.432064 1.827734
0.7811065 3.694361 0.7512629 0.2504862 0.5322584
2.676066 0.5726571 2.767014 1.089415 2.731328
1.093741 0.9667863 3.686328 1.841329 1.276596
0.4902922 0.6208472 1.046678 0.2519033 0.8925134
1.237437 1.826642 2.220034 1.785445 0.6251142
1.829426 0.3882146 2.144488 0.5961077 0.5281417
0.5221193 1.838042 2.226486 1.108672 0.187378
1.595847 0.6076841 2.184544 1.2878 0.7325801
0.5355019 0.6902673 0.3064183 0.8779993 0.4390126
0.8981862 0.3473466 1.109584 1.35256 1.222428
0.8304936 2.001608 0.4321047 1.94572 0.8551629
2.209158 2.310182 2.772482 3.789885 0.9615018
0.3226949 2.405733 0.5689043 0.9694761 1.589639
1.832266 1.365642 0.1894375 1.770717 0.3080284
1.180712 0.5837001 0.6222115 0.6672349 2.092406
0.8814575 2.389753 0.4735145 0.3866461 0.7783749
3.28202 1.334606 1.623218 0.2069926 1.026943
0.9822534 0.848965 0.88211 0.4599846 1.371643
0.647353 1.556112 0.4061802 0.4254445 0.3499759
1.137883 1.042063 0.4662914 2.192999 1.348462
0.759647 0.6085894 0.9126922 1.204437 0.3002238
0.6636594 0.5327195 2.731754 0.1934841 0.7154516
1.144213 0.3744626 0.4429975 1.880768 1.005166
0.3498845 0.8349572 0.9215537 0.9772852 1.802684
0.2976935 1.595983 0.28337 0.7876921 0.4130812
0.2754732 0.86824 2.075814 0.4098014 1.366083
1.032888 0.3576334 0.7092331 0.8863309 0.5678266
0.5008905 0.7934511 2.616651 2.030095 3.273462
0.7510023 1.215621 0.8498394 0.588491 1.059729
0.4554771 1.048895 0.6173394 1.419444 1.574525
0.4000478 1.838841 0.5787776 1.344732 0.7174523
1.839027 0.6735419 0.8093416 0.6366852 2.755514
2.189997 0.224563 0.8156182 1.238469 1.059107
0.4359881 0.1808414 0.587631 0.5919355 2.223103
0.6235002 1.034055 0.3556003 1.03632 0.4945172
1.026915 0.4146456 2.597964 0.5492025 0.2044808
0.8528986 0.7060553 0.4014439 0.7170724 0.3523079
0.395117 0.9796634 0.3481762 1.145998 0.9439054
0.3575372 0.6204741 3.209559 1.820926 0.7240914
0.5434533 2.194017 0.2605287 0.5653044 1.158885
1.785565 0.7260742 1.857031 0.5609376 0.5360766
0.1992242 1.838042 0.8897719 0.3616386 1.801823
0.5912597 1.271258 0.3448937 1.073724 0.3574261
3.692967 0.6763203 3.696486 2.216852 1.229955
0.4960095 0.4606344 2.34176 0.4201195 0.3451711
0.8887283 1.087569 1.544804 1.371664 1.835499
2.727898 0.4359253 0.2047096 0.9495705 0.8199485
0.7413715 1.071821 0.5699568 0.9733641 1.597159
0.6152484 1.422159 1.823411 0.2480225 2.435618
1.630357 0.9192366 0.5051037 0.3127213 0.3615671
2.196716 2.729092 0.3455659 0.8488091 0.7574537
1.597383 1.0638 2.476038 2.326673 0.4753918
2.678153 2.18313 0.9174801 1.586591 0.4641659
0.8573351 0.6700288 1.059886 0.255623 1.343301
0.7282372 2.17282 0.710938 1.833861 0.613561
1.682005 0.9709434 1.195696 0.5948769 0.8637406
0.8241859 0.5398513 0.9822739 0.8672873 0.542967
0.3080125 0.7343185 1.078617 1.090173 0.9559886
3.410897 2.440758 3.414666 1.452005 0.3311867
0.9708986 2.054681 0.6680876 0.3909289 0.5949783
2.16299 0.455658 1.531506 0.436103 0.9691014
0.3576642 1.594192 1.839939 0.9742876 0.6465354
0.9841583 2.425453 1.440928 0.7815206 1.406906
1.553765 0.9560664 1.785444 0.6023934 0.8007661
1.808218 0.6498462 0.9320465 1.640327 1.075919
0.1541511 1.80551 2.556314 0.5225649 0.6809168
0.3908191 2.71481 1.195767 1.78547 3.788357
1.204003 0.5635787 1.739022 2.735137 0.3356424
0.7732914 0.3674483 1.818264 1.197197 0.6992795
1.535864 0.5203529 0.3198048 1.230056 1.255094
0.8718472 1.019985 1.718892 0.4832205 0.566117
0.5446558 1.476634 0.2145202 2.77278 2.402589
1.77339 0.3267498 0.3736288 0.5182431 1.052104
1.782081 2.76961 1.784124 1.536039 0.8877674
0.5613329 0.7840347 0.7718013 2.758449 1.359913
2.118708 0.7235671 0.2972048 0.2621347 1.093885
2.558349 1.321036 0.9355094 0.9351428 0.4552973
0.3863046 0.7539887 0.8997186 0.5625339 2.565074
1.136108 1.351258 0.2926279 2.791021 3.284793
1.215534 2.166359 0.3502244 1.083425 0.2008112
0.7720789 0.2839344 1.364808 0.2122575 0.4667847
1.005642 1.559782 0.3517362 0.8624248 0.7977857
2.338703 0.2966693 1.155351 0.5407682 0.6681913
3.353209 1.011148 2.230497 1.067395 0.5464886
2.78643 0.7236675 0.5899793 0.5508975 0.6531197
0.6799842 2.588105 1.787256 1.785444 1.323367
1.810336 2.435013 0.6746718 1.142508 1.139298
1.655476 0.2436921 0.4650694 0.2809026 0.2566393
0.4443408 1.132134 1.620281 1.187478 1.43374
0.948564 1.752051 2.776551 0.3049857 0.9614275
2.119151 0.4643251 0.2816373 0.3519607 1.067528
0.589007 0.4788441 0.9358039 0.3518735 0.5154176
0.803129 0.2283845 1.787131 0.3191714 3.776783
0.9496992 1.208317 2.194816 1.816176 1.554933
0.5472333 0.5475825 0.9442692 0.8911493 1.079312
0.5830341 0.2379886 0.1742446 2.05468 0.2826532
0.9629736 1.819327 0.4062331 0.5992501 2.435263
0.8542899 0.3325743 1.808684 0.703134 2.787664
1.838521 2.424652 1.413048 0.5085577 2.380355
0.4262522 0.6459923 0.7649073 1.456703 3.405822
1.365397 0.9957948 1.225244 0.621186 0.8708092
1.36538 1.073953 0.307622 1.78519 1.13611
0.8382375 1.102438 1.631903 1.617758 0.7656644
0.4093804 2.00136 0.9769858 2.051025 3.699375
2.32035 1.784841 0.5675398 0.5166004 1.808258
0.2018129 1.263813 0.6096927 0.5432793 0.9508963
0.9201779 1.028897 3.444289 0.6027934 0.5864209
0.8517417 3.473928 1.346629 0.3643953 0.4354978
0.9949266 0.9939089 0.6307658 0.8398154 0.5283813
0.7116017 1.195554 2.248909 0.8317229 0.6465575
0.5834132 3.697663 1.426267 1.50081 3.685423
3.400988 0.8144332 0.2708647 1.236089 1.699873
1.211005 0.3437201 1.077401 1.824313 1.178442
0.4825591 0.8284311 0.503262 0.3816727 0.3754249
1.196802 0.7456898 0.7343403 1.773248 0.5485198
0.4648322 1.070881 1.370566 1.82517 0.4289016
0.8487454 3.533951 1.281256 0.9934235 2.665772
0.4107471 2.268997 3.699816 0.6495583 1.369277
2.13465 1.556088 0.6380253 0.6796428 0.4660374
0.8603818 0.5450008 0.4230937 2.362082 3.69494
3.790416 1.836796 0.7704941 1.456283 1.020487
0.9804817 2.755518 0.9835891 0.4507372 2.415726
0.8932837 0.5488274 0.5833549 0.5221407 1.450171
1.042665 1.421227 0.2304032 1.779882 0.9144198
0.630489 2.38819 0.6931357 0.5940474 0.6852665
0.5810594 2.124623 1.797377 0.4034646 0.3074383
1.838042 1.078786 1.488914 1.624011 0.804301
2.246161 1.36881 0.9594681 1.619627 0.4559467
0.3015032 0.9042984 0.2889056 0.7753261 1.420665
2.683509 1.75804 1.84341 1.023225 0.6075598
1.212364 0.4517832 1.034886 0.4173536 1.824009
1.084364 0.3863159 2.245581 1.77884 2.069964
2.210078 0.3083872 0.5561631 1.093757 0.5194815
2.225115 0.8981348 0.9466918 1.844309 1.129527
0.5020375 1.024915 0.6759726 1.589253 0.2334339
1.206223 1.842242 0.5679191 0.7229883 3.447937
1.197904 3.411915 1.139339 1.304119 1.550238
0.2726546 0.984356 0.2809128 3.402458 0.2785931
2.724126 1.829028 0.2105942 1.095371 0.5905449
0.7605067 1.396865 0.3636273 0.2426867 0.6720242
0.8466995 1.192284 0.6960662 2.792363 2.773514
2.181854 0.7313645 0.5286925 1.173683 0.3069738
0.6907257 0.5076534 1.36946 3.194012 0.6298847
1.652134 1.510493 0.9788658 0.5059563 0.4041778
0.6420977 3.406756 1.435291 0.7230431 1.321362
2.441429 1.138014 0.5910192 1.824441 0.925069
0.6333968 1.193984 0.4819394 1.818275 3.948484
1.321178 3.688934 0.3381135 0.5464518 3.696015
0.9130966 0.3114451 0.635983 0.7286009 0.3750304
0.7770125 1.556641 0.7685558 1.620687 0.7445972
1.822992 1.327787 3.468215 1.344038 3.699602
0.6045515 0.5563024 0.9187694 1.206357 1.371436
1.974579 1.409305 0.5844313 0.8989559 0.5592666
0.7929863 0.4312436 1.114751 0.8211131 1.309043
1.136064 0.36404 3.336307 0.3259353 0.8517525
0.2936409 2.055633 1.011792 0.2465375 1.427242
3.411406 0.6429921 0.3446595 1.210157 1.636599
0.5717644 0.6936819 2.092286 0.3266748 1.434646
0.3103557 1.377239 2.084871 1.116054 2.771905
0.6601707 1.13432 1.369441 2.153832 0.2514626
0.7909657 1.152962 0.670941 0.6876333 0.5735163
0.7604378 0.3749984 0.7234203 1.000838 1.253469
0.3059411 0.8981788 0.6174737 1.101022 1.070146
0.4214874 1.799387 1.39715 1.716324 0.777907
0.7809471 1.1032 0.208464 0.8370335 0.3348561
0.5243944 0.5169709 2.63761 0.3417039 1.822734
0.6436119 3.360185 2.4504 0.4133893 0.6726826
0.8876367 1.391521 0.4055367 0.8285002 0.3461895
1.845064 0.6621671 2.666727 0.2062911 0.4069285
1.237139 0.6744074 0.7899656 0.2895891 1.075665
3.361788 3.769874 0.7797376 0.4942119 0.6324299
0.683893 0.4800516 0.3606324 0.4753935 3.758539
1.510265 1.360391 0.9714826 0.8355798 0.3902248
2.735559 0.3415323 1.453351 0.6937237 0.2871575
3.201764 0.9274119 0.3252589 1.204216 3.323223
1.013209 1.091888 0.9699344 2.441421 1.448023
0.3497249 1.292263 0.2416123 0.9728723 1.59519
2.05057 0.8246683 0.5666426 0.9806989 2.772757
2.482179 2.777603 0.8389266 1.411926 1.816688
0.9499919 1.297214 1.089852 0.3478196 0.4554104
0.334229 0.9670057 1.059832 0.5945966 0.1884209
1.826674 1.375199 1.052096 1.761042 0.483103
3.347863 2.76701 3.776469 0.2765012 1.830545
0.4925035 1.356091 0.9893581 2.42293 1.453365
1.74277 0.8628342 0.9468301 1.061633 3.788973
0.4296302 1.351333 1.060908 2.216392 0.7153262
0.5326236 0.1311788 1.242204 1.829016 1.768649
0.2175054 0.5285358 0.5292444 3.070062 1.092599
0.9943368 1.162583 0.8552814 0.9115069 0.8979498
0.7237169 2.227278 1.150802 3.449285 1.088007
0.6171495 1.348353 1.773494 0.338603 1.555739
1.145506 0.6338698 1.170156 1.102439 2.515848
0.5130882 0.9533602 0.7934901 0.5500998 1.191295
0.7988322 0.586994 0.3507185 1.088982 1.545838
2.729831 2.767725 2.227752 0.4595692 0.3858221
0.7699894 2.56974 0.8072713 0.3830346 1.248419
3.410342 2.193352 1.040364 0.7231216 1.623058
2.362008 0.5393363 2.230593 1.392224 2.775665
0.2356023 0.803061 1.074455 0.6291832 0.1971364
1.201796 0.4706562 0.7463185 0.6642249 1.958282
0.9161084 0.9359521 1.768193 1.799953 2.735441
2.239955 1.441826 3.696486 1.585942 0.315117
0.3049366 1.847073 0.3886761 0.8671698 0.8439324
1.137825 0.3233632 2.423719 1.842855 2.769967
0.9062655 2.071005 0.8293451 1.127598 2.641402
0.5732941 0.6978601 1.133345 0.2561548 0.9215407
0.4203266 3.789342 2.511206 0.9620186 1.333814
1.577778 2.769071 0.3252204 1.509938 0.9909265
0.6917093 2.422957 0.9357121 2.7281 0.9404282
0.2746189 0.8763817 0.4384426 0.6302417 0.8273709
0.7122023 1.818033 2.777501 0.9326167 0.4356288
0.2774378 0.3864609 2.634135 1.093814 0.5772134
0.9620729 0.4544118 2.3789 2.440688 2.202536
0.2005084 0.8037538 1.847322 0.6906313 0.4429496
1.784149 0.4452596 0.9085579 1.154402 0.4002498
1.167846 3.687575 0.3813015 0.5631809 0.3258456
0.2459905 1.743551 1.149457 2.190381 0.6592012
0.2462364 0.2760298 3.102876 0.8547999 0.3576596
0.5021594 0.7953919 1.523228 0.6953645 0.7763309
2.196879 0.5167698 0.6487962 0.9212669 1.975885
1.815558 0.5374803 1.078994 1.211439 2.016221
0.2295896 1.80302 2.773809 0.89181 0.7988067
2.755518 0.6937043 1.42997 1.34323 2.787904
2.413315 0.6813315 1.797285 0.7709645 0.5223502
2.184171 0.3250044 2.134602 1.515387 1.361556
1.654751 0.6075669 1.074364 0.7228388 1.088647
0.4361174 0.4538391 0.4699531 2.207459 0.4153005
0.4728966 0.6567559 1.401064 0.3232115 1.432799
2.62905 2.21233 0.7118241 0.330304 0.9249005
0.376415 0.7833107 1.11231 1.361504 2.593411
0.2397684 1.295634 1.847819 1.387035 1.011686
3.545851 0.7021582 0.7738993 0.4195778 3.391465
3.403648 1.487826 2.845872 1.357641 0.4175442
0.5849914 1.231812 2.292983 0.7495404 0.9453626
0.7332137 1.800429 0.285897 0.2607792 0.9951854
1.224341 0.9057811 1.800643 1.181793 0.5298585
0.9498072 0.2114435 3.451752 2.220061 2.440883
0.6250568 1.43843 0.6970758 3.69367 0.8955017
1.418337 0.8266482 2.323091 0.7396102 2.760681
1.485751 2.411021 0.8902223 0.1729911 0.6443664
2.772757 1.819339 0.8687367 0.7811075 1.556233
2.442008 2.772681 0.5114128 0.3198844 0.8283068
0.3591468 1.288527 1.092668 1.284017 0.7015597
0.2530378 0.6737924 0.7684868 1.841007 0.4198586
0.5394012 0.4537448 1.421967 0.5594153 0.6536769
0.4163249 0.585993 0.4147589 2.772173 0.9830736
1.865224 0.4341541 0.4696555 2.441202 1.273316
1.824289 1.418981 1.421303 0.4354346 0.7755755
1.280585 0.8175583 1.825168 2.762644 0.595774
0.3853546 1.352408 0.2230689 1.577024 0.8925414
0.4826506 0.2106895 0.573127 1.741884 2.777389
0.5982697 1.422546 0.8917354 0.4055094 0.3947073
0.5934243 0.9135421 2.183444 0.8800094 0.3210018
0.2349135 1.311521 1.096824 0.974081 0.2680048
1.435392 1.82817 1.468247 1.181419 1.351842
0.6163039 0.6167219 0.8922365 2.440981 0.8485992
0.4427862 2.768889 0.2920131 0.9966038 0.2540968
1.296333 1.362774 0.6825014 3.411644 0.3939575
1.345738 1.698531 0.2090734 3.72755 2.426225
0.9740815 0.4573145 0.4782571 0.5396367 0.4299415
1.398967 2.769967 0.2797211 0.9058772 1.06885
1.372077 1.297767 0.7286511 0.9117877 1.036548
1.840908 1.280515 0.712744 0.4293929 1.127277
1.827105 1.245957 0.8060058 1.794887 0.2420675
0.8527903 1.984941 0.4914713 1.51749 0.5242107
3.697987 3.695526 1.783116 0.4553335 0.5431659
0.9597949 2.583967 0.8582362 0.3005109 1.755518
0.8386153 0.5847279 0.345983 0.9970684 1.616563
0.1618156 0.8779525 1.14093 0.5003905 0.2459359
0.6226204 0.3823357 3.687416 2.42162 0.9583191
0.75743 0.6158382 0.9154325 1.168752 0.3769611
2.594037 0.999716 0.8913335 1.200124 0.3995888
1.293777 2.441573 1.290651 0.768763 0.5653597
0.7726955 0.5206649 1.393781 1.829632 1.324404
1.016904 0.3528225 0.4820585 2.442007 1.524692
0.4377472 1.442991 0.6279123 0.3509845 0.7624421
0.5711348 1.169411 0.3521611 0.5105965 1.142151
1.803221 0.7594702 1.839026 1.174297 0.6206838
2.571517 0.4915319 3.452499 2.382393 1.095628
1.055495 2.216855 1.840675 0.3485772 0.3799703
0.7110436 0.3738255 0.7637317 0.3695366 0.3070745
0.3770725 2.973135 0.7344994 2.597218 0.6499807
0.3275658 0.995446 0.473452 1.838041 2.773962
3.788111 0.3724716 3.387703 0.6671367 2.186107
0.3219661 2.210419 0.9852761 0.7471986 1.366695
1.175109 1.278192 0.3076579 2.76003 0.8086736
0.568067 0.6259906 1.216488 0.5083468 1.755467
1.413916 0.643164 1.803644 0.5141383 0.9978973
1.799981 2.733907 1.814585 0.4310466 1.807214
0.4826487 0.5416734 1.957161 1.101427 0.3897366
1.552548 1.175133 0.4601387 0.5987259 2.417525
0.21617 1.345855 0.8318207 0.2498515 0.7224235
1.36493 0.9365741 0.6981754 1.089083 2.77467
3.775587 0.89457 0.9353905 2.441126 2.771198
1.338868 3.393756 0.5215354 1.179011 1.334374
1.219653 1.382032 0.3720686 0.5541873 0.8609081
0.2073892 0.5479239 1.067562 2.428838 0.3660535
0.7183265 1.204019 1.884219 1.992564 1.373214
0.7834069 1.300389 0.9573602 3.549604 1.102411
1.774355 1.731256 1.403952 0.6983445 1.772301
0.3678566 0.8770687 0.7874757 0.6701657 1.375132
0.3181234 0.7282364 0.3059827 1.028101 1.775736
1.074044 0.2387261 1.439572 1.250991 0.2245445
1.48372 0.8926576 1.112345 0.428234 0.6633049
2.733531 1.440273 0.1622549 1.548148 2.773016
0.8404424 2.196666 2.495936 0.9666592 1.821434
0.3490076 1.792545 0.3711993 0.8383895 1.836258
0.5625045 3.694977 1.648794 2.158263 0.2951799
1.334608 3.446151 1.98031 0.3717271 0.5799612
0.4985242 0.715411 1.829872 0.41481 0.7658428
0.8966972 1.167885 0.3803784 0.1837341 1.198675
0.5973348 0.3898189 3.698302 0.4115783 1.408379
0.7914294 1.026612 3.69979 0.5620072 0.4552759
1.078769 0.899879 1.044284 2.196051 1.594482
0.3267915 1.630123 1.225329 0.9000886 1.055586
0.8319391 1.464243 1.005273 0.6389382 1.529299
2.730534 1.847323 0.6358214 0.6100731 0.2900614
1.95263 1.181651 1.864859 0.8709024 0.6857273
1.187167 0.6621978 0.6623137 0.669716 0.7777076
0.2333939 0.2646674 1.750562 2.196439 2.767012
2.769944 0.5098442 1.682441 1.839148 0.3761922
0.2224678 2.767827 2.415444 1.554853 0.7199496
1.449892 0.7442116 0.4842039 0.5980668 0.5405527
0.6334997 0.4497352 2.186934 0.904456 1.391116
2.468335 1.092682 1.738804 1.058346 1.387303
0.9135336 0.9041127 0.48851 1.412592 1.346466
1.817046 0.1725079 0.2635178 0.3824525 1.145816
0.8967891 0.7885069 0.1547497 0.6457809 1.777305
0.4940456 1.289494 0.9095647 1.153398 1.460035
3.410302 1.21761 0.8552234 0.7799707 1.068437
0.7583971 1.367459 0.4910146 0.5794778 0.8878373
1.000218 0.9960169 1.366519 1.640951 0.6458757
1.352362 1.764078 0.5383138 2.44152 2.435317
1.611712 0.8927696 0.2208598 1.824229 0.9997442
0.3936717 1.962078 1.212979 0.4764537 0.9269672
0.699193 0.8000534 2.425553 0.3313044 0.7274938
0.5914406 0.5070217 2.723006 1.348352 1.847822
0.5972811 0.3362773 0.4467058 1.4256 0.7811506
0.3699312 0.8706525 0.1739983 0.6866435 0.4935047
0.4273795 2.381702 1.819264 0.9895016 0.7250649
1.084354 2.769511 0.3255655 0.4659241 2.772586
1.678246 0.9788666 1.825373 2.207943 0.3644533
1.784841 0.4763456 2.441826 2.454776 1.422989
1.422458 0.4169953 2.758346 0.6495565 0.8895735
0.2335309 1.346628 1.136129 2.768969 1.816941
0.1722128 0.3293152 2.44072 0.4770344 0.7755619
0.8097896 0.7647686 0.8422275 1.834888 1.025094
2.732504 1.553701 0.248872 2.212153 1.861033
0.597401 0.5534963 1.359801 0.6622008 1.101949
0.4401036 1.190292 0.6250229 2.588754 1.008574
2.771557 3.696909 3.692141 0.7988016 0.821866
1.472135 0.9887397 0.9608692 1.40351 0.6588846
1.366249 0.8087834 0.4682517 0.7680103 0.8147813
0.2147955 0.9757538 0.4361401 0.3658829 3.459992
0.8295664 0.7047836 0.6835445 0.8064467 1.037436
0.5842291 0.3678311 0.2381854 1.626089 2.109338
0.7078612 0.9975306 1.153842 0.6077803 2.388456
0.5636134 0.8920468 1.566367 0.6118413 0.4783616
1.071551 0.2047339 0.3024171 1.022389 0.8807251
1.561505 1.23646 0.5732131 1.039502 1.817475
1.08138 0.6544757 0.9286765 0.3739595 1.230106
1.208099 0.6022099 1.211039 0.5427279 0.265732
0.7890115 0.5643125 0.4369122 1.560388 0.805676
0.5594606 0.2722561 2.141915 1.023988 0.3132176
1.202116 2.115577 0.7080768 0.6839263 0.6046634
0.7823103 0.6267861 0.231358 0.4209094 0.4921843
2.773822 0.6769462 1.074434 1.847823 1.289041
1.823412 1.832378 0.4773504 0.2396057 1.830232
1.296387 0.6859315 1.270296 0.437137 0.5503429
1.130989 0.5664547 2.792631 1.221402 0.7723202
0.8022895 3.042786 0.9564542 0.5480896 2.322942
0.6878976 2.01754 0.9769529 2.728991 1.984237
3.460197 1.368367 0.7738126 1.803156 1.599912
1.236201 2.08537 0.480602 1.196316 0.4660286
1.110441 0.8318657 0.6150447 3.683721 1.048975
1.817626 0.3641108 0.9888118 1.719293 0.6664711
0.7492515 0.3221929 2.42296 1.207627 3.588769
0.4746915 0.7329028 0.5282796 1.04209 0.4317776
0.270345 1.826795 1.156249 0.3363507 0.4890496
0.4101448 1.721809 1.119691 2.032645 1.286365
1.666804 2.118868 0.5537887 0.5999145 0.547694
0.7104776 0.8466095 0.8767045 0.3905785 1.038717
1.183298 0.4373098 2.770849 1.441289 0.5668317
0.9497556 1.690424 1.409213 0.5046578 0.4461107
1.273823 2.339244 0.5657928 2.2333 0.2614138
0.6892066 0.5909807 1.631941 0.8002646 1.926581
1.262735 1.206981 0.7051486 0.5424682 0.2972046
2.059705 1.065843 3.408326 2.104485 1.505139
0.620779 0.3470277 0.8752633 1.769934 0.7898746
1.447172 0.5097281 0.8204454 1.254647 0.6736272
0.1900657 0.621159 0.7077108 1.611699 0.4671394
1.381929 0.9029456 0.99973 1.222357 0.3552591
1.01553 1.768096 0.6528469 0.2606405 3.267601
0.4957759 0.6118423 1.12424 0.6396584 0.4485294
1.284415 0.8894955 2.100715 0.6606814 1.466002
1.746187 1.445534 3.691173 3.111674 0.7279025
0.2198448 0.6439933 1.069772 0.6503863 1.2189
0.8781241 1.007444 1.033179 1.061605 1.734727
0.711733 0.5869674 0.3655387 1.047663 1.716527
0.8673317 2.447584 2.403705 0.914386 0.9119256
1.00541 1.076975 0.4210342 2.493935 0.7603424
0.6921649 0.7223927 1.590432 2.771797 0.5121355
0.3780293 0.8692011 0.7955033 1.343101 3.275724
0.448922 3.809041 0.9964847 0.6901446 1.393196
1.17469 0.5027351 1.502399 1.157043 1.367518
0.9807871 0.6191181 0.565011 0.4203652 0.8691187
0.7987849 0.3962864 0.7322142 1.827187 1.832077
2.195467 1.370041 1.839205 3.694951 1.102662
0.9035076 3.414337 0.3796609 0.9293157 1.450879
0.5571588 1.381971 1.846586 0.7475418 0.7315904
0.7553247 3.757969 1.482612 0.3873174 0.5418147
2.767112 0.3855828 0.1789731 2.767836 1.085216
1.014497 1.134319 2.765837 1.052682 0.5869937
0.3763226 0.4463185 0.5929269 0.5206026 0.431731
0.9482159 1.16962 0.3301067 2.440687 0.7392439
3.69691 3.78944 2.404894 3.699816 0.9383113
1.371988 1.397875 0.191433 1.311676 0.9890603
0.3081544 0.5954738 3.290442 0.8979505 0.2987547
0.4547384 0.2148352 0.4888789 0.789518 0.8001056
1.04917 0.9651367 1.268871 0.3813045 1.199399
0.7036355 0.4080459 1.752929 1.525528 0.3925221
2.766707 1.025798 1.275258 0.7167866 2.163913
0.8215761 3.687745 0.7101428 0.5523938 0.5388605
1.119649 0.6930034 0.9728851 1.681602 1.35175
1.68437 2.229973 0.200928 0.8533676 0.7899767
2.065742 1.314872 1.187304 0.7740881 1.166055
0.6307111 0.4589381 3.196631 0.9772874 0.614752
1.475991 1.366587 1.614059 0.6476685 2.585461
0.4207458 0.3463492 1.941353 0.4172636 0.5054303
1.374703 0.5566098 0.8925112 1.02818 1.267269
0.7947421 0.9304013 3.409698 0.9060229 2.435435
0.5042237 2.543789 0.5417048 1.106852 0.4952046
1.238994 0.639449 1.83392 1.428603 0.4435282
1.056043 0.6174728 1.111218 0.5997134 1.314184
1.02947 0.582285 2.427179 0.5115935 0.4525728
2.73733 0.9015894 1.384179 0.6756279 1.84782
0.3572153 2.424223 0.6369833 0.6682567 0.8918861
1.13186 0.2856007 1.784492 1.014164 1.77457
2.194925 0.3689552 0.9850111 0.3588198 1.377238
1.089755 0.5006367 2.776306 1.211399 2.420711
0.6192539 1.20634 1.961113 0.9547448 0.7664535
1.129741 2.776549 0.5649105 1.365982 0.3290229
3.189673 0.1761585 1.084095 2.695776 0.3889499
0.3869997 0.4354942 0.6060284 0.3002896 3.773572
0.8764108 0.3028553 0.9240796 1.116787 0.5048405
0.472102 0.6987593 0.8212834 2.408001 0.8204635
2.77319 0.7133418 1.808711 0.3978355 1.225174
1.509285 1.825979 0.5975792 0.4673345 3.477214
1.240588 1.204957 1.212892 1.744423 0.9860834
3.731032 0.5247574 1.780657 1.177294 0.6550556
0.6080286 1.813938 0.4511291 1.112861 1.000995
0.8909683 1.009668 1.427202 1.448065 0.4916437
0.4191965 1.797695 0.5698138 0.5092365 0.5783545
0.9698016 0.1838205 0.2180418 2.729965 0.1999655
0.8764888 1.542927 1.338909 3.209427 0.7823276
0.3698228 2.435612 0.2228328 1.070995 0.5076049
1.803866 1.209271 1.429634 2.629049 0.7449766
1.094876 3.697998 0.952675 1.431417 0.3070127
0.4670843 1.373227 0.3909829 0.7125858 1.359499
3.692594 0.324912 0.3396955 0.4259793 0.6920615
0.9443232 1.743983 0.6179466 0.861726 3.697946
0.9593468 2.594168 1.400378 1.073921 2.731233
2.777286 2.029851 1.538651 0.8402493 0.4035787
3.876578 2.731236 2.440992 0.6034802 0.2800471
1.261362 1.238998 1.067993 0.4615967 1.553891
1.335732 1.69833 3.414666 0.4841523 0.9140861
1.477451 0.4065478 0.7312704 0.3415341 0.5962472
0.768819 0.5496155 0.4217045 1.278278 1.097485
0.4257698 3.455984 1.172454 0.4224686 1.84329
3.769327 0.7095572 0.4931254 0.3335697 1.2942
1.418348 0.8877807 3.691212 0.5915051 1.389478
1.802611 0.2659217 3.128358 3.790403 0.8513396
0.6644068 0.851972 0.864159 0.8543872 2.424895
1.381198 0.4967166 0.7296505 0.4179653 0.7745552
0.785191 1.580757 0.9800166 0.9772748 1.448629
0.9385524 0.3121498 2.777505 0.4551379 2.850688
0.9796442 0.6432185 0.2349368 2.203779 1.079792
3.774021 1.102295 1.381971 1.777707 1.828953
0.2406377 1.328511 0.5661528 0.8902915 2.184542
0.3700607 2.177973 1.619306 0.2385768 0.6631665
0.783521 0.4559933 0.1740928 0.2417899 0.7527076
0.2129534 0.3759206 3.405422 0.3487729 3.791642
1.404058 1.827324 0.5427216 1.269376 1.976199
2.441662 2.441608 1.735032 0.5488161 0.2884663
1.281354 0.9195374 0.7444231 1.287604 0.7834224
0.6835865 0.372096 0.5877657 2.111865 1.81601
0.361189 1.791698 0.6854095 1.589488 0.5858147
1.383558 0.8142585 0.5512795 1.162746 1.106633
1.641926 0.5573085 0.5246587 1.82591 0.9341107
1.149805 0.7400966 0.9844192 0.7582368 2.194008
1.403825 0.2046932 1.576899 0.9283934 2.772174
2.560202 1.343577 0.9696819 1.87118 0.6138995
1.146869 1.473716 0.585334 2.264156 1.450806
0.9347882 0.9566144 0.1976204 0.5758698 0.5550276
0.3852461 1.611699 0.4241662 2.777165 0.5402406
0.8585424 0.3407651 0.6807207 2.768215 2.223092
2.078257 2.479758 0.531037 1.832076 0.2783926
0.8044393 1.33739 0.345457 0.5036005 1.297251
1.381971 0.7549837 0.9985094 0.7726162 2.770449
1.024198 1.089306 0.6519432 0.8198291 0.7512517
1.78577 0.659611 1.816398 0.7593426 1.433901
0.6596838 0.339361 0.6634147 0.1957058 0.394481
0.2148249 1.373016 0.9115227 0.5806267 1.48214
0.2122467 2.481079 0.3343506 0.1772578 0.7448403
1.731063 1.296171 3.837611 1.338221 0.3196283
0.8916787 0.1925085 0.6244816 0.9247851 1.821891
1.095388 1.064522 1.195203 0.8886263 1.824588
0.5611763 3.404906 0.3855815 1.05335 0.8900738
1.328953 0.2156272 0.654482 1.286762 0.549787
0.4378751 0.9457754 1.499044 0.9837729 0.8746358
0.7080088 0.4646874 0.7766655 0.670988 1.554695
0.7945547 0.9386207 0.403778 1.542426 0.9774891
1.443875 1.076515 0.6751529 0.8431175 0.8028206
0.4946176 0.1913123 1.776801 0.4641737 2.773707
0.5396991 0.865637 0.7583254 3.473923 1.336302
0.4430647 0.778397 1.03267 0.6198491 0.8062974
3.567287 1.358952 1.355885 1.098728 0.7093302
0.6372927 2.966319 1.046358 2.776077 1.401113
1.256282 1.819449 1.347413 3.694365 0.6246514
2.197386 1.104854 0.8795098 0.7336664 2.140753
1.322956 0.6373063 0.2070976 0.2661167 0.9762627
0.1972035 1.370085 1.346813 0.4494428 1.413062
0.2085781 2.42399 1.079963 0.8210346 3.729957
1.180159 0.4016894 0.2861636 2.421735 1.554367
0.246351 3.414365 2.337086 0.5439096 0.9468061
0.3239287 0.7174979 0.3670247 1.098188 0.4550916
0.3936239 2.769093 0.7409538 3.414333 0.8615148
1.802393 0.4451579 1.799359 1.554391 1.182406
1.032605 1.779103 1.578417 1.824005 0.722781
0.5038661 0.9043773 3.644702 1.993568 2.19644
1.004709 0.643155 0.8944538 3.700019 1.753437
0.3922905 0.8013505 0.6054764 2.034724 0.5035317
1.090235 0.9737492 0.1853177 1.048358 0.3751858
1.018858 1.358228 0.8417822 3.347065 3.360911
0.4224219 1.109673 1.180377 3.209362 1.308582
0.991957 2.432639 0.8077208 0.2017453 0.5758713
0.5159147 0.3185475 0.9541259 0.6759309 1.698399
1.31488 2.771799 1.008889 1.513311 0.2513039
0.4178156 3.758427 0.9812727 0.1907248 0.6287565
1.18081 0.9363429 0.39548 1.708289 0.3578761
0.4661807 0.6443023 0.3425304 1.983064 1.057013
0.7307323 1.423912 1.323208 0.3238461 0.3458793
0.4421723 0.4385832 0.9322582 3.68406 0.5861589
1.056446 1.402753 0.2781474 3.131264 0.4000919
0.7978207 0.749952 1.381489 0.4509621 1.222238
2.769067 3.70002 2.7281 2.450165 0.7521914
0.8248312 1.130537 0.3227782 0.6726966 0.5382296
1.057354 1.641502 0.3912457 2.771457 1.281011
1.773996 3.790361 0.4273263 1.090797 1.20714
0.4177059 0.5954302 0.617961 2.776652 0.9459578
0.3244627 0.4150632 3.463556 3.209664 0.1805542
1.098159 0.9076994 1.016387 0.7580398 0.9186349
0.793536 1.836741 0.2267925 2.774236 0.5638259
2.169479 2.205409 0.5648446 0.5280357 0.2087612
1.102438 2.770727 0.7518686 0.6464571 0.7317516
1.713242 2.768114 0.2838239 1.211178 1.596706
0.5314648 0.4013297 1.252918 1.324379 3.694348
0.784105 0.2485041 0.4092495 0.8624521 0.6596621
2.765441 2.773313 0.6638066 2.190527 1.818046
0.4669513 1.599803 0.7666004 0.9779096 0.2168957
0.3409403 0.9156374 0.4000009 0.7043128 1.759553
2.15577 0.8712272 0.4196575 1.285344 1.485922
1.724288 0.3891914 1.837708 0.2283927 1.667015
1.179786 0.3411675 2.836033 1.654764 0.3897862
0.8291441 0.2771439 2.214716 0.6817987 0.9590446
2.12019 0.9278744 0.582267 0.54331 2.441291
1.091597 1.799795 0.5982428 0.3031212 1.822022
1.768647 1.264006 0.4844477 0.5906912 1.103608
2.441686 1.764948 0.8742336 0.5536851 0.4043927
1.347182 1.823004 2.473771 0.6702555 2.400848
0.3947629 0.1507533 0.7882764 1.398593 0.4369788
0.7357139 0.7928775 0.7197209 3.709133 1.193773
0.7341216 0.9446569 1.16938 1.273876 1.615287
0.2318747 1.838037 0.1743166 0.6486868 0.3095804
2.158044 0.4390056 1.740653 0.3970991 0.7943517
1.0458 1.10625 2.744748 2.299993 0.3222022
0.5921983 3.399519 0.9112769 0.3570596 0.967767
0.7298905 0.4183331 2.326023 0.7213531 1.032778
0.2787123 1.827519 0.5524257 1.557187 0.8971191
1.286499 0.5803422 1.253633 1.456477 1.145799
1.359014 1.76553 0.3480135 0.6220197 0.4462787
0.3361182 2.24439 0.8991117 0.7305898 0.9613832
0.9499389 0.4690037 2.564953 1.040813 1.431417
1.075689 2.01899 1.781432 0.2365853 0.9770475
0.5636607 1.845243 2.945221 0.8735141 1.946177
2.17038 1.290553 1.421094 0.6847107 0.38426
3.698866 1.364647 0.5272566 1.875036 1.171509
1.1576 0.6417177 1.731585 0.6312258 3.358764
0.6658322 0.5927869 2.57341 0.2134794 1.403511
0.5847128 1.528248 2.762644 3.209542 1.84039
0.8168212 0.6850158 1.146118 1.476561 0.8708769
1.781449 1.825904 1.219732 1.238517 1.285231
0.9302515 0.3315629 1.76369 1.492376 0.9221962
3.286385 2.039228 0.3269223 0.6708762 0.8651528
1.068927 1.600372 0.7823099 0.4070996 0.3528418
0.1776368 1.297922 1.136658 1.403096 0.2953705
0.91113 0.3433397 1.833713 2.429392 1.833249
0.9618941 3.788061 0.7961178 1.844269 2.313699
0.2513823 0.9425509 2.773194 1.368064 0.3824161
0.1701097 2.812824 0.2514302 0.3378884 0.6927506
0.6174732 1.015275 3.69935 1.764789 1.376644
0.7185488 0.8604355 2.469497 3.411954 0.7446028
0.6196254 1.081871 0.802568 0.6969102 2.728601
1.974084 0.6410292 0.3968995 1.019519 2.078184
1.81847 0.7690675 0.6799294 1.09338 0.5870633
1.608937 0.7025735 1.087704 1.005194 2.201907
1.020552 1.681601 1.697369 2.408002 0.6718784
0.5769958 0.6245367 1.283681 0.957404 2.762642
0.909375 1.245844 0.304218 2.004126 1.332173
0.8530901 0.6164941 1.682463 1.108718 0.6813151
0.6326596 0.4670713 0.9208738 0.75203 3.767022
0.5545903 1.417155 2.729093 0.8633934 0.1834051
2.616658 0.7428496 0.5838252 0.7645749 1.527607
2.499607 1.836794 1.297325 0.5072436 1.022404
0.9859492 0.9041725 1.130849 1.173709 1.007638
0.1873256 0.9208885 1.821326 0.5050989 1.721047
0.7694731 0.2119646 1.847819 0.5907201 2.441667
1.779134 0.7214935 0.5553001 2.455994 0.1875723
1.450761 0.2970464 0.5124211 0.8355799 0.2702348
2.129101 1.531654 2.73733 3.696542 0.5096282
0.9433585 0.6627213 0.7461634 1.266436 0.6869063
1.847612 0.7200081 0.6014556 1.822184 2.865764
1.220811 0.2673836 2.046368 0.9205084 0.9701719
2.440865 0.8867896 0.6580379 1.87187 0.6894196
1.534398 0.9264002 0.3115834 1.210961 0.2608828
0.6962242 0.2148004 0.5177658 0.398538 0.5799056
0.4038509 0.4733158 1.366495 0.5199112 0.7728953
1.01482 0.368078 1.167503 2.235107 1.276836
0.3347259 1.257243 0.6917282 1.838041 1.211175
1.817263 0.7914503 1.374919 0.72223 1.448652
1.132249 1.49837 0.9844131 0.7972432 0.331682
0.5108073 0.4848496 2.729243 0.5824312 3.69513
3.686303 0.3805554 1.396132 0.5314652 1.561508
0.5539911 0.8932834 1.774505 3.33656 1.030693
0.7987403 0.4352613 1.553548 0.7940898 0.947264
0.8219613 1.769242 0.9509142 1.17573 1.644983
0.8008816 0.2470114 0.3586907 1.150477 1.413442
0.4878919 0.4041756 0.7623955 0.6227319 0.5914165
0.9045805 0.4954586 0.3006398 0.596243 1.505268
1.864762 0.469644 0.5045232 0.5813219 1.410737
1.978376 0.397911 2.441789 1.681678 3.789551
1.179433 1.265466 0.2072761 0.492212 1.068927
2.419166 1.153583 0.3397549 2.626882 0.8607589
0.5084714 2.771434 1.763437 0.5429223 0.3066246
1.173454 0.4758939 1.75056 0.4281831 0.9744954
1.286463 0.346778 0.6535893 0.3439212 0.8955549
0.5935951 2.175595 0.9707499 0.6237377 1.352073
0.5706751 0.7661246 1.156994 0.8472032 1.799356
1.600171 0.4295942 1.102442 0.6762159 0.6656667
0.9408398 3.400767 0.3040249 1.137366 1.383284
2.387314 3.457062 0.9577996 0.6605606 0.8917583
2.685431 2.836034 0.9868109 0.9159051 1.293958
2.146071 1.241087 0.9656887 0.2901148 0.2096609
0.8943429 0.3494351 0.6972014 1.316822 1.095385
0.6788017 0.6557278 0.4339954 0.9325013 3.191259
1.253546 1.492625 0.8207416 0.7309909 2.213368
1.019925 1.757874 0.481711 0.3657238 0.8857278
0.5440093 0.6895173 1.834402 0.2499923 1.059165
1.413987 3.448614 0.2163218 2.213306 0.3508547
1.555991 0.7967161 0.5839542 2.205877 1.839493
2.325293 0.3420299 0.6032807 1.194052 1.276399
0.6547626 1.980987 0.8710925 0.2751285 2.225337
0.3128158 3.839345 0.7723609 0.7582407 1.382071
0.2910055 1.3277 0.3508518 0.9758021 3.36693
0.4300591 1.189119 1.336632 3.775866 2.440764
0.2905916 0.6935616 0.3567408 0.7811297 1.554378
1.382611 0.4037736 1.802723 2.154103 2.415724
1.172852 1.359898 3.208925 1.781854 0.4972321
3.699816 1.202402 0.7127681 1.556659 1.206067
0.7726658 1.050916 0.4356816 0.4533748 2.424653
1.828564 0.8541374 0.8288379 0.6386556 2.767013
2.28551 0.4707141 0.5325283 1.07675 1.777485
0.7534579 1.225244 1.833919 0.7831471 0.3335092
0.9780295 0.8783279 0.5897026 2.77075 0.8275611
1.268775 0.8683843 1.738443 1.186726 2.775032
1.356398 2.785066 3.700211 2.440662 0.8169398
0.6770813 0.9076122 1.3559 1.412836 0.9358099
0.6571005 2.289516 0.6891641 2.150344 0.7294262
0.7120946 2.762643 1.050996 0.5850637 1.000743
1.780568 2.11969 1.339687 1.06242 0.4305032
0.4720746 1.170768 0.2776339 1.086417 1.19631
0.2260192 0.6246246 1.445479 1.205688 2.770563
0.8764893 2.441292 0.2708731 2.44179 0.4830301
2.776657 0.4456441 2.603758 0.7357609 0.738888
1.079965 3.333524 0.6404432 0.7498106 0.7022559
0.1860558 0.6585971 1.035408 0.478407 0.24749
1.344468 1.556654 0.3425709 0.6742186 0.8460105
0.1418798 0.9376201 1.823693 0.7288702 1.352996
1.844349 0.5086383 0.9135326 0.7382974 0.4164388
0.3912684 0.6005365 0.9012841 0.2733657 0.6697348
0.3513724 0.6863939 0.5436887 1.344506 0.6754358
1.381971 0.4047899 3.686731 0.2792182 0.9094017
0.3800811 2.428888 0.8249997 2.776273 1.377836
2.077732 1.102649 2.14871 0.3213795 2.772659
0.2155429 0.9643445 0.2461847 3.355426 0.7214948
0.2334501 0.7811075 0.8489717 0.4198706 1.96521
1.611692 0.3510145 0.9102208 1.755558 0.7407783
2.775032 0.8589064 0.4399715 1.826557 0.776207
1.378977 3.276246 0.9940103 0.2252279 2.419164
0.6682951 0.9459613 2.198094 2.426912 0.3001296
1.999361 1.468732 1.132346 3.397039 2.774237
0.2136684 1.539401 1.26633 3.694976 2.373687
2.428119 0.7150909 0.2931646 0.5837021 0.7730474
1.065611 1.371692 1.021824 0.8687863 0.4146083
0.243247 0.7599782 3.142928 0.6197156 1.709532
0.8308563 1.481111 1.450891 0.9445716 0.9542459
2.420611 1.223421 0.1624323 3.404773 0.2954396
0.5970578 0.4571797 0.6530446 3.109544 0.8238977
0.4498555 0.7464581 1.606326 2.583783 1.492106
1.757681 0.5521546 1.080625 0.7267304 1.084363
0.309734 0.6232116 1.454157 0.5589244 0.4580677
1.376452 0.5535221 1.089074 0.8095229 1.774953
1.097506 1.043971 0.5703232 0.9920832 0.3556275
0.7617697 0.3440785 0.8871311 0.6633018 1.540311
0.9772984 0.7768213 0.9657659 2.169434 0.3903838
0.4441364 1.198658 0.2164428 1.206055 1.392881
2.715025 1.548625 1.824363 0.4500084 0.7095453
0.2424707 1.31163 0.9951269 0.8214875 3.687077
0.8162441 1.418235 3.695658 0.7060607 1.534868
0.7555206 0.7379134 2.731329 2.091179 0.8699349
0.7403434 0.6473252 2.12079 1.781094 0.9668883
0.9129715 0.5219283 1.18912 3.817918 0.8843097
0.7229794 0.6507516 1.847075 1.175393 0.9136471
0.574645 1.529448 1.0217 1.615601 1.325999
0.5308794 0.8877456 1.005808 0.3096421 0.748904
1.839006 2.431725 1.062446 0.5853738 0.2276814
1.37938 2.777287 0.3623991 0.3593537 0.8141186
0.341949 1.43596 2.500477 0.8165509 0.9634788
0.3833251 0.946284 0.3978532 0.3087797 2.732058
1.116664 0.3197769 0.4379296 2.165183 0.3320227
1.07799 1.000595 1.208466 0.5100283 0.6756269
1.682403 0.9403799 1.78484 3.414359 1.690657
3.401026 0.9783764 0.7543648 2.241939 0.7666389
0.4636398 2.024639 1.188474 2.71413 2.113185
0.1906614 0.5421347 1.372482 1.13789 0.9153164
1.621908 1.373492 0.4614645 2.095517 1.114668
0.3441224 0.914037 0.6709096 1.101427 3.685892
1.780374 0.341467 0.6461702 1.421888 1.010858
0.9015894 0.593786 0.3187249 0.187721 1.382143
1.10267 0.576831 2.47785 3.772038 2.184237
0.783142 2.769962 1.366539 1.767593 0.3617324
0.6635244 0.3394994 0.3536534 2.004583 0.7152303
0.529022 1.143336 0.9371464 2.773209 0.3992308
2.773708 0.5423347 0.9708402 1.79669 2.163089
2.464682 0.5206572 0.2690347 1.163397 1.840011
2.768113 0.4291774 1.543459 2.769071 1.404937
1.260883 0.6721126 1.617691 2.776661 0.4834151
0.6151578 0.3570392 0.6297161 2.47785 0.5062209
0.5313257 0.6695149 1.396887 1.468762 0.2288491
0.7684869 1.289386 1.092055 1.421849 0.2295868
0.677074 1.827278 3.406723 0.7513626 1.185738
0.2399634 1.832577 0.8444074 0.5133733 1.364341
0.3374903 0.4461935 0.7384306 1.082733 0.6791002
2.768116 0.3382382 1.380189 0.7831024 1.451942
0.8944787 1.373451 1.665263 1.487742 1.784522
1.517256 1.799085 0.4652908 1.183363 0.7268088
1.026077 0.8366207 0.5502189 2.44078 0.4983803
0.2089688 0.6838053 0.2978421 0.3214239 0.432698
1.781258 0.48591 0.479403 1.549504 0.8340336
1.223023 0.912673 0.9004007 0.375202 0.4700461
1.231496 3.789559 2.78795 1.599849 1.31774
0.5528221 0.4775282 0.1777985 0.2951289 0.6252931
0.4904501 0.186362 1.173029 1.182264 0.4214601
0.8462068 0.7433555 0.3463643 0.3997255 3.788711
0.3808357 0.71441 2.42184 0.2596842 0.2008264
0.5411971 1.546546 1.196053 1.946311 0.2625453
1.144692 0.9454761 3.776509 0.9318666 0.4204939
3.694976 1.494141 1.846829 1.84337 0.2770425
2.770097 1.031223 1.046289 1.929456 1.651916
0.4706924 1.080084 0.3648815 0.3238822 0.801517
2.422984 1.000402 0.5478948 0.4538053 1.477374
0.2980847 2.623803 2.564611 0.3751294 0.4403465
2.128215 1.253581 1.287002 1.817555 0.3617512
0.7848078 0.8675689 2.067949 0.6669206 1.215675
1.608025 1.197918 2.767111 0.310261 0.6817685
1.165022 1.736845 0.6868564 1.757748 0.7895777
1.237854 0.4726253 0.9009311 0.2635769 2.22629
0.7309029 0.6207837 1.031881 0.5033037 0.5531798
2.219718 2.009087 0.4135681 3.457045 0.7752604
0.6727307 0.8132962 0.642488 2.856961 0.2728315
1.061848 0.5662897 0.6873276 1.380036 2.020922
0.7627482 0.3391568 1.836855 0.3879582 0.6221205
1.502566 2.432639 0.8401233 0.8997357 2.104087
0.2265749 1.24154 0.6688033 1.526923 1.768194
1.840842 1.001876 0.7228622 2.682221 1.351333
1.558237 2.770066 0.485119 0.799636 0.3613356
1.220763 0.4251512 0.8018091 0.68849 1.190502
1.269494 0.7001962 1.2448 0.7093026 2.435435
0.8697809 0.4327504 3.883026 1.039867 0.742827
1.17471 1.206383 1.256255 1.256674 0.8960313
1.488688 0.4782148 0.6776751 1.229336 0.2851128
0.4160804 0.3417476 0.6715517 1.822162 1.745885
0.3567232 0.889398 2.765334 0.2258566 1.405216
1.100854 2.469288 1.615967 0.2145441 0.2993523
0.5864192 0.2286706 0.6480603 1.638865 0.7827487
0.2938197 0.8570156 2.409838 0.7993787 3.272346
0.7066981 1.364808
