20.96911 16.48396 16.4257 21.61779 21.00785
20.56912 12.2047 24 11.40079 24
22.4901 18.58927 21.61786 15.61892 18.10439
15.80551 24 10.52427 24 18.75185
24 11.76343 16.91546 19.86115 13.06796
24 19.43471 15.62183 14.38833 24
19.14086 17.24143 17.54297 14.40177 20.76214
13.77913 21.30111 15.27717 24 24
20.73863 15.9872 12.73494 11.17462 22.23572
10.83021 21.00226 14.61432 24 24
18.37266 18.54417 24 13.99147 24
21.69383 24 24 20.1955 9.873687
14.9338 13.09698 14.27196 12.84068 17.90394
18.96764 12.76049 19.93949 24 19.19343
14.97991 17.31705 13.07111 19.6474 24
20.76945 18.00084 20.32319 19.14276 12.30019
20.73053 24 21.97474 18.18332 16.21647
16.7178 17.62232 14.7301 14.80867 19.88287
13.22211 18.84166 13.06633 24 24
24 21.23962 14.73357 24 24
24 22.3789 11.94282 12.71552 11.26968
15.05131 13.09207 16.37341 21.37984 20.49588
16.93555 16.54757 18.15696 20.01391 18.80215
17.04581 11.79171 20.87338 24 20.22269
16.42308 18.12477 24 24 24
24 21.63692 17.74274 24 14.53087
24 14.50774 20.12096 12.88473 24
24 16.99859 16.63534 22.5602 21.25583
14.7068 17.77124 12.64979 24 15.98883
22.61039 14.8378 16.1976 15.62024 12.04269
22.68318 24 14.25404 18.95663 24
17.51753 16.7048 18.23574 21.57452 17.47951
24 17.5483 18.62965 21.90394 24
21.70098 20.77456 24 21.89226 16.82213
16.4649 13.72944 10.31948 8.739262 14.48428
17.62155 22.34488 13.76958 24 24
20.80355 24 21.64139 14.40676 13.60625
16.16157 15.45949 19.98149 10.91509 19.90492
12.1383 17.50103 11.55574 16.94337 14.50474
13.61775 13.61108 17.06094 19.84904 20.38066
14.87709 14.37906 24 15.87335 19.9613
24 11.93294 22.55876 24 15.25788
24 17.0053 19.62663 19.62099 21.65542
18.33879 24 15.30405 24 16.49998
14.94164 22.17541 18.43549 24 10.58212
24 14.83725 16.62218 17.46439 11.79271
24 12.67066 22.20014 19.02749 21.58803
20.27564 12.499 21.95035 19.7275 15.5455
11.86819 24 24 24 24
11.14049 11.326 10.66634 16.6841 15.87624
14.64568 20.40022 24 18.33728 22.602
19.29766 21.05297 11.20729 24 11.68508
21.92124 16.21758 18.39006 19.55301 14.65488
12.95991 16.13594 24 19.29197 24
24 24 12.98806 24 13.2853
20.82938 12.17932 17.51918 24 14.5125
16.35388 24 12.94319 24 19.77823
24 17.38115 24 22.1953 19.2895
13.97794 24 17.29513 19.2248 20.99981
24 16.15339 24 13.27049 22.58072
19.84853 12.90288 19.47755 24 24
24 14.65163 15.98112 17.52272 24
20.86058 21.69332 17.69176 20.80632 17.66012
16.75642 13.43388 18.21857 24 24
24 18.47333 21.95434 15.00818 19.49412
19.86253 24 17.9581 12.72116 14.03524
18.52158 16.61839 24 14.15081 13.52305
24 21.12729 20.54365 24 19.9314
24 24 20.60052 16.72004 21.94987
13.21026 12.70564 16.03526 15.25691 24
24 22.76137 16.75671 24 16.49931
20.31699 10.64903 19.236 19.29412 24
21.39802 17.96856 21.96556 20.49914 24
24 24 24 16.97936 17.64164
24 13.75216 17.46075 20.9212 24
17.57863 18.14974 24 24 18.74565
19.8861 17.4928 22.59843 24 11.99952
24 17.06171 15.45847 19.00813 16.3499
20.83672 20.70311 24 13.66157 21.12048
17.40454 12.13271 14.83231 19.01874 24
24 21.46917 20.92774 24 16.54239
22.69321 16.54586 15.21464 18.6979 24
22.11564 17.10723 18.4239 18.44859 16.818
22.74487 22.31814 24 12.78335 19.71696
17.13894 15.53217 11.51227 18.30232 17.42806
12.69018 16.05437 24 24 21.18703
17.58254 11.84742 17.81683 24 20.54294
12.02967 24 17.697 20.91622 24
15.02162 12.54272 21.69327 24 21.39999
19.84812 12.74323 9.448249 24 21.29734
16.76918 16.1833 15.17291 14.16603 24
10.49126 24 13.1018 17.79567 24
19.29671 21.5827 14.74034 24 13.58696
19.47325 19.5007 24 12.85138 15.51173
24 24 19.34597 19.06168 12.41959
16.52938 24 9.040957 15.64684 20.60513
20.98672 19.97709 18.18841 12.2796 11.41212
11.57772 20.11988 14.93639 9.507147 19.93729
14.00713 15.85012 17.91841 22.82816 19.45489
22.07513 14.63271 17.25279 22.12978 12.95907
24 19.9161 16.67637 24 20.49909
12.90653 11.9608 13.264 24 16.9501
15.69194 19.67205 20.66724 22.11091 21.82142
18.85319 22.56079 20.97844 14.24769 12.21131
17.71254 13.15167 12.14146 12.52979 24
24 24 15.8246 24 16.0564
18.66435 15.94006 22.51967 17.23645 20.04676
19.88371 18.84242 13.81019 24 14.98486
17.43167 14.45646 24 18.99139 13.38722
22.18994 20.62008 24 11.53274 15.70053
17.949 15.06626 18.67313 24 20.29633
18.25057 13.91265 16.01349 18.34015 14.27591
14.44968 24 13.01042 18.91056 24
16.70194 20.67344 24 22.07927 24
13.52736 12.16018 18.51123 22.46837 16.18494
17.17932 18.43285 24 15.39758 22.77919
21.85826 17.9627 18.70752 14.30977 18.47936
16.84227 13.68342 17.39962 24 21.26901
17.5378 19.31396 19.15135 12.18871 15.19521
13.41528 12.00851 10.83549 18.90649 18.22752
20.15453 14.55438 24 13.32624 13.05412
21.07972 14.21367 18.57105 24 17.1122
18.40936 24 24 17.2483 19.75908
10.93847 20.30662 21.47749 18.67765 24
24 24 18.8011 20.09964 21.9075
24 18.15323 13.48389 11.60188 12.86143
19.04144 24 21.46467 24 15.31792
11.66755 17.06367 21.40988 24 20.99684
24 24 24 24 19.38007
24 17.30754 12.66003 18.95313 15.8659
24 21.42946 13.30629 18.459 22.04682
17.28404 15.73283 21.5323 22.41399 15.76311
18.10321 14.65361 19.21523 17.03067 22.26372
18.06921 13.8291 24 24 13.30128
24 20.8576 15.43006 18.65536 24
14.6162 24 16.9942 16.12562 12.94583
15.72961 9.04993 14.19611 24 18.46363
18.93823 19.32067 24 15.16263 13.97014
14.5307 18.25714 22.23956 24 18.45056
24 24 19.73561 19.43763 22.57041
17.77014 14.89192 16.25034 24 24
20.16659 13.43671 15.44353 14.9517 13.08856
24 15.56807 17.50197 24 24
14.11592 13.5267 14.85948 15.8605 22.53294
24 21.74821 14.53492 18.4076 24
15.7273 19.38673 24 11.79977 18.78022
16.20531 19.05815 14.38977 21.83939 18.06172
19.82148 21.7524 19.41395 22.51707 10.83103
16.42657 18.44052 15.23191 10.80053 21.09776
22.63202 24 20.65004 17.7947 24
17.60659 20.63561 14.51954 16.01299 11.83728
24 11.82032 18.22567 20.90049 16.70882
22.69864 15.26332 24 24 16.98495
20.73098 14.41368 24 16.6528 15.83531
21.69584 24 14.33878 21.92535 24
16.08878 17.61841 16.13583 20.27149 24
24 24 24 15.45633 18.57182
24 18.02817 20.15839 17.72004 15.08295
14.35375 24 18.02845 24 24
16.75288 18.42611 24 20.99198 22.06743
24 17.21864 11.35354 21.9056 18.30498
17.1011 12.16681 11.14635 20.42709 11.61093
14.65629 24 15.19092 16.63272 20.52656
17.69694 9.400333 13.47036 24 19.93008
18.65161 19.36901 14.0632 24 18.52888
16.60774 24 24 13.46191 16.48278
11.93996 19.87003 19.96752 17.07411 14.76996
17.39192 13.53534 16.24044 21.78735 19.22077
24 12.66466 24 24 10.98637
13.44651 24 24 19.65869 17.57835
15.86844 18.02186 14.46405 17.83367 24
14.03533 16.93175 15.41897 19.80526 17.37939
21.66223 19.90458 21.35778 20.1361 24
18.74731 24 18.32239 24 20.08514
15.63576 18.94554 22.20833 19.50782 13.10129
24 24 21.73832 13.43495 18.2545
20.57673 17.64443 24 19.54424 20.39176
15.08293 14.40006 14.35369 15.00512 18.56173
18.66155 18.85749 24 19.948 16.26454
13.64593 14.25501 24 16.81562 24
22.22108 24 12.56988 24 14.60677
14.53374 17.98006 16.03149 15.41247 12.99511
18.20315 13.97202 20.81673 24 16.75271
17.93315 24 21.6997 21.98528 21.32374
12.46832 20.8516 24 17.923 11.68849
13.81674 13.97762 24 24 18.71223
24 21.4404 24 18.45211 24
24 24 24 24 21.37721
19.96026 20.46139 20.98287 24 20.66619
19.08468 14.51982 24 21.78807 24
14.0204 21.60551 10.53167 13.0784 24
24 21.93695 24 24 22.57413
24 19.69251 22.015 24 19.52149
22.30683 22.33725 16.03528 10.17423 13.72114
15.44162 14.36291 24 18.15241 19.41747
24 15.01559 20.56395 17.46961 16.87527
24 18.35156 15.62373 13.03179 15.54807
15.90197 18.25536 18.03058 24 20.95548
15.52025 24 21.28438 11.49384 16.81345
20.9912 17.91449 24 15.41421 19.3598
16.33816 10.6229 20.92575 18.67402 24
22.59166 17.51388 16.09793 15.58487 16.9703
22.13748 14.51557 24 15.51302 20.93998
9.428702 11.98936 15.39124 18.97963 20.29054
12.56843 22.08278 16.25725 18.43009 24
15.03387 15.4179 18.999 24 12.99597
24 24 21.47935 24 17.17569
24 15.12338 15.95915 11.95684 24
19.73101 14.95855 19.30922 24 18.95373
17.14063 17.41184 24 24 22.14443
16.89983 17.13861 16.15779 13.33697 14.09576
12.28875 17.33886 15.5746 24 22.43035
17.90455 15.63744 21.75311 21.14364 13.29129
21.26544 19.20461 19.86674 24 20.62111
20.09901 18.85928 18.04007 16.70201 21.59929
21.40715 21.65338 18.87649 18.00179 21.60139
24 19.88868 17.75363 13.20503 24
17.86141 24 19.62798 18.87869 22.71309
19.59341 18.28513 16.32714 16.53702 19.35315
18.02368 17.31604 24 21.32637 15.27984
24 16.66921 16.04356 20.4727 20.11109
17.93999 14.08225 20.38467 12.59264 20.37802
18.07169 24 17.8077 18.12561 24
20.10454 20.9125 15.48671 18.25391 19.6463
18.92266 14.21661 22.0736 16.00336 15.90173
18.91727 19.16318 18.91126 14.00564 21.58913
19.04071 16.56092 13.1645 20.55044 24
24 17.07358 24 24 22.62983
11.74611 16.8472 14.703 22.28784 14.38338
24 24 11.0391 15.62263 16.97548
18.54119 20.9353 24 24 13.56367
24 13.4814 21.9182 17.42663 16.22912
24 14.57904 15.67618 14.26571 22.10264
14.16195 16.97604 24 24 18.67661
24 20.63281 16.92828 18.1324 11.03541
24 17.49529 24 24 24
18.97487 22.36348 24 11.71235 21.92144
24 19.10392 11.0678 16.83478 14.67704
24 14.96495 24 17.29792 21.71562
14.17086 10.17811 24 11.38215 16.75563
16.28325 21.54923 15.60311 24 17.84101
24 16.43521 18.2301 17.71436 24
10.81109 17.64317 15.19772 20.92936 20.37867
13.2034 24 11.07269 17.35872 15.627
20.64979 18.98802 19.89636 24 24
24 20.91975 12.20748 21.85165 24
24 24 13.9108 17.92435 11.81284
24 13.61149 21.03249 16.90126 13.23295
18.93666 20.07959 21.94359 20.34678 18.74095
21.94147 18.67403 18.72527 17.56471 12.67469
19.69487 17.08181 24 17.50701 19.22843
19.90618 21.05682 13.31077 19.52603 15.54607
18.2113 20.83736 20.37319 16.13655 13.91544
20.50943 16.78195 19.09908 20.47596 20.21323
12.76888 19.19802 24 18.02919 15.15918
14.88255 20.71713 16.07166 15.96979 24
21.44896 16.80643 21.79437 22.33235 13.13137
10.07736 22.64022 10.57818 21.62639 24
14.83841 21.83496 11.98896 17.87285 17.15624
24 19.49215 21.00788 19.15053 12.6118
17.39786 14.64506 21.95298 24 14.63828
24 21.2552 19.83579 15.30333 15.63406
15.35658 18.23472 24 19.41333 24
13.67267 24 22.49536 20.97019 14.01044
13.65764 19.91916 24 16.99194 20.26328
9.238187 20.16805 17.39326 17.27011 15.09328
24 12.47433 11.1116 20.06595 12.72255
20.05875 10.76075 24 17.61198 17.53879
17.43355 16.36482 15.80635 14.24194 20.74274
14.65404 10.44676 17.47169 24 14.88504
24 15.01747 24 15.92861 24
24 19.75246 18.01231 21.98129 19.54189
11.79008 24 16.83643 14.33183 13.8224
12.12667 24 24 24 24
13.88549 17.0524 24 22.56173 24
21.23078 12.05786 22.63327 18.00711 13.1418
10.84151 20.51087 16.24342 20.12625 13.64508
24 16.82888 18.04496 22.02581 15.48171
24 21.48919 21.61343 21.02961 21.6958
24 20.77802 12.06635 24 24
15.97488 16.67966 17.17909 16.4391 18.43711
14.5838 24 24 14.98588 24
19.53262 24 17.31373 13.53317 13.25626
19.72081 21.08515 24 20.18942 15.14896
19.8985 24 14.37181 19.02441 24
22.18376 18.53964 20.00692 14.42789 18.7403
18.17939 19.49756 17.85069 19.52974 15.89473
24 20.34049 24 24 17.54412
15.08835 21.14647 16.62776 24 19.25197
11.76783 13.67823 20.52002 18.58765 22.13299
14.72208 17.30644 24 17.882 14.65301
15.0461 24 24 20.72684 15.61138
24 16.78717 17.60199 15.14469 20.95969
24 17.21502 19.49913 20.8756 16.92692
15.63933 17.78583 24 24 21.34873
24 17.99347 24 15.66253 18.67207
11.18803 14.11541 20.25172 24 15.66317
18.10601 14.71976 21.1704 16.27185 12.47817
18.44383 24 20.4612 19.9676 21.82093
19.33643 24 19.69548 17.53163 20.66535
24 14.87976 15.17144 14.22429 12.969
20.79806 24 12.42358 18.56542 19.28649
17.95938 16.57872 13.70336 16.70882 22.87424
22.28295 21.06552 15.18862 16.95921 16.19137
12.11058 24 22.89467 24 18.39295
17.46147 17.52995 19.75023 17.50928 15.13064
19.18334 24 21.52649 24 14.67054
16.11344 16.98767 14.23709 16.82269 14.30163
9.331684 9.881374 9.668151 16.34416 21.70401
24 14.80323 24 24 19.40493
21.81836 19.09771 11.23897 14.74132 16.63737
11.41807 20.07114 21.91872 24 13.27144
16.6746 17.70947 18.49722 13.72517 21.59668
24 15.87169 21.74165 21.02195 18.45916
14.54203 15.98634 9.901451 20.56785 20.40963
24 24 13.86682 22.58539 24
21.84683 13.92991 24 22.46887 14.98441
14.50969 22.4061 14.19712 14.2624 14.77886
18.0949 12.90696 19.76879 24 18.5239
24 16.77198 24 24 24
15.3618 24 24 18.02945 15.54492
13.43795 24 24 24 22.96405
24 20.92878 19.55554 22.44086 24
18.04846 24 15.27036 11.95444 14.17566
20.08689 19.08775 24 24 19.46124
14.65165 16.94004 20.66676 18.6234 20.68552
24 20.13638 24 18.8685 15.09261
22.18856 19.57295 24 15.79237 19.5177
15.31104 24 18.99008 12.62262 14.11673
17.86768 24 12.51967 14.40142 24
14.9711 18.45176 24 17.20067 24
19.91375 14.1237 20.74186 19.13607 22.1441
16.70686 12.82717 24 13.32978 12.34222
15.61348 14.13705 16.95814 24 24
20.1776 17.56503 24 14.63129 24
18.73699 14.43962 19.97244 18.70197 12.58851
21.84399 24 24 18.36886 21.64457
12.98406 24 21.84199 24 10.55437
24 22.04538 19.73606 24 20.95109
24 20.32031 24 24 15.07822
20.70181 14.24396 19.00652 22.26706 12.83278
17.43127 16.26096 16.89376 24 16.85404
24 24 14.62324 12.97177 17.90838
13.51437 21.80955 17.01532 24 15.24837
21.66623 21.99473 11.49091 21.35385 24
24 24 24 21.09054 13.484
13.52152 24 18.65386 10.31755 12.06355
16.00837 17.97901 9.916875 15.17644 22.82874
14.98016 16.71421 22.13584 24 24
22.03382 22.41257 12.58321 17.67577 16.26562
11.54375 21.12692 13.96982 18.21721 24
24 24 14.48206 20.47674 15.49693
22.42016 21.1584 20.29021 19.29294 20.92897
19.70788 14.59398 24 16.06291 20.79868
12.71511 9.254235 11.34718 16.19034 20.08195
17.99767 24 20.42159 24 19.38021
13.61522 9.897672 17.81836 19.85243 24
15.86535 15.32811 24 17.25139 15.67516
17.70475 11.97096 24 13.50489 16.54823
12.9628 19.71784 17.4358 19.03389 24
24 22.06952 12.34637 16.2045 13.98343
18.85075 24 21.3902 19.20467 17.50938
24 12.11533 20.80163 14.74956 24
24 11.26433 12.527 22.89115 16.77586
24 17.64896 19.49265 21.25431 16.68151
24 24 22.52308 15.24028 18.4008
22.89649 24 24 15.06073 17.79754
17.007 24 17.6609 24 24
15.77984 12.67284 11.82141 24 18.53351
14.8519 12.21941 24 17.09258 24
21.03387 18.57963 17.92279 24 12.90246
17.24191 15.31404 15.86522 24 21.4807
18.44572 19.81086 24 13.46681 14.27519
16.18025 12.81795 16.53344 17.43698 19.68309
13.25674 24 24 20.6636 13.70749
12.70323 13.6447 19.90605 13.04464 18.15334
12.5384 20.23088 24 13.39118 21.47832
24 20.50923 17.71834 17.74143 24
24 24 16.81357 13.48751 18.15993
24 24 13.47702 18.62984 21.18922
9.342867 10.54706 21.17876 24 18.04453
16.81406 15.21577 15.17377 24 24
16.73559 18.38969 11.87534 24 24
19.60623 24 22.69668 19.96322 18.39332
20.98221 24 13.8645 17.02749 11.22738
24 18.64797 18.01965 16.26592 13.2497
24 19.17142 13.41572 24 18.34919
21.14653 24 24 24 20.32305
24 16.248 16.36906 12.69675 16.09524
13.07133 14.78498 21.48243 17.31529 18.02166
18.3692 24 18.97041 19.42515 17.80435
14.99942 22.30577 18.08023 13.38576 24
17.56816 18.47756 20.32405 16.77651 13.70172
19.13161 24 11.75916 21.10545 18.74598
15.65442 17.17546 24 19.08888 16.83479
15.76828 13.87527 18.47966 18.16736 22.76917
22.71435 13.80061 18.84921 13.62466 13.60803
24 9.12075 16.42043 24 12.26386
24 19.1766 20.04281 13.50888 24
13.22094 21.83019 21.72072 19.46195 19.81317
22.31954 20.63162 24 20.17561 17.89994
24 16.63684 16.94748 24 12.82422
19.34095 16.87773 19.98925 21.10535 16.87471
16.08627 18.12928 13.94327 24 19.01073
21.15629 19.89009 24 16.5873 15.22247
24 12.41763 24 17.10125 21.58822
11.45548 19.86121 24 24 24
21.44598 21.38279 22.84626 21.68629 18.1799
24 15.01002 24 21.32101 24
24 12.4718 17.59479 18.93642 24
24 22.03795 13.75616 13.99848 16.08093
24 20.09008 24 22.06081 14.73435
11.04562 24 18.70711 24 16.20465
15.52389 20.41933 15.91452 14.12496 18.18802
20.20541 11.77725 18.65599 17.10843 15.06413
16.3938 16.35202 14.87542 19.94407 11.23125
17.41179 24 20.67302 17.31213 24
16.34689 7.983887 24 21.33254 18.71861
22.06229 15.21173 15.89923 18.3422 11.70758
14.36839 19.88435 21.78358 14.59877 24
21.55009 20.99317 10.87436 13.24764 14.18028
14.20166 11.72961 22.46181 21.34801 24
17.04813 22.35748 24 24 19.87996
14.30106 17.20384 18.74983 20.9154 15.78017
17.92491 15.29011 17.75385 24 22.50094
15.88619 17.44882 16.41262 17.75386 10.22475
16.12861 16.86916 12.84706 14.4832 20.36381
19.96572 21.85173 21.31582 19.21167 24
13.30597 24 24 13.23835 24
11.29909 24 24 10.05865 11.48979
13.10454 21.34536 20.12778 19.82882 13.32262
20.00653 24 24 22.77039 18.42493
18.23841 17.51906 17.60672 20.69822 20.04647
24 15.94796 12.19567 12.80615 13.9505
15.07325 20.73443 15.8051 13.41034 21.96618
22.30441 19.97208 18.17314 24 11.19283
17.84563 19.49562 8.448225 24 24
17.78136 9.292775 24 15.97572 12.54426
21.23543 24 13.86362 24 24
24 14.34031 14.88609 14.06775 17.99418
22.09079 17.75677 10.33959 16.89963 17.29454
14.82913 19.95341 19.35779 17.2969 17.89351
12.53428 20.77303 24 17.76919 24
22.30887 20.15307 24 16.50393 18.91435
19.99324 15.94535 24 15.9215 20.56597
17.42774 16.84903 20.91191 19.40204 13.00323
14.53609 16.11052 18.98476 24 13.16528
16.83425 22.31303 22.00595 24 17.29397
13.41194 24 13.6781 24 13.11425
16.7003 18.65441 17.24467 18.11182 21.80588
12.88305 24 20.14062 19.98389 20.41256
24 24 24 17.62062 21.83695
24 18.60701 13.44452 17.25676 17.18866
24 17.09473 11.8058 24 24
17.10786 18.1369 20.36726 18.94155 22.5314
24 17.12354 19.28317 18.20651 24
11.40157 16.72362 16.8397 19.47402 17.97068
16.71864 24 22.59733 24 16.36771
22.29601 24 15.8 24 14.16861
19.70405 16.80314 24 24 16.24938
15.23186 21.60834 16.75397 14.42684 14.959
21.77503 24 19.52666 16.712 14.23212
18.23795 20.74749 15.67249 18.70651 24
14.16437 24 10.62112 24 19.82025
14.53193 11.18241 19.18212 24 24
19.08749 19.14026 17.9659 15.69135 16.52662
18.25949 16.9004 24 21.46346 24
24 19.72287 14.80648 24 19.52933
14.1645 24 22.59718 20.49634 18.25881
19.67531 12.75505 20.21109 18.23364 24
14.60697 15.08185 22.27569 10.8185 18.96843
21.00092 19.92096 16.37308 17.23362 17.34946
11.53456 10.66466 17.74224 22.72126 12.49666
10.10234 14.34614 13.89182 18.75487 15.13223
24 17.44289 22.12434 20.92696 24
16.46487 21.47393 24 24 24
19.90884 18.44941 20.03906 24 11.28331
22.76905 22.14211 24 24 14.59501
14.08049 19.89402 12.57938 24 17.53304
20.34773 14.72608 10.92243 17.82207 21.73808
24 16.05239 9.597097 14.95482 22.84825
20.82588 12.10924 16.85423 18.9287 19.14395
24 15.52358 24 12.46954 12.00092
19.7873 21.55458 18.70858 20.13791 17.93788
24 19.6645 18.68318 20.26917 24
18.6154 10.75578 24 13.0203 24
24 15.29986 15.15709 20.67273 14.91934
15.25372 24 22.05234 17.70895 18.34708
24 18.06411 16.03849 24 22.10047
17.5757 20.72194 11.599 14.88981 16.3432
18.35388 16.11925 13.92239 15.57996 12.63492
10.25283 24 12.78557 14.73279 16.07872
24 22.16729 12.20228 18.93983 17.1605
24 18.23746 19.48839 12.81551 16.34393
22.2571 21.01358 24 24 12.11378
20.24936 16.36237 24 24 17.09956
24 18.23436 13.93473 19.06581 14.62874
20.22484 24 24 18.75278 20.11444
22.12446 20.88189 14.66185 24 20.82589
11.76792 13.00943 17.51538 12.51569 24
24 18.15644 24 24 14.37358
24 16.85414 20.81044 14.52077 12.76551
24 19.23744 19.69978 15.87091 18.76879
21.06985 17.17982 8.982436 24 24
24 20.21114 14.01569 12.94222 24
19.44595 13.34857 16.16535 21.95676 22.10609
14.70488 18.43278 22.01421 19.03916 18.29221
20.08402 18.37022 13.78155 17.96979 14.14505
19.60604 12.12905 11.04798 20.71605 24
13.81885 20.42318 17.33879 17.0004 21.39749
24 24 24 19.67351 17.35771
24 15.73313 19.99442 19.89185 19.36878
17.15896 24 16.13059 18.05834 14.22519
19.00546 16.94912 24 14.5434 11.79931
24 20.17139 12.85238 24 18.07713
24 24 24 16.31487 21.22841
18.50447 13.18764 16.26854 12.09459 24
21.95343 13.29475 24 13.10931 20.095
24 19.64588 15.83491 18.79817 20.45684
12.79266 13.51229 24 20.61021 22.15407
22.09503 20.74811 24 21.83719 20.50117
11.77443 10.42969 18.01992 16.68922 11.05975
24 17.72043 16.20595 17.71072 24
24 24 19.7069 24 24
20.84254 14.35837 18.50933 18.69403 14.45838
11.47436 16.78546 11.60597 12.13088 16.67722
24 24 24 17.20718 22.21762
13.35294 22.5144 11.53875 22.24315 19.47312
16.89178 24 24 19.117 11.00899
11.56272 21.77648 24 24 15.66111
13.40602 13.19677 24 12.27942 21.62851
17.84625 13.8598 16.58419 20.76248 13.31327
17.2848 24 24 13.93158 12.099
21.39174 13.24263 19.24021 20.47735 20.87377
15.34502 24 19.08949 21.73312 22.1621
24 24 18.48563 11.78231 19.67742
21.8889 15.73404 16.24808 18.40355 11.83195
24 17.27187 12.96356 24 24
13.6 16.0215 15.02726 18.3947 19.34188
19.34934 24 14.27146 24 15.59261
11.04729 24 14.93139 14.22451 19.97386
16.26532 20.42675 18.04685 18.94947 18.62474
16.50932 20.73304 16.58703 17.94976 20.4433
14.5458 17.42253 24 17.86304 24
24 24 24 10.80199 21.02462
16.70212 15.75004 11.9278 14.04453 19.14647
19.55344 22.68139 20.32169 24 19.2186
15.5728 13.55531 24 24 24
18.28955 19.64125 24 12.43329 24
24 24 9.635966 24 24
14.49706 21.98193 20.71916 24 20.58626
24 24 24 19.61787 13.71729
13.19948 18.11429 24 21.04377 11.0986
15.05858 15.76127 14.56959 16.19843 18.17175
24 24 15.86921 19.61128 22.57141
24 24 10.10687 24 14.7174
24 16.18245 18.09591 15.32884 19.10432
20.54625 18.42861 18.12807 12.09602 16.49471
24 21.06333 14.17562 24 16.23732
15.93227 14.73898 24 11.26177 14.81068
19.82518 16.16053 13.12926 24 16.98093
21.61266 16.18331 19.9781 17.41289 10.24168
12.35156 18.6805 20.3746 11.93239 24
12.2344 24 18.75305 18.38656 24
22.30407 18.73375 24 21.2109 24
18.99465 24 13.34204 16.56048 19.81174
19.91044 21.07705 24 20.78749 15.08506
10.01677 22.22132 24 19.80729 24
24 17.28985 13.65974 13.89368 22.1004
24 13.49527 24 24 15.85887
18.15114 24 18.78295 24 24
18.63664 15.84379 17.32264 24 24
12.13984 22.16843 17.02581 21.28629 18.29993
14.24011 24 18.8157 11.82863 20.97054
24 18.73029 18.17606 15.7192 14.26745
18.50341 16.98922 16.45156 24 22.14668
24 12.06752 11.4289 14.20349 19.06528
11.85169 16.17877 15.56033 24 14.66191
18.15806 21.18452 11.28295 19.90199 20.31833
24 20.6591 14.46072 11.91096 24
15.87783 10.76057 14.2849 24 20.28559
20.53063 19.03171 9.901931 21.04187 24
15.77562 14.69527 17.96781 24 17.64141
20.95477 21.20351 24 24 11.35811
17.89582 24 24 24 18.30884
20.72071 24 17.38086 22.73116 20.7481
15.28459 24 14.94329 20.02146 15.84712
20.02804 17.41568 14.24611 14.91197 9.265234
17.4182 18.71803 22.02765 20.7612 11.19788
24 19.89899 24 15.92237 24
11.19696 16.73009 24 18.85239 12.0345
13.05497 24 14.64531 13.8723 24
14.32368 16.48303 14.56649 24 17.78904
24 21.83521 15.88315 20.55821 21.33847
21.3969 16.28089 14.46451 24 22.1169
20.2597 12.56668 17.8213 11.81469 15.1472
16.87019 17.49783 24 16.16626 20.8759
14.49818 14.69635 15.07627 21.45594 16.55703
14.71491 15.11637 16.4958 20.62543 15.28197
16.11561 11.73837 24 24 19.83656
20.16192 18.45936 13.75193 24 13.93714
24 19.45539 11.47055 16.29782 15.84916
17.27891 24 24 24 24
14.1498 16.70137 17.65237 16.33004 24
12.55928 24 16.84292 16.57115 20.02897
17.40971 17.58901 19.64684 16.92174 14.10805
21.45749 19.40216 21.9617 21.18235 19.31869
20.11402 24 10.08356 24 15.60832
11.31775 16.87036 24 24 24
14.0229 10.83058 19.23146 21.77571 18.52324
13.21117 24 18.70458 18.45877 17.32122
17.33885 22.60585 20.46296 13.80452 17.7322
24 16.78157 15.26303 11.41508 15.27528
21.22001 13.64012 17.61115 11.51565 17.85047
11.89294 24 24 18.35504 16.15178
14.28738 24 24 24 16.86106
16.99907 24 20.93274 21.77844 16.07678
18.19825 22.55246 24 20.32765 10.61118
11.66869 16.412 19.90775 20.0247 24
24 13.20286 24 13.29985 9.918598
20.07167 12.10363 24 13.44461 19.56698
15.74396 18.92721 21.73837 21.19002 10.27634
16.89094 24 17.23797 18.74497 19.12851
18.73619 24 21.59344 22.816 17.73481
17.37567 18.01409 16.4433 19.70169 18.00717
22.25598 10.30312 14.71696 16.36845 17.36368
24 18.91885 16.44375 13.03103 20.89577
11.08081 24 24 20.9794 16.06347
21.39263 13.38367 13.13024 24 24
9.711621 21.56456 17.46851 10.90176 13.49403
13.52854 21.845 16.91436 24 22.54429
16.97035 22.49143 14.19271 16.48565 24
17.95305 16.04585 24 19.16391 12.10584
24 13.32031 24 17.48982 9.727984
17.48801 22.40516 16.82332 20.20087 19.56744
18.09451 14.61235 17.62626 24 14.28744
15.65593 24 24 15.87127 17.22902
19.65381 20.22293 12.76207 18.8645 24
24 15.8156 13.75821 24 24
11.34536 24 24 21.52718 24
16.34235 24 16.99767 22.74802 18.8666
24 19.10981 24 22.48083 14.2657
13.79742 15.09428 19.27366 15.50563 12.03645
16.26021 13.88771 20.5228 18.17079 19.9142
13.48825 21.42481 16.06888 14.25597 24
24 24 18.07464 17.00912 19.62269
20.39688 12.54065 18.8871 24 24
16.38004 12.91361 20.34174 16.50325 15.24547
24 22.35726 17.45143 19.5403 24
16.29907 19.15783 19.23207 14.17101 19.69895
24 19.66679 17.93709 12.78157 10.29466
15.05624 19.86539 22.01533 24 22.07365
19.52611 15.91362 17.66189 24 24
22.08363 17.48102 19.73187 21.86688 12.69634
11.38463 14.23672 20.75051 21.87102 17.6605
17.95074 21.27514 17.34993 24 15.43387
24 15.09243 14.96204 24 18.75842
24 20.45515 24 16.92166 19.80088
24 12.93868 17.7138 21.5321 22.31769
24 14.97067 13.18334 16.50426 24
20.5264 14.04658 20.56458 24 17.71824
24 15.31022 24 24 14.04394
15.53829 13.91232 24 21.32568 21.44413
14.50058 20.51535 12.88803 14.73346 24
24 24 24 14.85748 24
16.94179 19.02163 18.58258 19.76462 16.956
18.06804 13.78705 14.15172 16.08117 12.14213
15.3579 16.86616 11.89928 24 24
10.96352 14.4197 24 24 22.68444
18.83979 16.72374 14.60482 20.27252 21.75769
18.28239 19.78717 14.15123 19.44467 17.56828
13.39831 24 15.14039 24 17.75671
21.05413 10.6784 14.24163 24 16.25355
16.21554 24 24 12.53663 22.4208
14.28366 21.12297 16.90434 14.07785 19.61238
19.34432 22.13946 15.00001 13.01434 20.76706
24 18.96655 14.34632 14.52072 13.73445
18.28529 17.64766 24 14.39129 17.13095
20.93509 22.16222 15.30216 20.69515 11.8517
18.39129 24 15.29202 17.9667 20.74233
15.3953 17.83646 24 21.4051 19.29329
20.9325 21.64784 20.58882 24 24
16.35773 20.70513 18.52974 14.80206 24
14.39372 19.22452 24 24 13.45445
18.17991 21.43776 11.16657 24 17.30116
24 14.41373 13.19445 24 24
21.992 16.44198 21.08387 12.36853 12.65881
24 12.27978 20.0326 24 15.83882
24 15.3891 13.6308 24 24
24 21.82648 14.56406 18.18828 20.72703
24 13.98552 17.61579 24 14.18395
21.20358 16.28953 12.54305 16.76897 19.3025
24 24 16.07724 12.00748 16.91919
16.61296 10.85762 24 21.41768 24
14.13104 19.75855 19.24997 21.48223 20.34323
18.56123 21.0542 24 19.12122 11.85351
12.21139 17.62841 13.93253 20.84788 24
15.61629 11.9574 18.24538 18.14687 15.80442
19.89952 17.07705 10.72996 12.39342 16.22303
12.67678 24 24 15.9595 24
22.18399 24 12.37153 24 24
24 10.5569 17.27358 15.20979 20.59403
24 14.69952 13.83145 24 19.31771
24 14.51839 21.93007 16.1081 18.61173
19.89517 24 15.62288 9.658156 24
9.65937 12.22248 24 13.18147 15.71153
20.07865 24 16.31609 16.10047 24
24 17.90518 19.88309 19.50369 24
20.28332 12.70268 24 18.80444 12.20034
15.03483 24 17.69424 14.60188 24
14.19672 24 11.9578 16.72085 18.31298
24 19.64577 20.13838 17.1953 22.68445
19.85204 19.37005 24 24 19.0045
21.50084 24 24 12.69042 16.96485
20.60361 22.28997 13.82153 18.87833 10.74304
15.48913 24 20.40112 15.9059 18.99929
22.54325 16.45232 21.60353 17.02955 22.14045
20.52834 24 14.01434 17.35462 15.62102
11.2342 16.0362 18.58943 15.95079 19.48119
15.93976 18.94323 17.94448 22.46756 24
21.09038 18.0246 24 19.97615 22.53753
17.2816 20.34379 21.10275 16.42264 17.06876
18.59608 15.98993 17.12311 12.53311 18.08295
24 13.34181 12.52761 24 14.29844
24 24 17.02905 15.47707 24
18.16948 13.10869 24 20.50876 14.25985
18.01913 24 17.1618 19.1452 15.9065
19.71198 16.88871 19.26731 20.09023 16.04353
18.35222 24 22.17436 20.10242 15.9744
24 22.26993 16.47524 24 24
11.24694 21.44853 16.59878 24 14.4638
20.18653 24 16.20338 24 13.90415
24 17.70518 17.09194 18.62858 12.66462
11.04982 24 12.77737 24 24
13.5273 15.968 24 14.18391 15.28318
10.36372 21.40102 24 24 18.57343
15.75149 20.27892 18.84495 18.16474 13.31825
24 19.89128 12.92488 17.05422 20.71586
19.63059 21.40467 18.24116 20.83283 16.07749
20.57086 24 19.32796 21.88121 19.2422
24 14.77008 24 19.30046 18.14846
24 24 16.25466 20.63275 17.25707
15.46551 22.32183 24 19.22145 15.7321
24 20.70301 18.59412 24 24
12.39177 24 17.16055 16.42534 24
17.23249 24 20.63205 21.35166 13.89526
24 24 24 21.09174 12.95907
18.36782 19.79416 12.61149 24 21.91768
15.01952 24 16.77593 18.82753 21.85068
24 20.3822 17.01777 19.30391 18.46458
24 17.46013 24 18.80345 22.72775
14.00894 18.30698 24 24 18.47459
22.30528 17.86435 24 18.14059 20.2439
19.72918 17.25676 15.09765 10.8678 21.63619
24 13.96377 18.71459 19.02897 21.75477
14.56244 16.74157 19.81591 24 14.60314
13.12428 24 9.120427 24 22.25231
15.33149 18.15625 22.24116 24 9.219919
21.1015 16.64945 15.89962 16.82952 19.24553
24 24 24 20.28419 16.43602
21.3744 17.14885 18.08166 20.35142 22.56756
24 10.45268 15.31296 14.04062 10.27037
21.11791 17.01811 13.4186 20.02096 19.76824
20.67532 18.19769 21.82692 17.59841 21.93679
19.8319 13.80057 11.59205 16.28321 20.55398
13.8025 21.79872 18.14252 20.87849 13.01913
21.09098 24 18.09131 24 17.76786
11.77854 16.51971 16.29686 24 13.20671
21.81258 11.70695 18.91049 24 24
21.92124 21.87835 15.54075 24 12.88546
13.50508 22.03723 18.10778 24 19.21781
15.98204 24 13.61358 22.19929 15.38565
15.85471 24 21.80829 18.96169 24
14.34569 15.34806 24 22.75501 19.78367
24 15.40174 14.63835 24 24
24 13.93135 16.5812 21.11752 18.33427
22.18276 18.96564 17.09754 16.31277 14.21577
24 22.23708 18.78001 24 15.82475
21.77049 13.02307 14.77838 20.79007 13.81479
12.19332 24 24 24 22.35175
21.249 19.6582 18.34695 14.63468 24
20.13859 10.6265 16.34272 18.81473 18.89188
16.8123 24 18.30589 20.61822 18.05517
24 24 13.1851 24 24
21.75284 20.87755 15.37487 24 19.12936
15.8808 15.71452 24 24 16.0149
19.29329 18.78273 24 12.8516 24
15.82152 24 24 18.08307 24
19.78527 14.19546 24 15.86898 14.61331
24 22.95024 16.13322 18.22193 24
15.12326 14.79747 13.66976 14.87307 19.67728
20.16249 17.26915 18.66526 21.41818 18.80835
14.88296 24 15.26834 13.26329 17.58233
14.97843 11.00656 21.11858 24 21.94562
18.78921 20.97268 13.35923 15.56358 12.47896
16.416 15.9206 18.70607 21.40433 10.63159
19.95105 24 17.60563 24 18.21113
11.30126 21.54718 24 12.72133 12.23802
24 17.49159 14.17499 21.50424 15.37254
24 24 17.82269 17.37204 22.299
19.39444 24 13.55656 20.68919 16.46063
18.08137 19.34697 15.1981 20.05285 12.81923
24 24 13.53585 15.03216 19.02153
16.20699 15.01852 13.72266 22.42805 19.58167
20.65794 24 16.01787 18.98845 15.8287
22.36485 18.68449 17.70194 17.89448 13.14404
22.82617 12.95952 24 24 24
11.87466 15.3676 22.00396 12.95669 20.97169
21.39405 17.48974 12.96959 24 16.78096
14.22408 24 21.58974 18.25501 24
13.38055 16.50052 15.5693 24 13.3019
13.84739 24 17.4268 19.9062 17.06592
13.40029 15.58083 21.93035 13.81358 13.00551
11.41478 18.58971 18.87525 24 13.60469
11.58042 14.86214 19.75008 24 24
16.96824 24 14.88012 18.99706 20.67786
11.87301 21.98793
