2.066487 0.4097556 2.541981 4.998002 1.592825
2.634103 1.109247 2.541007 7.698076 1.424888
0.620053 1.555398 0.617241 6.769921 1.029841
3.727341 0.7463119 1.038374 1.702709 0.6983489
2.467847 4.539529 3.006919 3.660005 6.480636
2.927379 2.47303 0.4388848 3.596563 1.847532
2.461157 4.393712 0.9277483 5.070123 1.755951
0.3268537 0.9072653 3.692289 3.755245 1.332514
1.528574 3.388701 1.312759 0.4470247 2.325525
2.358078 0.6343986 0.6602939 4.342859 5.889339
1.783769 1.258591 3.63487 1.032185 0.327784
0.416558 0.936902 1.461462 3.969719 9.892258
2.406438 3.012195 8.795048 1.697461 1.877191
8.100908 1.239563 0.7730374 0.7377062 2.321127
1.416567 0.4118067 1.677407 0.3936888 6.82294
1.419583 1.40255 2.111274 3.194505 7.388994
1.798923 3.05625 0.3548655 1.29266 1.81081
0.6758329 0.6752079 2.287888 0.9760819 1.381731
1.511973 5.114707 2.33519 1.098469 1.258278
3.147397 1.399482 2.694074 1.917652 2.720491
0.5842327 1.243414 0.4530343 2.171485 6.187433
1.642319 6.69164 0.4399461 0.8198151 0.653301
0.3352329 3.189307 1.11241 2.003922 2.459463
3.298747 4.409008 0.934162 5.789379 1.195873
2.255246 1.827537 2.957959 2.060137 0.7868532
2.433488 1.725601 2.754272 0.9050839 3.360484
6.606209 1.137749 1.912606 4.101013 1.764088
1.425136 3.016262 0.637 0.3630518 3.234339
1.076229 0.9318339 7.441951 2.59977 3.106404
1.470793 7.26662 1.878861 2.080027 2.802584
0.6316875 0.3686402 3.97658 3.2512 1.575126
0.5472183 1.688646 3.236046 1.003839 2.330946
5.995246 2.899452 3.359942 2.925125 4.630338
4.197379 0.4527282 5.491647 1.603561 2.502183
1.40426 8.349434 0.3700598 5.785442 1.690984
2.518403 0.6710453 4.46522 1.275287 1.280769
1.31123 0.3650561 0.4311531 0.7060096 5.724196
1.479038 2.168514 1.367209 3.285876 1.105146
2.73919 1.233972 0.6284608 5.799791 4.668268
0.4129723 2.618203 1.031094 1.545408 0.5229533
1.309511 2.625444 2.012711 1.057017 2.733696
0.6132046 2.93388 0.3943226 5.429329 0.3202867
0.792942 4.199593 7.16814 3.102315 1.128177
4.689137 1.144959 2.2848 1.409666 1.604293
4.083138 2.086436 5.750159 1.713778 6.902568
8.808944 0.8934689 3.171607 1.313778 1.257726
1.469766 0.3037393 2.721085 2.460114 2.895538
1.077267 1.684945 1.568125 2.357901 2.116631
2.274635 0.3421348 2.992384 0.6394541 2.769674
4.273689 1.677208 1.965271 0.5941698 1.661478
0.5472931 0.5270061 4.201486 6.617087 3.712381
0.7911506 2.600994 3.586245 1.002701 0.285938
1.286567 1.747628 2.73343 2.539531 5.084617
5.470474 4.662135 0.8098712 6.268711 0.840749
4.548872 2.2975 1.819561 1.013705 1.73407
0.2991559 6.257521 1.298187 4.197039 7.23949
3.467612 6.136298 4.985218 0.4394838 1.346543
1.823587 4.879949 0.8078899 3.820771 2.437954
3.227358 3.152706 1.766226 0.8484983 0.7556796
0.8820763 3.089175 8.649882 2.483292 3.629293
1.111964 2.550096 3.832445 3.371404 2.973938
1.267515 1.078543 3.177515 1.873588 1.919159
1.424719 4.717065 1.40917 1.563384 1.505732
1.554708 5.732937 0.6065917 0.6897606 0.318997
3.22192 3.396027 3.238343 7.238806 4.190145
1.965365 2.193288 0.8457384 1.263676 1.833161
0.6140563 8.466909 4.803154 2.68177 2.045263
4.34395 0.9009521 1.561545 1.927255 0.5827779
0.7897956 1.457462 2.446347 3.609793 1.100461
1.284346 2.719811 4.11074 4.486175 2.350073
1.625456 3.131857 5.093099 0.593224 2.591557
0.6394585 1.298667 2.645692 3.21032 1.289064
1.726389 2.834166 1.75677 7.726442 3.380754
5.656303 1.281534 3.3031 0.7440517 1.921772
2.290875 1.552444 4.669323 1.413068 1.783114
1.618529 2.314408 2.758974 6.562368 1.360736
0.9843675 0.6658253 2.647129 3.57274 1.954349
2.103146 2.343922 1.309998 0.3665703 4.137433
1.365286 1.652256 0.3508425 0.9065196 9.401738
2.747559 1.732034 0.8017441 2.406484 0.9310078
1.310621 3.834002 2.376286 1.569748 3.072306
4.602983 3.856779 1.627163 3.504428 4.46929
2.285364 0.4426478 1.981391 2.384539 2.567111
1.769713 4.560423 2.245408 4.360028 3.549414
0.3639031 4.23835 0.3384859 1.392296 0.3696555
2.734323 0.4040673 0.483425 2.433593 6.852548
2.159401 1.427722 4.653919 0.7704428 1.181694
3.113296 2.547232 2.598524 3.127908 5.484866
3.599212 1.682038 3.539941 0.4637292 3.575926
7.42929 6.553709 1.610837 3.599155 7.099833
1.608928 2.894614 7.835816 0.2902082 3.090214
1.077473 1.258858 2.695614 1.208422 4.087831
2.271614 6.258996 1.079394 2.130711 3.423668
2.820897 0.8325225 1.639655 3.358738 1.223825
2.603906 2.10859 2.319198 0.7149053 0.324844
6.604839 6.253342 2.733154 7.685535 1.228451
3.732842 2.780288 1.475374 1.923093 4.715939
2.403522 1.87695 1.034968 1.244764 1.397286
1.244433 1.541623 5.070776 3.25366 3.138058
3.911666 3.664882 3.808283 1.199272 5.055481
1.745416 0.8607401 1.344431 1.362188 2.789537
2.846153 2.466327 1.133625 2.121755 2.014038
3.775496 1.262632 0.8302501 5.021426 3.974508
1.739428 0.3057201 0.8797824 7.402345 2.021281
0.4547272 1.334604 1.177169 4.486167 2.114137
0.9683764 4.239054 6.249705 0.9574193 1.011377
2.115631 2.061651 0.9295387 0.3389839 1.53355
4.005042 1.613801 3.84465 1.355119 1.519422
3.014885 1.025206 0.9125337 3.387382 2.621521
0.7220012 3.375055 0.6818734 1.686546 0.4938073
1.9938 6.210117 6.214518 0.7477678 1.76435
2.274967 2.24308 3.064838 5.1646 8.537978
1.163514 3.524022 2.260049 6.303104 1.549249
1.442995 0.7317475 1.033156 3.358554 2.338008
1.4096 1.120457 0.9123766 4.668656 4.899554
2.457936 5.083284 3.439149 4.325124 4.675021
1.905257 2.550389 6.012266 2.095691 2.52613
0.9855932 5.024173 3.412288 0.7134539 0.5913566
1.829485 0.8316938 1.583903 2.279594 2.295499
9.578955 1.543557 3.879983 1.909817 1.364909
1.683422 3.888823 1.272556 1.824129 1.944742
2.004282 1.149647 2.401524 1.513577 0.6033421
4.060969 1.370588 2.832007 1.730601 1.185583
1.141548 1.846589 0.4153836 1.516199 1.656335
4.229387 1.857844 1.097307 3.617364 0.4478414
1.440829 2.117618 3.645912 2.86056 3.50978
4.392007 0.3429457 1.106369 3.611069 4.472438
2.394264 1.10524 1.449762 0.3982467 4.733687
3.80816 1.137341 1.442154 2.350009 1.823364
7.872445 2.65552 0.7206597 1.179676 0.3259877
5.297904 1.801503 2.978524 2.521832 1.311275
1.814073 3.093559 1.978543 2.930741 1.63928
1.173154 2.134454 0.624403 2.025719 0.8344324
4.148986 1.58945 1.917996 1.347183 4.625174
3.099662 2.560783 0.7050519 2.431576 4.235872
2.087155 0.8594081 0.9638581 1.234812 7.660009
1.254103 3.47407 0.3067931 2.013273 4.065043
3.992194 2.22692 1.167557 0.8020556 0.4972657
1.516379 1.173235 1.222674 0.9129036 0.6915959
1.039433 2.162289 3.759507 1.527453 0.3935961
2.567804 1.737442 5.682814 2.287862 3.929356
3.732735 1.511388 6.242414 1.019898 1.480479
3.42614 2.73696 1.949855 4.229688 7.185269
2.410008 1.079645 4.615985 1.87621 2.978631
3.713272 2.347708 3.681318 1.696882 2.180868
2.201504 0.7767744 3.351393 6.928407 2.555646
0.7279597 1.269289 2.860049 1.456738 4.605667
0.8934234 2.172225 1.802715 0.323465 0.4452933
8.721463 1.559352 8.911133 1.055012 2.490843
2.49257 0.8986464 1.491841 1.707091 4.698694
4.022133 7.040804 6.574169 0.5396434 0.3160462
2.806488 1.073177 2.330211 2.170763 2.002949
1.283409 2.744269 0.8390791 1.95545 0.354744
1.723867 4.550398 3.687936 0.644998 1.368737
3.521414 4.836671 0.7413935 1.142428 6.848964
2.845998 1.065908 2.5272 2.655244 2.604035
1.762564 0.5602897 5.041134 5.380168 1.931284
6.716815 2.509005 1.342146 0.9594126 1.585428
2.009918 0.5316123 6.548489 1.829571 2.208928
2.763357 0.361801 0.9469919 3.241328 2.155198
1.058029 2.871048 3.571416 1.847483 0.3400763
1.187909 2.234179 4.566535 2.354306 0.7997325
0.886749 1.987261 1.710415 2.310625 4.578829
1.501883 2.364338 1.059679 3.761986 2.107693
2.508806 0.439186 1.997554 4.756176 2.569259
2.570086 4.489395 1.049443 5.29623 6.193715
0.9710848 3.609445 0.6248976 0.4339345 1.726471
3.890435 0.3186598 4.507469 2.939228 2.275461
2.092195 2.438052 0.5482649 6.252447 2.483311
1.436217 3.311828 0.715977 1.9146 0.8452302
0.7349594 1.48472 1.470506 1.961972 1.194743
4.388677 1.838783 2.670898 0.8632903 1.647598
0.5232695 4.28635 2.034267 1.877054 1.572032
1.217635 3.613869 3.733636 3.138829 2.731581
1.486486 0.6055756 0.8542947 4.378399 7.088583
3.738502 2.693839 2.264629 7.684299 4.941689
1.691998 0.6073251 1.390072 2.037605 5.549524
2.509851 2.041913 0.5418727 2.391207 0.4737073
3.084327 0.3925549 1.932509 2.929209 1.607083
3.127036 4.640952 0.9576393 0.6720178 6.517555
1.786204 1.557236 3.211743 1.494064 1.085172
1.380913 1.755383 3.601501 1.829177 1.294264
6.832729 1.80006 1.440007 2.082237 2.729744
1.717175 0.44153 1.617887 1.356576 2.054299
0.7080191 0.8838584 4.325816 2.615618 0.4318503
5.02358 3.484795 4.492638 2.846741 4.197016
3.103493 0.2948017 1.044941 2.16942 2.064942
0.9393222 1.392213 2.071935 2.419975 3.367109
1.473786 3.605914 0.8760518 3.409808 0.652129
2.643769 1.020935 0.8604169 1.340851 2.296207
0.6001394 3.362773 3.351309 1.005608 3.497287
6.365023 3.34272 2.852058 9.701528 0.4339401
3.07653 1.23909 4.847494 0.8608591 1.882702
2.819084 2.121034 0.4686901 1.778742 5.453462
0.5170428 1.450456 1.065818 5.509631 4.816757
2.663912 5.418196 2.334936 2.165388 3.846196
1.470313 3.791983 1.609513 1.822628 1.816984
1.581788 1.745408 3.012881 0.6951431 1.613632
3.292134 1.239688 1.994884 3.195232 1.319943
5.979115 0.5352704 4.001208 8.033414 2.985676
5.596414 2.938707 1.72306 1.068153 5.488577
1.367162 0.8996214 3.090677 1.792323 5.949508
1.223915 0.3415546 0.8544633 2.42525 0.5315811
4.218479 1.962512 1.102349 1.362619 0.3632311
0.647128 2.285398 2.82411 1.176192 0.984957
4.921114 0.8206323 1.845936 0.5547364 2.019205
2.493838 3.017043 3.143828 1.017426 3.463781
1.922833 1.666512 1.962711 5.036934 2.846926
0.2904298 2.107349 2.990632 3.487665 0.9888133
1.622319 1.024479 3.74345 2.576588 0.5466971
8.298555 0.7277071 0.9713 7.679774 4.80736
0.5825757 2.459806 1.603791 0.4409312 3.39223
6.391343 3.043306 1.054832 2.797463 2.208851
0.9983638 1.467379 7.027498 0.981532 0.3979399
1.758238 1.983044 2.960961 1.450605 5.456636
1.517379 1.151041 1.275296 2.007436 3.392581
0.8753977 1.656939 9.125556 2.984235 2.697149
0.579171 1.622781 0.9738098 1.101261 1.982292
9.575926 3.344919 1.144351 4.446182 1.602032
1.715525 1.770887 4.472461 3.297665 2.694744
0.699645 2.300848 2.62434 2.703235 3.490114
9.540588 0.7933388 1.477299 2.393501 1.489117
4.665776 0.440398 6.601549 5.398515 1.750523
0.6794471 7.114813 1.418256 1.392395 1.386304
5.097667 1.023805 4.311401 2.213311 3.631534
2.602058 1.107719 2.441675 5.443641 1.897965
8.904836 1.743703 6.02463 1.980084 1.751598
1.520177 1.898288 9.049238 1.587234 0.3378246
5.242399 2.819105 3.29756 3.196206 2.527447
2.158501 1.163224 0.7973657 2.721674 0.460553
0.5054481 0.3097666 2.704192 0.971104 6.979001
0.4886005 1.143538 1.034048 1.618534 1.262867
0.5866671 1.107883 0.5601286 1.363284 2.139854
1.882687 5.948963 1.110096 3.428021 9.650462
1.535514 1.206924 3.503363 1.427915 8.947572
1.152085 0.3863899 1.412097 2.075249 3.572208
1.450784 2.29338 0.5218208 0.363056 2.706451
8.855073 4.282322 1.892667 0.6987646 0.7406076
2.620455 2.235418 0.8322907 0.4117646 0.7241126
1.826865 1.065601 3.442684 3.227306 3.218099
1.651549 0.5439237 3.486394 1.845981 1.306939
5.020703 2.044862 0.3339433 2.23201 1.59452
1.146757 4.242307 0.8001698 0.8400522 1.40739
0.4250291 0.6422149 1.539471 2.642384 2.624546
0.6956787 9.581185 4.696814 5.588703 1.248889
1.485686 2.61768 0.4080316 1.354204 4.814787
3.484268 0.9778444 0.7812998 1.936299 8.502952
3.008421 4.147736 1.997371 6.750709 1.791951
3.086099 1.271668 0.4450049 2.513826 1.694824
0.8740903 1.475103 0.4703314 1.376984 2.047805
0.6890445 1.9194 1.89293 2.030011 4.107887
1.730819 3.028803 3.314683 7.274498 3.53203
2.357831 4.119921 1.252912 2.458551 5.478142
1.086366 3.934284 2.199821 0.8481351 1.296982
3.556155 1.96817 0.9617004 7.670333 2.617514
2.002839 0.4796373 4.53596 2.448731 1.166577
2.469241 3.162713 0.5335865 1.785858 1.22993
6.558391 2.375737 3.405421 2.100985 0.4371898
0.6836059 2.264557 1.611206 1.12441 1.033312
5.173385 0.8487662 1.907096 0.659279 1.551431
1.806572 0.8362384 0.740775 1.539947 1.039556
1.437002 0.6776515 1.518904 1.175706 5.316875
3.993519 0.8516821 2.956038 0.6735898 5.128753
4.783435 2.826875 0.3023622 0.3493707 1.325004
0.93948 4.283234 2.915957 0.5501339 4.87652
5.257882 4.244949 3.064215 0.5783805 1.590084
2.61422 5.514503 9.841715 2.345726 2.704716
1.931491 1.275869 2.732919 1.701919 1.961527
0.8092581 4.941679 1.756662 1.736083 3.841514
6.490776 1.926411 3.225403 3.341459 1.435847
1.349213 2.370526 1.690391 0.8432811 0.5816268
2.63215 1.528532 1.715189 1.0725 9.143017
1.711123 0.4664954 2.327631 0.407843 6.764564
8.1469 1.393541 2.827733 2.952321 1.995637
1.293551 1.377257 1.171591 1.42436 3.517817
0.5384531 2.195208 0.8810824 0.7491645 1.683166
1.568555 1.15583 1.725085 1.145722 3.757424
2.793754 2.007832 1.212366 1.689893 4.999084
1.645669 2.121979 5.566875 4.08811 1.211663
1.822558 9.458525 3.284885 0.5338357 1.609736
2.172741 1.866789 9.032773 1.174919 0.4581001
1.377301 3.002518 2.182639 1.412886 1.318496
1.910659 3.698413 3.403454 3.588876 0.7596348
0.7159699 0.6152005 2.393594 1.860137 1.554581
3.227643 5.061178 3.801245 1.767489 0.516931
0.9617054 0.8282426 0.7008735 7.245526 3.538704
1.428923 3.371316 1.161904 2.40905 2.463984
1.242833 1.618578 3.824305 3.075876 0.9668292
1.659938 1.472062 7.464508 4.296964 4.402455
5.9737 7.772047 0.3349492 0.8161623 0.7045679
1.374101 0.6774235 1.51885 3.879625 2.797118
0.582764 2.399715 2.494057 1.27098 3.235983
1.572038 0.6107708 1.77445 0.36513 1.656754
1.807153 7.678708 0.8964646 4.727835 1.122617
0.9086952 4.142781 1.80724 2.200755 3.982434
0.3119555 2.494837 6.316693 1.779543 4.880082
8.393094 2.238211 2.416995 4.168035 3.219049
1.853035 2.378471 1.884994 0.5629948 2.557997
3.184096 4.748287 1.521866 3.624955 3.359006
4.235545 0.5087311 0.8647189 2.183135 2.397132
1.144133 3.702429 6.190211 2.735023 8.161929
1.787431 1.222248 3.128499 1.330578 1.045175
0.2965792 0.998805 5.190777 0.6328247 1.96725
1.095762 6.410581 0.9246249 4.254636 2.34868
0.9589591 3.792768 1.860103 7.323789 0.3461971
2.965584 1.429165 1.426401 0.6513702 1.206529
2.729173 9.272975 1.764941 1.146447 2.082996
0.5350181 2.658066 0.7827198 6.124114 5.529211
1.209528 0.3256903 0.7223571 4.716552 1.71206
0.3948061 4.859798 0.4168957 1.3345 8.772935
2.847735 2.928139 5.12375 2.835228 1.796543
1.957482 0.7595172 2.374361 6.423114 2.54671
2.931257 1.636579 2.427177 1.02124 3.723966
0.3744605 0.3466626 6.534875 0.6866021 1.609379
1.779898 1.524263 9.256389 2.112724 0.3038123
0.9174057 1.565761 7.947206 5.435663 3.432641
6.387017 1.557262 1.296731 1.508753 4.679999
1.9227 1.723484 1.249511 3.277516 0.784354
0.8985937 1.171556 1.847174 3.445503 4.247744
2.911679 0.3219662 1.177171 2.111559 1.401411
2.948702 2.41162 2.759399 1.57599 1.764402
3.424786 2.129684 2.080256 1.504087 0.6398049
2.299505 4.19039 0.4581084 1.69988 7.555265
3.244354 0.9180197 1.556801 4.248343 1.663843
7.179265 2.330266 5.648247 1.798968 0.8810841
3.982554 1.529539 0.7602204 0.6419909 1.344135
3.207088 2.729107 2.424436 0.7315422 0.707434
2.492092 0.3788601 4.19736 1.399234 8.814328
3.828021 1.213924 2.166574 5.735349 1.6963
1.89842 0.3781084 1.631831 2.825437 1.245626
1.510797 0.2987626 8.417128 6.72752 2.640648
4.504124 3.26119 1.703035 2.417148 2.735051
2.806927 0.5728456 1.911236 4.129185 1.12148
1.41425 0.8537898 0.69197 1.377963 3.845386
1.111823 3.626995 0.3453561 1.597499 1.105735
1.567182 2.675989 1.906548 6.093457 7.426667
3.450496 1.510239 1.425232 3.987505 1.240384
0.5898573 1.308098 1.977021 1.445839 3.36232
2.377554 0.4831407 2.143151 1.514824 2.142053
1.798244 2.827573 0.4532606 0.7345838 0.7522521
1.485254 2.74501 2.281713 1.059884 7.735035
4.555422 1.060044 2.259738 2.444465 2.680987
2.5818 3.522318 8.033814 6.543978 2.199721
3.546085 4.952925 0.9122751 2.508541 0.9737852
1.683268 2.404006 0.9452696 1.631236 0.5467101
1.026809 2.596345 0.3483065 1.033977 2.372958
4.02581 2.756357 2.88499 4.887297 0.3679911
4.691413 1.219167 4.64674 1.750922 0.666556
2.926063 4.440009 1.28312 1.219508 1.24432
1.087502 0.9271082 0.4063291 1.199579 1.753764
2.832578 0.4140619 0.6086557 1.81667 3.913177
5.648825 2.438801 2.802051 0.6803949 2.5703
0.927034 1.771784 4.110887 1.38403 2.416386
0.6781017 0.5747269 0.3240723 1.831821 3.197423
4.910355 1.439974 5.271621 3.572084 3.25262
4.774004 1.7176 1.392227 0.46274 7.019957
9.060333 3.418711 0.9174914 0.9925877 0.8544018
0.3049245 7.752493 3.453731 1.071526 5.021327
9.471629 3.856154 3.16882 1.066948 3.270519
3.171845 1.645379 2.901819 2.042841 0.6465553
1.481445 1.943033 9.324201 0.9367643 2.452501
3.055971 3.585106 1.35862 1.288168 6.456602
0.3264476 3.057096 1.471392 2.852353 4.754854
1.267112 9.279044 1.742161 0.3015224 1.707353
4.811526 1.09826 1.444399 1.219183 4.847126
3.421387 2.722579 0.8766575 3.614227 2.233866
2.440814 3.46431 1.998083 1.105193 0.7313252
2.653966 1.101927 8.693821 1.445075 4.170483
4.61267 2.777271 0.539747 2.824545 8.323259
1.713999 0.9053916 2.385939 4.704632 3.783785
0.5441787 1.778714 1.595192 2.42727 0.9389458
5.841208 5.29102 1.463632 1.413965 6.26434
1.515636 0.9063138 4.489697 3.938478 0.7654895
3.378213 1.521506 1.951371 3.519891 0.9572611
2.624699 2.543242 2.537755 5.741479 0.409515
2.98381 8.424511 1.260176 0.9831204 1.817413
2.167189 2.891603 0.3688327 1.564726 0.5140518
7.170438 7.145023 2.316733 8.355659 8.078569
1.850618 0.3422869 4.67573 0.7711303 3.007139
0.619786 0.4253546 4.503116 2.003447 2.766799
3.177774 3.677888 5.381524 3.758508 3.117251
1.150755 5.006204 0.7505382 3.117511 0.5520411
1.130219 6.269603 0.9467202 1.572369 2.783362
2.423835 5.424292 0.3095904 6.304655 9.57006
2.281568 0.8521066 4.420939 1.994301 9.095411
0.6504354 4.801418 1.030103 6.555021 6.63866
1.940569 2.740237 1.476822 0.5675165 2.418264
0.9012321 5.053697 2.672122 1.974597 0.3368214
4.574866 1.815787 1.186755 0.4913894 3.054245
1.229366 1.771244 3.64986 3.974063 1.417746
2.987022 2.187786 1.88573 0.6432443 2.295139
0.438472 3.050766 0.9357557 3.462889 2.189355
0.705662 3.437851 5.541051 0.4085132 4.366111
1.803137 0.6526677 9.25697 0.7530459 8.385481
1.656492 2.177081 0.7512993 0.3029761 3.902842
0.3443132 2.037856 2.461515 4.530691 0.8685558
8.760804 2.893317 0.3063169 2.236476 1.970336
1.625322 4.486488 2.025496 2.847901 4.158531
1.208283 3.244256 5.138636 1.057877 5.672322
4.370123 0.8726442 2.589015 2.751866 3.156199
2.53057 1.4157 0.3764577 2.205292 1.285964
8.305021 8.435303 0.447828 5.344544 2.526908
0.485771 4.070616 1.464692 3.143971 3.240297
0.8533358 3.504199 0.9963492 1.631933 3.303079
2.46158 1.338866 5.997413 5.022499 8.449619
6.956708 1.534078 1.073412 1.410006 2.096656
4.069976 1.215615 2.490665 5.762271 1.331358
3.248221 1.509903 0.7282413 2.549065 5.13024
1.622839 3.521392 1.685123 2.043573 4.065755
4.521706 3.835275 0.6932786 0.4375487 5.239888
1.381859 2.380661 2.499083 1.654587 1.20457
1.582977 8.50044 3.678451 0.7759179 4.990375
2.525397 0.9835975 3.877615 6.930804 1.467592
1.693362 0.3040799 3.320622 4.251349 0.8725184
6.674878 3.439733 1.109253 1.992026 1.006371
2.750788 0.8999692 1.908543 2.776408 1.757173
1.812043 2.040709 0.8002406 2.715571 4.03399
4.202322 2.942977 2.56985 0.6511999 0.6521794
1.696254 3.191208 3.784157 3.742459 1.839291
6.320527 1.460353 0.3279977 1.948728 4.920514
2.00434 3.818509 2.773857 6.476473 5.70549
2.863651 9.203753 4.000322 0.8963109 0.2895533
0.7066932 1.473605 2.110075 4.579676 2.288328
0.7666301 1.201091 3.924088 0.4874286 1.526849
0.564032 6.838801 1.866223 3.397966 1.103444
1.858896 1.572193 1.800401 1.47959 0.5825839
6.431936 2.575557 6.473108 2.680828 0.651325
2.490745 1.279437 1.112334 0.3794204 0.4191931
3.70093 0.5765566 0.4864364 1.544039 1.614487
3.29121 1.472281 1.270819 3.341345 6.98332
2.230266 1.539325 2.836493 5.874656 4.041919
1.305687 4.125658 8.517766 1.223633 0.5833894
2.652441 5.358 0.287431 2.820081 1.919371
1.402792 1.949343 4.887381 2.045076 7.458049
3.795383 0.9179918 6.803635 1.216223 4.505599
1.611105 1.125117 2.587829 1.535055 0.4627483
0.3111888 0.3303359 0.5776847 3.88455 1.532662
7.354643 4.050134 3.045724 0.5338206 9.246645
1.771069 2.998179 0.583887 1.738289 0.4425495
0.7902131 6.866809 1.24319 9.545474 2.692434
1.999733 2.720379 3.104646 1.018141 2.585448
1.188394 4.977523 0.4820149 1.516187 3.412194
6.429847 2.127772 0.6263632 2.298044 2.780736
1.330102 6.006516 0.6634803 1.737416 1.303318
3.386005 0.4746124 1.614391 0.7779836 9.544065
1.470975 3.192963 0.4005655 3.417357 1.980456
3.387832 7.158567 0.8177378 1.520408 2.014482
0.8318152 0.9551841 2.345415 0.3863288 3.577089
3.860444 3.518131 2.6224 1.348803 3.780838
4.810831 4.707658 1.892088 2.608982 6.31762
4.778252 4.362716 1.11074 0.5009685 2.457728
2.793777 4.800313 0.9588153 2.481331 1.397998
0.5442929 1.368411 1.996251 0.6619703 4.738162
3.841239 2.038331 2.306677 3.421292 1.748113
1.139808 1.974012 2.399503 3.318429 3.092081
0.6860182 1.136038 1.388278 1.294742 0.8674799
5.025185 0.7674607 1.595841 1.195444 3.375295
0.7059353 1.015391 1.791248 0.6298825 2.961853
2.955564 8.620341 1.751938 2.750034 1.387097
0.7567868 4.409075 1.063451 1.798675 1.819764
2.752429 2.421112 0.6218354 0.8603185 3.385004
1.830946 1.09391 3.999628 1.367413 5.540189
1.368126 3.114764 1.339259 8.283112 8.1801
1.918139 1.288063 3.042911 0.7979803 1.241794
0.431018 1.824265 0.4342455 2.649943 1.20042
2.08105 6.17702 0.6106657 0.7229125 1.012254
0.9698095 5.029176 4.294014 2.310187 4.545288
1.922272 3.938814 4.305031 3.399145 0.5922513
1.047317 3.682387 3.317523 2.051486 2.010811
2.288068 4.14771 2.15363 1.269016 0.5059807
1.521148 3.592503 3.599291 1.686177 2.908584
0.7835108 0.4584537 1.262965 2.135429 0.9874024
5.846316 0.9296533 2.546944 2.483949 1.938839
5.752901 0.2897009 5.257798 0.3053667 1.538059
0.6093307 1.286758 2.743767 3.875796 0.3029593
4.453711 1.681457 2.254223 2.250601 6.220809
0.7403224 2.243866 2.171908 1.06764 4.127179
1.020694 2.291107 2.574321 1.165359 0.6620236
1.289492 0.8445334 2.407194 1.144377 1.616359
2.875075 5.096817 4.219456 0.8092147 1.368763
2.884089 1.303523 0.6485915 1.253516 1.714131
6.09375 3.893518 4.717254 0.6184427 1.751459
0.8105089 3.006493 1.057841 2.788429 6.504071
1.497655 0.5821153 1.310411 0.9074162 1.687219
1.545921 2.237115 0.7752535 1.909627 1.206065
3.190549 0.4352943 2.611711 4.893951 0.4846276
1.058901 6.113097 1.710489 1.80311 2.846508
0.7344265 1.493075 2.230046 0.8753847 1.851813
2.790014 2.828121 2.101657 1.658846 1.106787
0.6394388 4.050787 6.066118 7.033193 2.200515
3.096262 2.117605 2.815268 3.031611 2.238515
1.206562 0.2845838 3.908739 0.7754796 6.753549
0.3217821 0.3904586 6.836221 0.6482626 0.6417997
1.474689 1.815427 2.008543 0.4366158 3.095158
6.197568 2.427146 1.745602 1.083638 1.851961
0.3597761 4.214986 1.00624 9.366414 3.453587
1.765048 1.100095 5.695298 0.6644449 1.011943
3.433267 0.3654851 0.6539642 1.532008 0.4635557
4.082891 1.339469 4.536582 2.781863 2.474501
4.849144 0.7145105 0.4155668 0.7601122 2.179814
2.017599 4.894432 0.7328672 6.462449 7.886937
8.23307 4.236519 2.390051 6.793106 2.054759
2.697748 1.875154 2.248858 4.909608 0.4833698
1.299824 2.790033 3.910339 4.077511 7.724646
2.342127 9.527218 1.970416 2.92041 2.477209
5.127697 5.709225 3.556532 3.458903 3.432037
3.512489 1.439563 0.4429409 2.973137 0.9665104
4.663963 2.236867 2.259446 1.302046 1.366354
6.992734 5.906918 1.634611 0.6412302 2.95398
4.025286 0.963824 1.552013 0.3868618 0.6150733
0.5261308 3.388573 2.564073 0.8876318 0.488487
3.705208 1.374279 0.4702642 3.141545 8.711001
1.956502 4.527206 1.815274 4.458395 1.055635
1.800101 1.399263 9.112389 1.67402 5.625762
6.483282 1.512418 0.5956797 1.842376 2.381663
2.848491 5.589496 0.4310024 0.7245145 0.5924528
1.336109 1.690907 3.719694 0.6018559 1.824641
2.058581 2.580656 0.5785765 1.951738 2.482815
1.423093 0.8016693 0.9576186 1.595501 1.778678
2.103265 1.462664 1.540489 6.738178 2.768042
1.325378 0.6480707 3.937565 0.4844481 1.224472
7.568736 7.523712 1.023448 6.85667 1.04187
6.709321 1.159504 7.181845 8.885255 1.357987
5.251358 0.6133098 2.90908 7.534136 5.068362
2.60818 3.063541 0.5125428 3.425583 6.576826
6.257599 1.241711 3.218802 2.240565 1.964233
1.059832 0.5617529 1.64134 1.387421 0.910907
1.378725 1.999561 0.8217366 0.3272476 0.625168
0.61997 1.385439 1.191118 4.936531 2.450597
1.61278 0.9291782 4.534294 1.593631 3.452128
3.429136 8.656267 2.448486 4.837816 1.204922
0.6722986 1.169044 1.848766 3.552175 4.008266
1.896376 1.557746 6.13405 3.197804 2.188935
1.260374 1.574844 0.4257776 0.429788 1.842463
3.991813 5.953647 3.7206 2.27542 1.899498
0.721294 1.321136 2.912954 5.209727 3.536781
2.053273 3.201345 1.381021 1.906257 6.480208
2.342896 0.6146599 0.6687329 0.5761017 8.103012
2.214166 1.46299 4.045869 0.8956363 1.068217
1.86594 4.947617 2.467767 0.316424 0.5833932
2.784928 0.9430295 6.887516 2.32532 1.12516
3.347164 0.9641189 1.407065 3.214705 1.850488
7.478266 1.038591 1.087077 2.494839 1.416164
1.824754 8.860776 5.012597 0.6684952 3.022673
8.104799 1.006392 1.608825 3.942851 4.250748
5.086796 3.436137 3.048504 1.395433 1.253928
0.8214655 0.9593183 1.870486 0.6699892 2.874738
1.912464 0.8860582 2.609154 3.24818 2.774144
1.27385 0.9448176 1.678309 0.4907772 1.187047
0.85037 1.537118 1.306409 1.263215 0.929121
1.717207 3.358545 1.303612 0.4793578 1.370368
2.990166 3.113791 2.40572 7.556317 2.583393
3.820692 1.081445 9.481227 4.236578 7.718852
8.461184 2.049584 2.727483 0.8851789 3.297868
0.6144908 1.299499 3.627723 3.015775 0.592569
1.433879 1.244473 3.214959 7.178951 0.8091155
0.6813577 9.746386 5.106019 0.4436285 0.9164012
1.06361 0.4746654 0.5326281 2.56914 4.889783
1.512931 0.3314489 2.226025 6.082274 2.89337
1.30036 3.614337 2.113161 3.183995 0.6744045
4.724103 1.513966 3.813086 1.510181 2.842227
0.3015033 1.809089 1.279325 9.343047 7.510772
5.857614 1.183861 2.491166 0.6111701 3.846631
3.881738 4.717777 9.028696 4.20513 2.394132
1.802457 3.548931 1.391961 1.70544 1.704028
1.928209 0.4947095 0.9352073 0.6468806 0.8004431
1.169376 3.101367 8.296981 1.862223 1.091261
4.118871 1.02325 3.546125 0.8999209 0.4700372
2.889957 1.431586 1.055576 0.8889971 1.674449
4.45832 5.004017 0.983268 0.6718728 3.349796
4.824991 0.2902787 0.6805751 3.832567 8.06222
1.234462 1.644836 1.221366 0.3612184 1.811203
1.096638 0.3474348 4.067874 1.265546 1.53492
1.813821 2.338225 0.6454263 3.818058 7.344951
1.744676 0.8048991 1.352482 1.741285 8.949769
2.269208 1.638114 3.211683 2.577239 2.906679
1.754414 7.360061 1.011175 0.7098859 0.3042931
4.104018 1.448556 3.686545 2.223738 1.335769
1.372738 1.085927 9.561081 0.4410885 1.979485
0.7636855 1.502751 2.478339 3.413979 6.61734
5.145763 2.341394 1.108308 1.113122 1.840181
4.437497 1.035072 5.202571 0.8423611 1.495859
3.67807 7.450644 1.551057 3.523269 2.370811
1.780307 1.137636 1.536858 0.5679172 0.5045989
0.9344751 5.541831 2.990633 0.6526781 1.758797
2.000093 0.4222092 5.077844 6.505578 0.597509
1.561251 0.6864841 2.21288 4.312466 0.7627868
1.352856 3.102648 0.3939331 0.6165045 4.251319
1.926009 0.6874167 2.397767 1.122671 7.183151
2.302202 0.6676308 2.238905 2.15589 4.88684
3.561399 1.009351 1.566671 1.258706 0.6779592
3.366833 4.001621 6.514669 0.7091496 1.086034
4.565682 5.952756 1.551133 0.5414551 1.731277
5.920902 0.6952347 7.37725 2.189399 3.975065
1.407676 1.249816 1.297885 4.419229 3.461077
2.03 2.020843 3.385131 1.660719 9.166883
2.346766 1.54149 2.311983 9.842114 0.8964154
3.343084 1.125019 8.955432 1.068058 3.597427
3.834891 0.9083831 1.051744 1.485861 1.579572
0.3871134 0.9940933 2.311074 1.532144 1.301117
1.530349 0.9816428 5.597955 3.80969 2.098617
3.090576 2.887012 1.651911 3.109045 8.399939
1.05043 0.3142407 2.020326 2.598424 1.707462
2.523892 2.542423 1.129732 0.3998313 2.53006
2.031568 1.525913 0.8399288 8.080504 4.28354
0.6065269 6.59216 2.086828 0.8371356 0.4272665
2.972471 1.765346 3.345174 1.616722 1.570513
1.99085 3.035459 1.128961 1.268738 0.6940732
8.352149 0.8104434 1.696625 8.250659 1.061978
1.889001 0.8791772 0.3531933 3.427018 0.9879564
6.263531 2.352743 0.3261657 5.241146 2.721408
2.441481 1.265157 1.429945 0.5932169 2.364818
2.73856 4.739322 3.775765 2.00024 0.379812
1.818816 6.805817 0.8697952 4.419184 2.889898
1.378578 1.568484 0.5958055 2.510532 5.609125
3.778298 2.288019 1.518636 1.293322 2.039381
5.070299 0.638015 0.3184921 2.428865 1.363073
3.483265 3.589018 1.310034 0.7216672 2.373784
5.67158 2.627924 1.20427 2.13559 3.268702
3.307292 2.639855 8.77227 7.790724 0.7161264
0.8954561 0.8696132 0.4242809 2.814823 0.3186486
2.584021 0.6821531 0.6928653 1.372726 2.852174
8.729476 3.555894 1.293906 3.173359 1.258284
2.251824 0.9184349 5.17484 1.518029 2.042872
0.4446718 1.204534 7.394016 1.6896 1.776448
1.538353 0.7954055 0.9261079 2.296254 2.667008
1.890756 2.123171 1.075502 0.6883805 1.729602
4.786484 0.8879337 2.224304 4.155882 1.185069
1.785459 1.438549 0.5681074 1.448006 4.907118
1.408977 4.994536 3.739444 1.021551 2.533322
0.7188816 1.318475 0.7102634 3.699728 3.88905
7.32568 5.424725 1.748755 0.899065 7.667437
2.711452 0.9583438 3.48268 1.321494 2.71299
2.02409 1.206453 2.013929 0.885198 0.7224749
0.8818412 0.5763911 1.293644 0.4917577 2.805713
6.198901 3.547054 1.958335 6.02144 2.68053
4.092463 2.476961 3.677682 5.653119 1.270863
0.7299787 1.502501 4.877144 1.791792 1.538519
2.989296 1.271235 3.558785 1.765814 4.549957
0.7136213 0.6703426 2.284523 0.9879463 5.319305
0.7084773 1.679236 1.119091 2.421631 1.806019
0.6258871 1.653124 7.253106 0.7365239 1.625621
3.101267 8.500496 0.8557266 6.653966 1.913706
1.231911 0.5758113 3.262843 2.424243 2.774376
0.5084828 3.221322 3.91323 1.797048 8.17763
2.399868 2.142875 4.136168 5.849433 2.738486
2.39411 0.3145913 1.09882 1.229972 4.538813
3.302923 1.327857 4.589342 2.422981 1.396952
6.921246 9.80124 0.8608487 1.226666 0.9589931
7.612629 0.6261419 1.574337 2.098424 0.9743931
2.084249 2.787279 1.283478 5.779847 3.735587
2.020123 7.226157 0.6025716 0.8144606 1.276705
1.204639 1.110807 2.431979 0.3931066 4.61266
0.5468738 0.8774018 1.549889 1.856291 2.468408
3.119173 2.878633 0.7790997 2.490498 1.723981
6.044497 2.551495 5.015369 1.086828 2.836478
4.857252 4.2953 7.253552 0.7779743 1.656068
1.974013 6.255388 2.393906 3.576848 1.411673
6.458883 2.549218 2.67186 6.292459 1.794746
0.8265757 3.549005 1.733743 3.288822 0.8294708
1.806345 0.6741424 1.435699 4.351938 1.710616
3.123251 0.8982711 5.89768 5.059484 0.9397969
1.7904 4.405305 2.959177 2.15187 0.551305
0.8466268 1.782458 0.5839971 1.933386 1.758933
1.626745 1.360472 3.144051 2.434998 2.552485
1.601306 2.290426 1.721876 3.136631 4.388373
2.543748 1.608821 1.011761 3.653369 3.944616
5.079456 1.224992 1.767796 6.652324 2.529535
2.488903 9.799855 0.3433431 0.7782579 4.110075
1.867398 1.454728 2.887518 1.590834 2.208981
0.3235593 1.187254 1.417813 1.592128 1.12964
1.309524 1.754904 2.340512 3.182222 1.833536
2.090807 2.374417 3.859152 7.518712 3.418576
1.61621 2.104281 0.6891823 3.415518 0.8233203
0.3500153 0.6599322 2.202323 1.870444 1.11704
4.933902 2.516168 3.408734 2.148538 4.097205
3.334814 5.104198 5.451379 4.741774 1.29903
0.8335622 0.6620104 9.306742 2.004433 1.490051
3.764624 0.2960821 4.418303 1.95661 4.720776
3.757287 1.107381 1.089992 0.3182223 3.911264
2.335072 6.692839 1.650012 0.9999065 0.3486584
3.22606 3.026737 1.529411 2.694996 2.551577
2.741123 2.088838 0.9232384 1.580075 1.483096
4.859972 3.377129 2.706298 1.244576 1.737951
3.186487 1.923463 1.73063 2.914651 1.943944
8.59611 1.293654 2.462461 0.7496886 0.7016218
3.011851 7.363025 0.6646409 2.235227 1.043769
0.992144 1.112613 0.7284285 2.718355 0.4720088
2.956619 0.6376936 1.507622 2.340164 1.229657
0.5645952 1.212135 1.493595 2.900776 2.947242
1.60474 2.864797 4.987568 3.954059 0.5474155
2.909517 4.57591 1.589508 2.189079 2.975838
2.550153 2.074329 0.6307802 9.330761 1.06219
0.6016034 0.8336296 2.001481 1.937127 6.218344
1.263173 1.57478 2.097907 3.387306 1.208991
0.3021106 1.65983 0.7633528 0.4844101 7.028008
2.412281 1.412724 4.736662 3.14791 1.489221
2.852016 2.138246 1.091523 1.25544 1.433191
3.200836 0.6617343 2.625712 1.505959 2.536397
0.5754649 3.119484 2.151679 1.740854 0.4087979
5.050742 7.526593 2.77542 0.9266323 2.380458
3.947845 2.982718 1.602463 1.042101 0.7965932
1.0657 1.391404 5.385979 0.8504411 1.680917
1.946937 2.603094 1.675826 0.4280286 1.894733
1.328899 0.821782 1.996569 0.471817 3.95036
0.7706027 8.521085 2.006934 3.103222 1.77318
1.890266 0.9915398 1.839233 5.207903 0.6167293
6.861125 3.675604 2.269355 5.403198 0.6548466
1.294582 5.960181 1.118322 2.457748 4.599029
5.590807 3.137974 1.030267 0.4158659 1.740481
5.318738 0.5075168 1.565623 1.429775 0.7873992
1.266146 2.0439 2.150319 3.932685 1.566853
9.523743 1.35748 1.399484 1.748009 1.17195
2.983303 0.6221621 2.209237 6.271101 1.955081
6.149945 2.147249 2.08869 3.780396 9.170316
4.826226 0.8920457 2.404289 2.193643 1.415853
0.389343 0.3785666 1.200577 4.122243 3.319584
0.8453862 1.301658 6.721692 2.778723 2.953791
3.15059 1.424022 1.973223 2.245278 0.9334186
1.767608 3.667425 1.767979 0.4297323 3.144893
2.695983 2.853499 1.403443 1.681403 2.455517
1.388899 1.175417 1.034649 2.366108 2.207919
2.510799 0.5090998 9.634247 5.419687 0.8889769
2.935269 0.3918573 1.229128 0.3423449 1.727259
8.729442 2.005395 0.699438 1.521059 1.924773
3.153255 4.907322 1.44326 6.978002 4.18192
0.4422394 1.624067 1.985152 0.9004711 5.435151
1.253699 1.870579 1.994328 4.364298 1.815504
0.4960887 1.692649 1.193093 0.3811933 5.065059
6.027059 3.071366 2.090537 3.553008 0.7992349
3.000739 4.571216 0.50689 8.677481 6.803611
1.137691 2.41431 1.56158 0.888728 3.353835
1.112815 1.469095 3.599698 3.014386 0.4378182
4.768316 1.958527 5.900116 2.065082 4.938108
1.233279 1.957373 4.342447 2.632156 2.553403
4.357833 2.421597 9.438383 0.5681616 3.15858
1.75387 0.5934831 2.878765 1.764094 2.67777
6.447125 1.701434 5.680988 0.8164157 2.250596
5.137393 1.414156 0.6811412 7.644526 2.425626
1.338624 3.5474 0.335513 0.7131959 3.262545
0.7848425 0.5104227 3.516736 1.802531 2.258084
6.988677 1.980208 3.789346 2.479887 2.831533
5.070656 5.28561 0.5480189 1.732585 1.690085
6.629817 7.83138 2.892594 0.299458 7.725846
1.484263 1.593233 1.52908 7.24665 5.448011
0.9753393 1.359356 2.635015 1.160555 4.514876
1.38512 1.140438 2.181164 0.8846645 3.777665
7.83988 0.3943794 0.3590258 2.439395 1.535085
2.520209 5.397147 1.641005 3.546545 0.618905
3.678059 9.112482 0.7945568 1.540618 7.267786
3.068464 0.4713746 2.943388 3.416572 1.512424
1.459195 3.65476 2.09107 0.4085892 0.6149831
0.5503548 2.51734 1.516647 2.533232 1.628309
0.8438898 1.331726 7.874559 3.326755 2.397927
6.355037 2.026035 0.7868748 2.793596 0.6891924
1.442721 1.554311 2.686012 2.554288 2.837706
1.895151 0.6253935 2.45562 1.701231 1.181865
0.3486797 2.78742 1.934684 0.9409718 1.847233
1.071764 0.957346 1.812088 1.797585 1.777335
1.068398 1.031611 3.293614 3.961649 3.138872
2.348508 1.468848 1.307832 0.8174749 1.637841
2.489373 8.937595 7.422446 4.355501 1.150471
2.559925 0.6097019 1.91502 1.25128 4.441262
0.585478 2.073189 0.468078 1.164863 0.4126807
3.676193 3.134112 4.778686 2.962654 2.560755
0.5203797 3.521693 1.486978 0.8702022 1.996404
1.731801 4.35531 0.5788573 1.313001 1.189823
1.452737 3.811733 4.2993 2.894966 3.36896
4.33678 1.15517 1.475267 5.797556 3.380806
1.75805 1.237584 3.055142 4.755345 9.378323
4.464031 3.348993 0.7124974 2.133728 2.873296
1.793366 3.890606 2.112831 2.506541 4.87192
1.740202 2.505313 1.506927 1.8304 1.994387
1.572387 3.452963 1.380013 0.7923991 2.04931
0.7264052 0.638112 2.924947 1.030111 1.169184
4.966786 1.956235 0.9778297 1.497565 0.7149565
1.229101 2.226068 5.1103 0.4607944 8.490284
9.631695 2.917203 8.344518 0.9290072 1.423071
1.365801 2.578904 3.843622 2.387099 3.247529
4.785639 1.442994 2.516998 0.8762102 1.247664
3.218164 2.457245 0.3853478 1.929535 1.47948
3.078281 0.8813581 2.098294 2.771792 0.2926663
1.513689 5.256669 2.111553 1.727899 2.839772
0.6696245 9.300637 2.633153 3.403933 1.182477
1.577963 2.254874 2.601141 0.4822711 5.549085
1.308722 3.466335 1.224751 1.234397 3.768749
7.191059 4.494406 1.845686 4.40469 5.074257
2.107432 0.9580383 0.8948932 1.864151 2.911454
3.603505 0.7295334 8.258433 4.419781 0.8066972
0.3410992 0.2915502 5.26958 5.636772 1.704311
2.422298 0.8514219 3.533549 2.545163 5.709569
0.8483932 1.871034 2.230071 6.522111 1.278412
2.205887 6.742709 4.645132 0.5563657 5.342417
0.8949444 7.130869 5.152736 0.4422139 2.240766
0.943836 2.541164 0.7870828 3.69038 1.694932
2.065017 1.062746 2.293407 2.88246 3.196897
0.9871403 5.960059 0.4732143 8.144107 0.4980279
8.818215 1.750228 2.219036 1.87539 1.850269
0.8769034 1.821409 2.70313 1.861112 1.139002
0.7551103 0.4862111 2.075793 0.9175284 0.6669976
0.5848034 3.142456 3.539487 4.926912 1.625994
1.85613 6.543164 0.6989446 3.758954 3.05319
0.5400834 0.5618289 3.232179 1.625987 6.896923
2.62273 0.6037406 1.057775 3.974431 5.857124
0.7131549 4.694885 2.282419 1.577109 0.8438893
2.162397 1.93297 2.60424 2.724989 8.329029
4.370156 4.016772 1.900761 2.444773 3.569571
2.940251 0.7406882 2.231636 4.665229 1.347775
2.726565 1.743816 2.208702 0.6346675 1.804793
3.931611 2.231461 0.7929406 0.9573725 1.26156
3.446838 3.027982 6.87288 0.7637861 2.253041
1.44708 2.26271 1.423271 0.3798921 1.730444
7.085324 1.909398 0.6450729 5.807496 2.148325
1.84627 0.4530423 0.9561134 5.180446 6.393687
0.4436528 7.00529 3.085191 1.299245 1.558895
8.950781 1.829731 6.727956 1.348396 3.970604
1.550429 0.9421993
