0.5007519 0.5557416 0.578655 0.5578947 0.5301669
0.5684211 0.545749 0.5673941 0.5488722 0.566416
0.5753289 0.4882353 0.5309717 0.5591784 0.5493268
0.5210526 0.5609023 0.5764411 0.5441786 0.5493734
0.5516447 0.5631579 0.5495215 0.5672249 0.5469636
0.5155702 0.5671053 0.5766082 0.5789474 0.5503759
0.5368421 0.5722284 0.5628219 0.5754386 0.5595925
0.5286041 0.5793233 0.5549572 0.5550239 0.5497315
0.5413876 0.571345 0.4975295 0.5736842 0.5450292
0.5779204 0.528475 0.5732057 0.5496568 0.5789474
0.580805 0.5475709 0.5727768 0.5677492 0.5699248
0.5639418 0.5438596 0.5179426 0.5705263 0.5578947
0.5716034 0.5672515 0.5736842 0.5736842 0.5695906
0.4993927 0.5493421 0.5350877 0.4994152 0.5087719
0.5438596 0.5674641 0.5782683 0.5511036 0.5719298
0.568691 0.5123523 0.5131579 0.5654135 0.5407895
0.5802632 0.5807445 0.574613 0.5609023 0.5573099
0.5684211 0.5725877 0.5724696 0.5684211 0.5696594
0.5684211 0.5567251 0.5624402 0.5529605 0.5726764
0.5709884 0.5774786 0.5566563 0.5789474 0.5764838
