7.616376 5.630719 5.369645 8.251798 8.817088
8.685701 7.076112 5.343993 8.778094 13.77447
11.58489 10.21155 7.547654 4.410124 9.369757
5.315922 5.863951 5.326177 6.043016 8.062547
5.553061 5.561446 6.360774 9.994621 11.50255
5.417215 6.185768 5.50899 5.561858 7.743716
8.777981 7.314506 6.253752 7.152425 6.58446
5.879108 5.34664 7.142004 4.828378 9.639595
13.17683 4.541978 5.211211 12.65 8.200995
4.807825 5.996955 5.503208 5.999829 11.35166
13.4634 5.987158 4.549364 7.305404 7.654605
5.487052 5.149025 5.401439 9.176207 5.371806
4.455732 4.460185 7.014132 5.617144 7.253944
7.079131 4.823399 7.835609 4.633572 11.76046
6.592524 8.448085 5.141221 9.256671 9.654174
6.28868 6.087153 8.998919 10.1837 6.954758
13.173 11.29054 12.64267 9.77123 6.774803
6.784702 6.990213 5.732786 7.777726 6.253142
5.675117 11.08166 8.163254 4.772618 5.269473
5.14311 12.09297 11.30213 5.633741 8.254133
5.527315 11.75173 4.620954 10.04203 7.098002
5.188448 4.924878 5.253764 12.53502 6.249756
6.028105 9.591506 4.751101 6.006142 8.101522
5.366585 7.114194 6.451521 8.636093 11.30042
6.113395 6.005667 5.144758 4.509098 5.953232
4.753309 12.77898 4.935613 5.540909 6.888753
8.679445 5.010128 7.142965 6.230577 4.969487
4.985693 8.05835 6.361118 11.10149 10.91799
5.703371 7.147421 7.720718 6.278631 8.018309
12.83263 5.712202 4.534543 8.768423 4.84958
4.801276 5.673066 8.263146 7.38491 7.355925
6.357421 7.163175 6.253409 9.58391 6.148556
8.513972 6.133811 13.08641 7.87675 8.816178
5.632808 9.764639 13.85689 12.51657 9.252566
5.245656 4.655348 6.852672 6.933328 4.384449
9.868387 6.181877 5.807214 5.006998 5.024209
7.699758 5.388241 6.223456 10.98464 5.49206
7.336863 4.493832 9.04872 5.642147 9.265905
7.259923 7.401933 5.792172 10.93924 6.266199
6.005665 6.148392 11.3156 8.674713 5.942607
7.1063 7.617916 5.018017 5.265989 10.79336
7.333844 4.906731 7.749646 11.08803 7.966891
5.790073 8.700722 12.15202 5.094943 7.953968
10.59855 5.837321 9.421316 6.029891 6.993721
8.685514 5.77865 11.91497 6.434171 5.613899
11.36358 4.775444 6.488078 6.657623 5.916325
4.378024 4.531831 13.72815 10.58605 13.92344
10.30374 4.682552 11.34354 5.622305 6.394013
9.440237 7.965098 5.83372 7.001139 4.43134
9.083742 6.130335 7.972441 4.77058 8.158251
7.308098 6.433791 5.850035 6.182513 13.76251
9.509526 11.16552 4.743528 4.415157 5.758071
9.359164 6.653027 6.291868 7.40428 5.749645
5.117834 12.12123 6.86917 11.10093 8.64391
6.186584 5.326265 7.390832 5.379248 5.278259
11.84062 7.093566 6.188182 6.275766 11.14399
7.218402 6.447877 4.979353 5.506692 12.25177
8.923372 5.773987 11.50691 9.721487 6.655707
7.130864 7.153639 5.42385 6.255034 14.37463
4.969467 5.361242 13.93561 8.361185 10.32023
6.004425 4.434709 4.707041 6.380899 6.513871
8.202127 5.010128 4.926969 8.383707 5.129312
12.29356 7.204784 12.03524 13.80266 10.47311
7.251926 10.59075 5.251447 4.78698 5.390697
5.408065 10.067 8.251382 5.500485 9.766514
8.044885 5.630539 6.007931 5.91148 5.511598
7.250637 4.548539 9.307919 5.835033 4.561459
7.699221 5.843382 6.034993 4.875768 5.278113
4.536161 7.1233 9.256059 12.29565 5.369489
5.179066 4.809246 6.66983 8.242205 7.781541
4.856568 13.50321 10.51359 6.464898 5.530485
4.42671 6.069186 4.480024 7.197074 7.409757
7.456991 7.861665 10.99574 4.874328 6.712765
8.412682 13.84855 7.952055 10.76882 6.749843
6.417895 6.865725 8.494798 13.01251 6.064515
7.264102 5.374755 6.518399 8.938211 6.758412
10.21867 10.39963 10.11241 5.234554 4.67771
6.861137 9.454657 8.552014 7.523332 7.539141
5.498111 9.869685 4.497508 5.786067 8.959395
7.645 4.496495 7.578543 8.301109 5.689219
6.069016 11.21024 12.61511 6.217671 5.937977
11.79884 4.649197 6.933639 4.941962 6.964864
12.87737 5.635623 8.143891 4.423078 7.320792
14.00775 9.655019 4.509094 4.810639 5.892672
6.729733 7.306921 7.294607 5.920618 9.545373
14.375 7.992838 5.352381 7.699099 9.101119
8.325185 4.451634 6.59306 4.509092 6.083976
4.499081 4.981993 13.95694 6.001897 6.300567
7.743609 6.20569 10.55377 4.798014 6.517712
9.864094 6.210379 8.588512 4.735181 9.140112
5.991518 7.485778 4.433392 6.087133 4.566151
8.766558 6.440776 8.394859 5.75342 4.664732
7.01212 10.80724 5.947209 5.02058 5.992501
5.582858 6.753092 6.509864 5.321213 6.721912
7.44926 5.199113 8.737063 12.7573 5.780818
5.513626 4.814905 7.448851 12.82628 6.51764
13.39088 8.606002 6.573524 8.8258 6.645658
9.260754 7.888976 7.740614 5.184885 9.389458
4.779728 10.28963 9.948637 9.85082 6.69987
8.777597 6.068016 6.039966 13.03372 8.225619
7.162188 8.84097 8.272752 11.06872 13.95128
4.855184 4.604236 5.4241 6.515648 10.92737
6.252082 9.985384 7.748838 12.13874 5.385911
5.797628 12.09996 10.14181 9.722986 10.18771
7.351613 4.655024 4.943165 6.564868 6.900179
11.57608 5.338762 4.564937 4.509098 7.089898
5.727103 5.869649 12.80768 6.259338 8.198258
7.964757 6.396964 4.738711 7.828652 8.908251
7.364558 4.717245 6.206399 11.61383 4.646819
8.930115 9.258447 6.752371 4.957162 4.851419
6.066853 5.877947 11.38002 6.260022 6.481982
6.97483 5.920184 6.717991 9.690968 6.893882
5.343089 10.55 6.523202 7.130682 4.41714
10.17374 11.60766 7.357312 11.45345 5.173501
4.426853 5.346226 7.812496 11.33031 5.365412
4.986654 12.54654 10.6884 7.996494 13.53169
10.14602 9.258229 10.90865 6.133457 6.369577
7.777703 5.268305 11.26662 8.307376 10.35138
6.007779 7.635868 7.121234 6.466746 4.824481
6.92412 7.276361 5.410322 6.195638 6.498917
12.2752 5.59643 4.872693 4.617203 5.080543
13.27519 5.530644 10.93772 5.00927 8.279721
9.745093 5.013113 4.722237 7.731831 7.385213
6.80956 5.651035 11.10182 5.604363 6.751054
8.659717 5.50946 5.546179 7.817822 8.549933
11.41168 5.58886 5.657934 5.6114 4.744658
9.966906 10.11959 4.502094 5.891357 6.672639
5.977563 8.499348 10.25818 7.737806 9.261626
4.637834 6.107695 6.178938 6.424967 8.917688
5.640565 10.23043 6.136775 6.160545 6.113772
6.68726 7.251287 7.501752 5.313122 9.751223
4.498244 10.42887 12.5096 6.686027 6.255377
5.141745 8.047604 9.025455 5.255772 13.83275
8.362596 5.197696 10.38552 9.509263 8.899697
5.141578 12.84181 7.083143 6.351917 7.200088
4.978254 10.47048 7.769768 5.506507 7.548343
6.259585 5.781308 4.608125 6.671374 5.465441
6.912905 7.207149 5.750994 5.350113 5.271312
5.109999 11.57963 11.82703 5.786866 7.83353
6.889569 6.284299 8.62788 12.30929 11.25165
7.083863 6.010815 8.537684 4.373937 5.463652
8.027513 7.758071 5.609357 5.166549 5.138613
5.057546 5.650175 5.819049 14.24851 4.376928
5.113912 4.739916 12.67034 4.494155 7.209948
5.162876 6.367575 7.626532 6.657797 4.606893
6.102859 10.42435 10.81569 5.595752 10.63102
6.510128 8.523377 5.06452 9.227661 6.571307
6.857388 9.380256 11.60935 9.72585 5.803696
6.038205 7.288292 7.116632 4.371866 7.622008
13.30513 5.670938 7.507017 6.155269 6.854788
8.163148 12.82601 5.627283 6.514852 6.018222
5.342665 6.270915 10.22521 6.494609 6.080579
8.288428 9.102316 7.239055 4.898977 8.724564
9.642345 4.553168 7.002179 5.80418 5.270268
6.936661 5.214178 5.518124 10.03471 7.383304
5.993095 5.507692 5.340044 7.985262 6.002102
5.027643 7.997946 4.896951 4.851126 6.114394
8.452883 6.589814 11.66086 7.999449 8.191213
7.504286 5.753509 10.75067 5.055271 7.062376
5.399176 5.889228 13.3999 8.723395 11.83333
6.041998 8.498538 5.775718 8.35049 4.753131
7.862295 6.114874 5.424808 9.024942 6.757111
10.39022 8.748402 5.268093 5.578466 11.0991
10.83629 5.604915 6.452011 5.744643 14.11739
10.66338 7.498772 6.614029 4.635867 8.194799
6.869699 5.616695 6.614221 6.380509 12.86584
8.950895 8.424858 11.25013 5.074949 8.825871
4.922092 6.252471 9.543775 9.002638 6.751509
5.907751 5.413329 6.49428 5.721447 10.08789
8.441527 4.502726 8.174914 8.228833 11.62267
4.75641 4.909112 4.499942 5.562675 6.251023
8.114851 7.04855 5.53248 6.961367 7.343487
6.207757 7.443154 10.82978 8.664613 6.573073
5.821804 12.56645 6.835862 4.618781 8.118055
4.38642 4.389336 6.799216 7.862249 6.33263
10.18089 5.654077 6.139093 10.90396 7.719365
4.998026 9.183145 8.30784 9.105552 7.573387
5.74235 8.450081 5.216885 5.97344 5.638153
8.435184 6.263195 5.48481 7.351996 4.753568
6.461293 9.425609 5.8757 7.485029 11.19399
11.17677 6.758155 9.504234 7.043519 5.1529
6.804838 8.019646 6.180385 5.655075 4.611435
10.30532 5.308254 9.776529 8.894786 7.75751
8.329316 4.495589 7.386566 5.708172 7.289663
12.20229 6.213598 10.52417 5.527147 4.38365
4.930093 4.819968 4.540262 7.348449 8.256394
5.193768 6.679424 7.472146 11.70425 5.587283
7.056862 7.056482 7.315603 5.513259 12.16143
9.748633 13.83512 11.79813 11.64384 5.324508
10.84254 6.175372 4.692819 13.02075 6.963279
4.796864 6.417416 4.441021 6.656421 8.527595
6.367252 12.54866 8.031899 12.27566 10.08382
5.309461 6.843123 6.06838 6.272187 10.121
7.919527 10.88327 8.039137 4.876304 10.50498
5.251798 9.649714 7.992731 8.065207 6.893226
4.433517 6.091112 5.893997 7.369699 6.703657
9.802074 7.516453 8.916775 5.625592 5.665339
6.093906 6.139402 9.838441 6.045578 8.753419
5.675035 4.752111 8.022965 7.18499 8.05686
6.073587 4.41105 4.961815 6.637303 10.65616
9.225966 4.476144 6.169301 7.96739 11.19258
10.50567 5.764484 5.305037 5.376561 7.961411
6.003301 5.754958 4.917177 7.697836 5.003475
4.583332 5.784684 6.169069 8.636456 10.18834
5.884677 11.81156 5.649968 5.936406 7.08401
8.05673 9.789625 5.503344 5.287092 4.929515
5.702113 13.28447 6.499694 4.571462 4.955288
10.50504 11.184 5.924719 8.289601 5.676091
11.87345 6.241694 10.32969 4.434663 9.802416
5.513478 5.142717 4.637849 7.001954 11.52666
9.175122 4.756538 5.515044 5.503066 4.758924
5.497335 5.686572 6.495746 5.013113 11.70501
10.05179 4.718995 12.02747 7.483788 5.999526
8.397475 11.39976 13.27598 5.597116 9.178581
7.75014 7.753572 6.142481 8.391571 12.70257
7.62581 6.888562 9.635527 12.25287 5.752321
9.498211 4.857874 5.098312 5.355925 4.537677
5.859668 5.252717 8.64182 5.660551 6.752611
8.00502 7.663941 10.05907 6.262077 12.75215
5.497234 14.08645 10.45486 6.705302 6.585597
5.770553 6.278482 7.518681 6.494962 5.001829
4.751869 8.384925 7.751447 5.767019 11.31411
5.740014 6.00488 5.755466 4.858803 6.892543
5.171737 9.088233 4.636141 5.006971 9.254157
6.771171 5.588681 6.345242 5.564901 5.162677
9.14479 9.278635 8.877136 8.992895 12.07089
10.6581 6.083869 5.461033 6.573518 6.099464
6.615675 7.254393 9.473801 4.657971 13.01802
6.958213 6.636457 4.730005 14.00342 4.906949
10.06158 8.283817 9.100221 6.427634 7.070364
4.750872 6.753797 4.752112 4.72845 5.609918
9.186974 6.672921 6.540882 7.028104 7.88568
5.915054 5.50296 6.687579 7.869889 7.855924
11.82318 4.651769 5.504736 4.809606 5.55686
6.509858 4.931195 4.414654 13.49525 8.219034
6.594289 10.25266 11.11581 12.92603 5.40291
12.42268 6.002648 9.762808 6.864958 11.78407
9.453575 12.49116 4.719264 4.908162 8.159635
5.398824 8.449911 5.862653 5.623634 7.365722
6.155738 5.358307 7.322654 6.035347 4.90736
4.754975 10.22452 6.79684 5.257996 8.054708
13.24172 6.730892 5.253142 5.389259 6.153191
5.258071 5.046592 5.141769 6.896125 7.350378
6.139236 8.801693 6.269054 12.20904 4.964841
13.29478 7.612841 9.849774 6.65241 4.405299
5.280442 12.49902 6.059086 13.31733 8.146504
8.278179 8.581227 7.744641 5.235993 6.472968
8.868085 6.884594 11.03883 7.333365 5.150534
7.041798 6.856843 13.05699 12.82376 5.143799
10.70294 8.511362 6.975414 5.404029 5.611314
12.04853 6.918961 4.50447 6.107718 10.07678
5.156912 7.278682 5.493712 11.81215 4.541844
7.999256 9.361836 6.647896 5.351715 7.238914
5.047251 4.784472 8.141942 8.470082 6.853966
6.200705 6.104588 6.474203 12.10588 6.61174
6.290371 10.79552 5.395967 5.743718 13.01769
9.430261 11.23547 6.501692 8.143737 5.369814
4.869561 6.135223 6.627536 11.25182 5.526751
9.162207 12.36885 7.755676 10.6189 10.25667
5.18672 12.14 9.026182 13.52109 5.449639
5.253419 5.75823 7.748291 5.527315 4.838453
4.869555 8.753421 7.468923 6.555881 5.44997
7.516204 5.597251 6.176218 5.72755 6.553511
5.842262 4.767564 11.05369 9.508036 7.259979
9.891397 10.22314 6.623457 4.473972 10.59119
5.190089 6.627657 10.29485 5.253578 6.93327
4.694296 5.544211 6.188481 10.86974 4.616194
9.506998 6.710178 5.123866 13.2588 5.552738
5.730588 6.883309 5.006507 6.756142 11.88945
8.823354 7.221727 10.45714 4.396421 5.800411
6.581635 10.21669 4.983944 7.513939 5.252171
7.958495 5.122407 8.874229 13.96738 11.22564
7.793192 4.767796 7.361702 6.377409 8.178556
10.91898 6.669009 5.091421 4.626634 5.564617
4.645524 5.614998 5.759896 7.016155 7.66641
13.0173 4.5016 12.50899 5.369638 8.446482
5.046733 10.75438 8.170323 4.508935 8.145957
6.849399 7.403043 7.007981 5.997932 6.944856
5.577857 6.987106 13.97735 7.994837 9.135399
4.626633 11.94157 11.13883 7.326345 7.994834
6.349129 6.254157 8.156921 6.29553 5.973437
4.768466 4.590016 5.802774 4.862701 6.379841
6.006414 6.758584 5.4688 7.374623 5.791238
7.156864 4.953991 5.004479 6.769768 9.504433
8.647119 4.425996 6.943039 13.02839 5.284785
7.251241 6.751578 5.74894 9.083332 13.52502
8.125803 5.245766 6.496248 11.72584 5.153179
6.121159 8.711184 10.52149 4.444317 6.227887
7.229515 7.570725 7.493108 6.024637 11.31124
5.423273 6.800192 5.750951 9.136771 10.88023
4.887423 4.749512 5.269473 5.190228 11.93467
6.189242 7.13304 6.709917 8.762282 7.875136
14.26245 5.369657 5.117622 6.752653 9.501859
5.959314 7.672306 7.389525 5.15555 9.624914
5.576659 12.15048 6.119068 4.869555 8.17152
7.238801 6.642245 5.963119 6.433609 8.130291
5.43369 5.400613 5.364702 5.94064 6.978535
9.49349 7.774736 11.50953 5.956882 5.435857
4.456526 4.762868 5.501599 5.190582 6.542146
7.774329 4.786981 8.508506 6.871774 10.5129
5.706248 6.258534 6.360177 5.757809 11.25685
12.48757 6.090965 6.446883 8.188408 10.68629
7.938707 7.152003 4.657238 7.010128 8.753008
6.584001 13.51254 8.501732 7.227536 5.360667
9.366216 7.650411 12.92526 6.484149 9.773017
9.542799 6.599967 10.66551 11.85662 7.330544
9.226878 7.129669 9.154555 6.606053 5.879043
5.877946 7.147177 4.493684 6.495859 4.852475
7.926831 6.26391 4.523636 13.46851 5.009039
6.581637 5.33735 4.473062 4.512336 6.679504
6.174887 13.79951 4.624149 10.62543 8.638065
6.206603 13.6346 9.439367 9.446451 6.425215
4.512203 14.40546 6.119001 4.534988 7.252789
6.4173 6.295937 11.62305 12.36976 7.253742
5.901368 9.648607 6.562551 8.247322 10.90206
5.983887 4.758131 7.432746 8.412838 6.701122
10.90738 6.243441 6.260211 5.633866 7.425715
5.46157 11.99778 5.445861 4.443322 4.767312
8.915403 5.803368 7.210437 10.15658 7.468948
4.8706 7.993302 4.382355 4.994954 5.052626
7.876357 5.821076 13.20778 10.35103 5.479746
6.781522 6.417895 4.575278 7.876186 11.01382
4.458034 9.388155 10.53668 6.528565 13.44038
4.395774 5.245165 6.638051 10.94484 5.14567
10.12725 6.287757 10.56548 6.010454 6.753264
5.305404 5.104606 7.850992 5.840445 11.25721
9.62201 6.590081 11.62346 10.91769 6.010771
10.87274 8.251652 9.169991 5.568326 13.29444
5.452446 4.502296 4.425607 4.801666 7.860594
8.804461 4.783672 5.514831 6.097136 5.170408
6.81461 7.531193 12.26117 9.278884 10.92936
8.519625 6.24081 5.251198 9.13125 11.64061
5.507191 4.393422 5.750994 6.039449 5.850809
8.552008 5.308531 7.7036 5.856827 6.083483
9.732702 10.80921 5.373037 5.808559 7.259886
6.498974 5.44885 7.408838 4.954267 11.94594
11.00252 5.504736 5.53235 5.312088 6.900962
5.363812 7.02045 10.79608 5.662006 4.472353
4.658121 11.33626 4.41272 4.772618 8.722806
13.25744 10.27975 4.502507 5.356689 6.254958
10.25416 6.689194 11.76663 10.50739 11.09898
13.70354 4.753571 8.638601 7.004056 11.08365
6.636929 9.31075 4.53246 5.156488 7.03471
10.45061 6.879702 5.86021 6.501387 4.894503
14.17727 10.03808 6.534677 9.507035 4.558962
4.7678 6.766766 6.329442 8.62155 4.607645
6.262152 9.480986 14.10098 5.007165 5.93306
4.393832 6.625942 9.91289 5.134843 7.009976
4.556438 8.735498 11.95704 6.257537 5.273978
7.498197 11.02738 4.800162 7.020413 6.359614
5.851559 12.77309 6.998903 7.244426 5.783664
6.373398 5.860215 6.901442 9.161279 6.241813
6.752721 7.129437 13.45611 8.36967 8.369566
8.754795 7.521184 12.38925 5.506999 12.0737
5.040922 4.978474 4.59978 6.647089 8.049877
9.739891 5.580864 7.134849 7.189314 8.081084
6.719157 4.723503 9.251891 7.756538 4.50447
5.057632 9.945027 6.731424 5.620838 4.656964
8.583784 4.93317 9.56409 4.686239 5.000411
5.98097 9.056402 8.758228 5.578527 8.68995
5.843272 9.253092 8.366486 9.815055 6.854288
9.297001 5.434099 8.75525 9.357851 11.01067
5.509461 4.45574 5.369594 5.643906 5.87251
6.872934 6.611224 6.257306 12.85011 9.321523
11.10802 6.258178 10.27971 8.753238 6.173321
13.00513 9.474934 12.3697 10.45213 13.08102
12.12857 6.077913 5.000111 6.511557 11.90498
5.502438 7.174395 8.82879 4.649726 4.705496
6.778052 8.18964 5.28082 6.258942 7.737009
4.603245 5.281763 8.354902 6.612165 4.928849
9.753753 4.751329 8.252038 8.215739 4.713009
7.168057 10.94613 4.861101 5.883462 8.667884
5.510968 7.003129 7.654718 7.537669 7.46983
9.677236 5.899155 10.08396 5.769719 8.000796
5.624179 5.365647 4.428669 13.00581 4.403989
6.095645 5.978841 9.091873 5.125427 5.924531
6.636138 9.30084 5.256307 5.062382 4.867518
7.095563 11.27167 7.90473 8.680448 8.600361
6.380752 7.623805 7.719597 5.34993 6.578926
5.603235 4.781746 5.986993 5.657586 8.60522
6.618049 6.439784 7.687843 9.650424 5.78442
4.816697 5.643613 4.605623 8.610571 7.333681
10.11613 7.58818 5.601411 6.335726 5.02221
11.99321 10.75275 10.43571 8.477559 12.95471
11.43407 5.07616 6.727054 6.25714 5.800717
6.029287 10.72316 11.56448 6.967003 5.878003
10.75314 4.569576 7.059077 4.50447 6.600252
8.262052 5.577976 5.855245 8.954469 5.003679
6.456441 9.199911 5.008137 5.760523 10.37367
4.549923 10.06561 7.85051 5.098467 4.68565
13.36249 5.709657 9.664339 10.14286 4.372374
7.481323 10.23486 7.408956 4.586041 5.079627
5.500786 10.20999 7.954481 6.493894 4.411227
10.84284 4.484628 5.105206 11.73751 10.4116
9.789583 10.68663 5.465957 8.25145 7.398179
4.741618 5.483696 5.079117 7.470925 9.027913
8.109836 9.855879 8.136452 4.86137 6.735469
7.047127 5.00319 10.58331 5.471587 6.406859
11.9339 7.258332 7.197458 5.663745 7.740916
6.871207 5.625667 9.05626 6.136336 10.19242
11.36598 6.566931 5.0335 10.48762 5.522234
4.739156 5.056346 7.862585 10.42005 5.782768
5.232999 5.982252 9.253944 7.291945 6.793702
5.314248 6.82646 4.58634 10.43899 9.645963
5.108649 9.751958 4.789733 4.740468 13.66357
4.792204 8.717744 4.722238 8.275341 6.947761
6.907064 7.426075 5.658161 5.856812 6.879509
8.607127 5.645644 7.146444 9.12562 4.43217
5.256346 5.373755 7.076084 12.01761 5.00026
4.789273 6.622005 7.581229 9.339681 9.046531
11.18008 10.35329 6.554016 5.73588 9.384336
5.258398 5.790672 5.130459 11.64652 6.114723
6.085671 4.647417 12.17758 8.440768 6.867399
6.279355 9.083577 5.647005 5.103446 10.23818
11.85019 4.573981 12.42415 5.571781 7.595513
5.004584 9.881831 5.752164 6.356656 6.423536
7.882005 5.032319 6.72453 10.34502 6.543964
9.830634 5.464821 6.243623 7.502338 9.309977
5.989115 5.777087 8.105426 8.743723 8.540696
4.557842 7.617143 11.94656 5.587299 10.12193
11.49823 8.152206 4.839117 11.76097 5.949606
5.79805 4.448614 5.902131 9.253568 8.00437
6.95394 7.41994 7.630532 5.526982 4.865815
5.86727 6.054428 9.132749 9.449838 5.674649
5.273694 10.40848 5.694664 5.779116 14.27309
7.66151 5.534997 8.738915 5.073029 4.379573
5.017009 8.478676 5.894332 8.016354 13.01357
6.14397 8.260302 9.507389 8.251652 5.513658
5.115657 4.997561 7.022949 9.280107 4.63594
5.03771 5.258397 7.005196 5.452225 4.932302
4.408668 4.583871 6.146819 12.46954 6.078302
11.25496 8.260726 12.2768 11.25357 8.531004
6.208182 11.69109 9.255297 11.21145 12.89976
7.678234 7.96854 5.76504 5.465684 9.472424
5.758963 11.0636 8.825797 6.369889 13.84404
9.251389 5.583962 7.134056 5.750994 4.566496
8.268465 6.388516 7.229668 7.250392 6.977744
6.340934 4.692842 6.699271 6.302415 5.599
11.41935 12.05186 5.901819 6.915148 6.710094
5.386052 5.776881 6.240946 6.832714 7.706376
9.91518 10.10399 4.562108 5.166415 8.258684
6.254948 7.1894 9.73529 8.339769 4.568742
4.708352 5.750908 5.140006 11.75866 7.034153
6.519077 7.134477 4.475875 4.873062 6.736338
7.82854 5.141854 11.33944 5.02483 11.01281
6.364461 4.507487 9.527649 5.822903 6.051153
10.34313 9.660256 6.078089 5.630579 5.298212
6.581501 10.88208 14.02849 6.164854 4.745462
6.574092 7.132905 5.34027 4.552899 6.711766
9.224679 13.41375 7.800419 7.310995 7.676916
5.391499 6.072089 5.998299 6.3158 6.869543
6.097299 4.957184 5.283304 8.543088 13.72333
4.380061 9.353078 5.512506 9.27522 9.141315
5.62077 6.27653 5.812011 4.805511 5.695997
5.618687 9.951462 5.634366 7.928581 13.55454
5.001422 7.803353 6.328344 5.930082 4.50447
6.049917 4.63524 7.351206 6.143474 5.155258
8.512196 8.397271 4.509657 5.397113 6.015192
7.644134 6.733975 8.117069 5.749541 6.403873
6.541294 6.961626 7.252446 4.631971 5.636282
4.862723 11.01316 7.584943 5.357444 4.37019
12.78158 6.752371 10.76392 6.515238 5.307599
6.578181 12.76359 8.704728 9.475843 8.900542
7.052385 5.870477 4.944032 7.954874 4.417565
5.157163 11.50875 6.102323 6.11142 5.460131
11.69818 8.379343 7.761964 9.140896 4.82464
5.753275 9.311142 5.953536 13.81041 7.312511
5.669948 8.35561 5.639362 6.405001 10.99898
5.029257 7.222641 5.739365 9.504764 14.37284
5.494637 6.245954 6.01178 10.03945 8.63255
8.571372 5.077193 9.884205 9.293924 7.689123
8.272645 5.118315 7.143913 5.375834 6.839905
9.796934 6.533544 10.50805 5.328989 5.093627
5.379025 13.01649 10.77096 9.503018 12.30452
5.275147 8.182038 6.758472 12.42387 6.029279
6.970517 5.369499 9.678135 4.901951 5.45356
10.23103 4.923557 9.481522 12.0418 6.839227
11.52637 7.751241 5.558296 4.981142 7.715365
9.103984 9.767313 4.993845 6.039765 7.320352
10.75192 8.70668 9.195762 11.53596 9.981678
5.676906 7.012863 5.949187 9.906918 7.251192
13.47854 4.759621 10.20188 10.03065 4.749756
5.252171 7.60368 4.752333 5.486712 6.763577
7.372139 7.249756 5.369625 5.65439 10.26753
6.603307 8.403888 8.034701 13.21871 8.004696
8.676 6.904723 4.497508 5.643019 5.731435
4.439974 8.611787 10.8599 10.69214 6.069758
5.570654 5.778981 13.12798 9.110191 6.022257
11.35797 4.501238 6.19852 6.954291 5.505053
5.918133 13.30686 4.975425 9.617686 7.323483
10.42856 7.449455 5.252164 6.038924 5.538484
6.204196 11.0887 5.469164 4.583861 4.465421
5.355623 9.144954 4.479394 11.78382 6.135884
6.759242 6.342305 6.905656 5.798179 4.989688
13.37835 11.28964 9.155157 5.630575 4.379842
12.38571 10.41376 4.752112 6.074978 4.64717
7.452933 5.131154 12.15905 7.790103 9.978285
4.417503 6.514646 5.258397 7.013448 6.004393
14.41409 11.11474 5.94304 6.365853 10.86113
4.582705 4.863779 7.230827 9.3573 5.064573
4.870212 12.27191 12.9728 7.396116 5.980326
10.57716 7.832584 10.64953 7.442881 5.083731
4.882779 7.005304 12.13867 6.840521 10.24789
8.369634 4.869637 4.972199 6.222364 10.02549
4.87954 10.9363 6.103205 7.361966 5.787484
10.2212 6.976917 4.464147 6.121866 12.25761
5.750847 5.12676 11.97137 8.548092 10.93842
7.550622 8.918532 5.520965 4.577928 8.280175
7.011077 5.40502 6.018732 7.755026 5.064406
4.717382 8.045843 9.082505 8.33678 10.36124
5.383113 6.897311 4.896621 6.871533 5.753578
4.540394 5.796659 9.595446 10.29759 10.37168
5.197301 4.398466 6.437012 6.474478 4.377075
5.921637 6.652747 9.240231 6.206206 6.071491
8.869085 11.73586 5.637801 5.752233 7.237908
5.550358 6.584948 9.304318 7.254658 6.143779
6.987087 6.669706 7.558874 4.513569 5.989235
12.84225 4.955579 5.621808 4.756109 6.411051
5.258397 12.12078 6.886111 9.116317 9.753934
5.344927 6.817912 13.64474 11.63588 12.25525
11.25198 12.71862 4.408224 13.09436 8.138733
5.23042 5.88977 7.961898 12.98066 7.974432
11.40965 7.267292 9.696574 8.606135 5.220509
10.18669 7.474503 13.6396 13.07239 7.422133
11.21252 9.703965 7.627886 9.659905 12.73218
4.699302 9.153156 5.445755 4.838435 7.62171
5.055268 5.794241 5.048274 13.21386 11.35633
4.424327 6.997641 4.719813 10.48988 6.145271
6.155964 6.032928 8.563847 7.204994 5.284567
9.798701 12.00533 4.57489 5.210398 5.167839
5.706601 6.525494 5.016518 6.085824 9.784018
9.277309 6.362886 7.411418 11.08194 5.009263
5.141546 5.460951 6.068394 5.058608 5.987133
10.40061 8.902968 4.51026 13.7941 7.753142
6.648928 7.015793 9.8164 12.49935 11.20083
8.355064 5.024205 6.653305 4.596988 5.50544
11.65487 8.471309 10.28467 6.347765 5.697206
6.440292 5.020257 7.428361 7.752525 6.268983
6.062867 6.122586 5.048449 7.751734 8.199998
7.360476 5.185832 4.379893 5.381263 4.936748
4.399244 6.440285 7.472175 6.00563 4.741341
11.53779 12.47024 6.793718 11.72421 6.621237
13.01309 10.13615 5.521562 5.289849 6.494698
5.536828 8.811988 9.974548 6.635982 6.173921
11.64283 4.997558 5.659961 5.177084 10.47754
8.451943 13.62514 5.995923 4.680082 5.17952
8.77248 12.75439 11.06332 4.997561 7.780253
4.494244 7.607993 4.495583 7.504361 9.280928
6.423059 5.994479 5.274039 6.518222 7.498497
9.475064 14.29919 6.758482 5.471997 5.356689
8.191734 11.06237 13.32216 5.250966 12.43827
13.11979 7.064751 4.893629 8.598599 11.53689
4.593279 5.642747 11.18998 7.701137 4.875288
5.3479 9.74583 7.474158 4.798178 4.611522
4.645714 4.793074 5.075235 11.92388 14.36383
7.799319 4.633569 4.557783 12.0777 4.642298
8.03865 7.039975 6.317436 7.884688 5.987157
4.912654 6.753568 7.368613 7.707066 9.548232
8.210692 7.583832 5.647459 13.30106 11.33169
5.529431 6.043734 9.994692 4.374788 8.139952
11.25798 13.21563 4.707489 6.079899 10.21806
11.93464 5.619733 5.410725 9.95087 8.824828
5.727143 9.809996 9.421657 5.753136 8.254566
5.54466 8.759055 10.74698 7.142271 6.773986
8.882059 10.16255 6.258944 12.72051 4.784468
6.753237 5.250966 5.003423 8.645555 6.735437
5.139164 7.823153 8.948903 5.795334 5.240222
5.682134 5.280193 6.316811 8.753753 5.758036
5.370767 6.583861 7.167971 4.532327 8.762107
7.068884 5.482423 5.188287 6.75237 5.278868
8.972733 6.621657 8.000415 4.923836 12.98422
5.521154 4.789456 6.990234 7.70527 6.334682
5.63699 13.01081 6.171451 7.253018 10.19677
7.366972 5.358703 8.090764 6.038698 13.44109
5.013113 8.253944 6.031875 6.862816 5.137473
9.048004 7.254659 6.816974 6.258557 7.278311
5.802364 4.69597 4.521139 5.263803 8.251734
7.072293 5.772277 6.644495 4.644721 4.972084
9.755288 8.753275 6.006613 5.357814 5.753797
6.587397 8.776838 9.322681 4.673098 14.28591
7.24216 5.054887 9.576633 5.494522 9.995212
9.754114 11.81525 6.294258 7.101402 9.122921
5.421486 6.981992 7.008213 12.54597 8.772807
9.246538 4.943855 5.149406 5.280443 4.55842
10.34072 10.88116 6.355981 8.2993 9.140732
7.924944 5.486592 9.595323 9.013388 11.36974
5.02766 6.495398 5.219082 11.5876 4.755957
4.871987 6.613793 7.135939 5.046943 4.440688
4.869636 5.492401 6.463436 11.25253 4.950533
7.604708 9.256409 5.405753 6.273479 6.164981
7.674409 10.03542 8.419973 7.882734 4.948483
6.679132 4.780069 14.18259 5.495895 5.356319
9.086846 6.409664 6.408272 4.504163 11.78895
8.685843 12.01013 9.95749 8.931871 11.15588
10.56839 5.780059 6.507185 6.092572 13.38872
9.133361 4.417049 10.5379 9.673645 6.735615
7.87514 8.499909 4.751056 6.036906 7.897798
6.749036 5.985097 5.335867 12.72172 6.348983
12.88646 6.619571 6.627187 9.901124 6.837937
5.102855 6.182294 8.940043 4.87403 5.261326
14.42251 4.992073 4.982681 6.105833 8.748373
5.396357 8.022518 4.572571 7.438718 5.201352
5.979411 12.88589 7.351079 6.974128 4.981142
4.526379 7.781312 8.493474 12.28855 6.632651
5.304782 9.005971 6.608657 5.144918 6.50251
10.36543 9.707923 7.121732 5.846779 7.62892
4.751121 11.27512 12.72334 5.306577 9.897393
6.745064 10.6949 4.389637 5.927176 5.002179
8.140422 6.341762 4.853292 13.20635 5.883463
7.816373 4.692455 12.25614 9.923852 5.50671
4.576452 7.592985 5.684283 13.69164 5.032338
7.993474 11.00607 7.080082 5.374049 6.600645
6.573063 8.711111 4.375334 5.284734 7.132027
7.199701 4.607079 11.74599 6.386973 7.100479
6.068223 4.953561 6.029287 11.1201 9.899728
12.06141 5.090581 6.262304 6.383834 11.0627
8.587941 5.799105 12.01053 7.134541 8.012468
7.95293 6.583999 5.200849 5.506155 6.619654
5.248186 8.681118 7.253275 12.90076 6.977422
11.58119 7.318397 10.19712 5.027779 5.886919
8.776529 11.56149 6.751054 4.516798 7.263852
6.685081 13.40745 9.917649 4.997943 6.096937
4.693594 4.864118 6.70658 8.66255 7.250456
5.581964 5.155864 13.17464 11.88576 5.486483
7.076956 10.42984 6.775747 11.28169 9.060166
13.25575 5.434065 5.2486 8.451873 5.726428
6.455609 6.371817 5.379379 6.640896 10.86361
4.554621 4.918208 4.623614 7.098021 9.256142
7.277008 6.971326 10.64413 6.446986 6.143492
6.797669 12.49261 8.990534 7.071167 5.677522
5.745144 10.09979 10.14615 10.21887 9.917791
4.638679 8.156211 5.003208 6.311832 12.36418
7.343537 5.247707 5.974187 7.38768 5.021836
5.17221 4.510815 6.091477 6.248012 5.609979
4.551562 12.79918 8.78674 11.05596 8.867426
9.875472 7.318905 6.756295 5.856664 14.21595
7.848493 10.53607 4.50447 9.100047 4.869638
6.512511 5.656463 8.083095 9.644598 13.03356
5.136182 8.358503 9.55182 5.341811 11.2784
4.440722 6.150282 5.001422 8.251382 8.392864
9.459765 5.021074 7.02781 9.119639 6.416421
5.004599 5.548518 6.363886 13.15918 5.144902
5.425256 8.315425 6.77255 6.537059 4.425488
4.869658 7.084128 7.573424 4.797881 6.896777
5.517439 7.915974 11.81541 5.296795 9.556231
6.130227 11.16496 9.262921 10.22072 7.191321
8.514815 6.886193 7.337938 5.598299 4.658475
6.000328 5.404469 7.269194 7.140562 6.372589
6.254364 7.818284 4.560284 10.01013 4.757674
6.865108 7.454445 7.765368 4.852036 12.37984
5.820931 9.577018 8.310402 4.888821 5.895198
4.859994 5.619245 9.750291 5.420574 10.25157
6.251101 5.556847 5.528549 5.802364 5.103221
9.288276 6.682305 9.51519 9.976531 5.018032
4.613287 4.935454 8.139805 13.16745 9.427119
5.319239 7.053651 5.941555 7.166736 8.579138
5.527706 6.218824 6.866877 5.673223 6.53313
5.195332 10.28016 5.442613 10.8918 12.83761
5.14122 4.892921 9.388802 10.56346 6.19931
5.961457 8.336458 6.409442 5.765274 5.954547
10.31514 9.103413 6.36961 4.792689 4.583947
6.992448 5.48278 12.71309 7.07805 8.068223
6.637586 6.978443 5.862472 10.62571 9.31609
5.493693 9.253752 5.521316 4.59659 7.621678
5.252848 8.594669 4.502507 8.183022 4.67133
6.102871 5.141413 11.46144 7.949593 4.676927
9.725852 6.364667 7.022081 6.258597 5.182539
5.406761 8.085324 5.48548 4.786356 4.495585
10.28052 6.552843 5.013112 5.281764 11.16948
9.833517 7.499662 10.4902 9.695049 9.864169
6.666911 7.001099 4.664996 4.422653 12.82764
6.256815 5.149406 5.08975 4.507354 7.379441
5.434334 4.496959 8.698354 8.657105 10.08164
6.236572 13.46448 5.065086 4.596606 7.015315
5.513305 7.34792 10.3749 8.52119 10.57886
9.804854 9.579774 4.547721 5.779966 7.643593
9.479555 8.785662 7.007495 6.176106 7.343247
7.290018 4.480408 5.049724 9.452887 7.487586
11.25454 8.001628 13.58411 6.356491 5.814811
4.552793 4.883537 5.681354 6.152164 9.464129
5.754048 5.812362 7.05758 9.496755 10.6096
11.57028 5.080373 6.286772 13.49455 5.775566
10.14338 8.627749 8.065451 7.82527 4.75813
6.217201 11.30033 6.679353 5.831171 9.004874
5.46109 9.597924 6.305109 5.917259 6.369688
8.359334 7.79142 7.176802 5.527311 6.173919
13.90176 6.301763 10.49408 7.372599 4.638614
4.947197 5.780819 7.923847 9.011134 5.956076
5.750994 5.76826 8.48578 4.502719 4.996638
4.518349 8.894794 5.897762 12.05486 9.135868
6.753734 6.783802 6.166088 5.498892 5.254958
11.5153 8.145332 5.598193 6.987187 7.513426
6.810984 4.872693 8.012506 4.882951 12.98165
7.365328 4.726325 7.89219 10.75394 4.876322
7.119727 14.18108 9.505005 11.66625 5.252691
10.77375 10.85187 4.75094 12.36989 4.682815
5.184263 7.090927 4.385706 9.481354 4.562712
5.905347 5.601961 7.081736 8.75474 7.221393
7.674048 9.756142 5.586407 6.303569 8.464669
5.737889 4.582081 7.622484 4.576907 8.572956
12.86253 4.622001 5.273567 5.511012 5.016985
11.24905 4.96009 8.377713 7.836849 7.252835
5.275146 5.369736 8.82172 9.86961 8.050584
6.75237 5.858965 14.29844 10.19387 9.466904
9.021562 6.799588 5.337981 6.485892 5.639037
7.541369 6.72219 4.87883 6.229031 13.24176
9.760232 4.502719 12.75257 7.046423 6.006227
14.35098 9.570944 8.756074 6.455748 5.438952
6.506454 5.763071 4.7678 13.40158 4.617844
5.921082 8.040288 5.781261 5.116528 4.772612
9.503551 7.185704 6.415922 6.760229 6.322313
5.258397 7.88422 6.251047 10.7791 8.277004
12.1077 5.134689 4.754061 7.252446 5.762589
5.07745 5.513658 7.43421 6.750716 4.75342
14.42875 14.01062 8.472169 8.297469 4.62479
12.16056 5.527315 7.013243 6.174566 8.58377
14.23587 9.391806 9.28501 10.3247 14.18124
5.252691 6.743878 9.61495 5.657157 4.806838
5.70123 6.700772 6.965836 9.404604 10.63759
4.831586 6.070359 7.289999 9.635194 6.243112
9.390423 12.58581 5.32036 9.49886 8.753018
11.48824 4.997126 11.29076 5.251652 5.322441
4.634833 4.446823 6.675287 6.27591 6.551702
4.928306 8.915505 7.254466 5.51006 6.642729
13.63321 4.640957 4.688226 8.223545 4.452326
5.881114 7.026657 4.635938 12.23428 4.458758
8.637161 7.317428 11.80557 7.999079 5.297612
12.34306 11.51659 7.813485 9.602477 4.749157
10.97178 5.537101 6.718485 6.348283 9.364392
4.40915 12.50405 5.865414 5.865891 5.342665
6.456541 5.704729 5.916833 5.387131 5.49423
6.261124 5.740901 7.034988 4.889228 5.316734
4.467154 9.527789 9.12375 8.157875 5.942624
6.143224 5.432997 5.636906 5.993854 6.484955
4.660661 7.753416 4.995263 7.36697 8.071687
8.009572 7.708959 8.869707 4.996633 5.605927
4.501644 10.04744 7.255774 7.219439 5.529899
10.41255 12.59926 5.517266 9.888702 6.750998
8.548511 8.875797 6.251503 11.59285 4.754394
13.12066 6.064702 4.749756 9.146122 5.598811
5.37503 5.556778 4.652289 5.011419 5.399338
5.647789 10.00524 4.597924 6.734865 7.032462
7.600819 13.96351 6.00488 10.96996 6.083014
5.674725 9.531762 7.12641 4.551722 6.094566
4.797677 5.310516 5.14995 8.100604 7.528391
7.509526 6.133838 7.04069 13.95823 7.84131
9.261086 5.252171 7.638958 11.61098 6.629887
8.203503 6.170308 8.151473 6.75395 8.508232
5.793306 5.714851 6.11737 6.711037 6.249545
4.44407 13.80263 8.477773 9.568327 6.641035
5.223169 8.156044 5.132226 8.03866 9.930083
6.766621 6.661507 5.509456 4.997558 10.55871
12.49967 6.812876 5.714064 10.13867 4.665083
11.82824 10.60545 4.539855 6.006459 9.084405
11.28002 7.080734 8.767222 11.50566 5.774024
5.849103 6.266202 14.41111 4.489713 4.530322
7.068295 7.021875 4.532449 4.512336 9.251159
4.493926 8.584918 10.29621 11.89811 4.50811
11.80335 6.847485 8.938027 13.82286 5.620415
5.513657 5.094054 5.641049 6.917771 4.885514
9.733399 7.254157 7.263717 4.990993 12.44675
6.763767 9.232497 8.450685 7.40736 5.420775
11.45983 5.770645 6.703416 7.253276 4.517829
7.253142 8.883311 9.475077 7.336942 9.068695
5.227574 5.301783 8.389836 12.14211 10.00899
4.754659 13.08865 11.05151 10.75439 5.886733
8.932647 5.260027 6.227133 6.75237 10.46562
5.663918 9.257934 10.09281 5.641049 4.945175
12.38075 4.906018 12.04794 4.504707 10.99945
10.55369 8.319018 5.021403 5.027486 8.086476
7.121962 8.755736 6.498775 6.805939 6.867552
6.816755 4.753865 4.465046 9.096237 6.983727
6.095659 5.842299 10.78605 11.04155 6.317769
5.254659 7.570566 8.260266 14.39146 9.377114
5.777946 4.766204 5.302525 5.565255 6.00965
4.78592 4.396508 6.779316 9.526469 5.505087
10.11916 8.99087 6.431401 5.369687 8.104623
12.29417 10.59315 9.557026 6.47094 4.627099
7.511441 4.430509 5.096883 10.14218 7.888512
6.952125 5.018019 4.762884 8.881401 4.549115
8.445067 6.083949 7.351397 6.605307 6.280762
6.428457 7.225468 12.82051 8.861103 6.221115
10.75154 10.40656 8.196865 10.53209 7.855898
6.507971 9.752097 6.428235 9.55302 4.584039
11.16565 6.399696 5.636791 10.08956 11.53125
7.496153 4.679475 6.01793 6.242055 10.20184
7.29232 8.309277 4.917176 5.612163 7.740827
4.751652 5.076555 6.505035 5.007019 11.18322
6.252958 5.616231 4.621918 4.836432 6.305046
5.544648 10.19964 9.807391 5.796112 5.433485
5.136454 8.722239 6.967733 7.350322 12.09094
13.61128 6.8107 10.5887 12.34821 12.2818
4.435561 5.612615 5.299389 5.859953 10.34589
6.240881 5.247852 12.82837 6.740902 13.46168
4.802021 13.1159 4.754957 11.17475 6.765809
6.001804 5.39304 7.377639 8.371965 4.919556
8.103214 5.741997 8.256667 10.03413 7.142024
7.000478 11.42968 5.180892 5.939775 6.143798
4.644865 5.101861 7.093283 8.501107 6.28333
6.582692 6.276239 9.588647 6.646219 9.445805
5.541358 7.874 5.023253 9.680835 6.716515
9.59477 11.20145 6.010813 9.55345 6.480382
4.680642 4.633569 4.393627 5.510263 7.228366
13.65394 7.900391 6.359266 11.1679 5.291728
10.00851 5.001359 5.032005 5.456745 10.28963
10.64904 8.254157 9.201741 10.12891 6.121892
6.043025 5.024614 7.62337 8.411637 5.037335
6.234339 7.793907 6.101659 5.307802 10.95484
10.86099 10.45539 6.157894 5.11426 6.832439
7.418922 6.996776 11.59605 7.316581 6.027976
8.177314 5.297602 5.204528 6.737106 9.016272
8.583843 4.755945 10.31609 10.12921 4.50408
10.8766 4.490753 11.75421 11.54268 4.541137
4.566155 6.142396 9.233 6.52685 8.328308
4.917529 11.6287 10.45974 5.516807 6.530809
5.623561 7.03784 6.535269 7.690184 12.20118
5.69769 13.77275
