"c[trans]" "c[com]" "c[circ]" "c[rep+]" "c[rep-]" "c[pack]" "com[max]" "rep[max]" "c[3A]" "c[stay]" "scaler" "var c[trans]" " var c[com]" "var c[circ]" "var c[rep+]" "var c[rep-]" "var c[pack]" "var com[max]" "var rep[max]" "var c[3A]" "var c[stay]" "var scaler" "ly gamma shape" "lag" "ly gamma rate" "lag var"
-4.011704 -2.919599 -5.917662 -8.988923 -0.2431296 -7.809031 6.136624 16.71458 9.102171 0.3388168 0.0002698142 0.7604532 0.4987658 0.2480341 0.4014212 0.4909867 0.4652988 0.412597 0.5883904 0.459801 0.8911334 0.8861875 44.72075 8.656407 2.880664 16.86762
-4.32205 -4.689778 -4.522535 -7.86724 -0.1157537 -9.397278 7.723344 8.010852 4.128109 0.02279299 0.0001452805 0.1635156 0.2964919 0.6248886 0.4722405 0.1814847 0.7505898 0.4931995 0.6760685 0.4035674 0.850308 0.9801245 38.93603 1.400034 2.727543 17.38435
-4.300331 -0.03928525 -3.588429 -9.599698 -0.08684944 -1.464397 8.325278 12.29551 2.395183 0.9213774 0.0004516666 0.8262034 0.2335051 0.3408237 0.9614574 0.3024256 0.7524747 0.7171702 0.4491929 0.5830527 0.5831917 0.9886308 42.94503 0.1631719 3.109688 11.3878
-4.365329 -5.268024 -3.414346 -9.54694 0.4063231 -8.145918 8.725434 6.749443 7.007308 0.03287867 0.0002188768 0.4327831 0.02159785 0.06519476 0.463883 0.1136123 0.4755542 0.298488 0.4099468 0.8270162 0.5327544 0.8453526 38.66851 3.673984 2.518586 16.14859
-4.146458 -4.545051 -4.544619 -9.181358 0.4712437 -5.048122 5.65214 15.46052 3.548622 0.8656724 0.0002832192 0.5095852 0.1055564 0.4698127 0.6098919 0.1408631 0.7563401 0.9642766 0.04649441 0.5442517 0.2011767 0.8645609 48.38879 7.819787 3.507758 11.44685
-4.219791 -5.466853 -3.403175 -9.329892 0.516495 -6.88851 8.470887 15.34762 8.450725 0.3281601 0.0002197446 0.1749639 0.2000312 0.3000826 0.6464503 0.1716473 0.1874075 0.3755305 0.6636079 0.1014639 0.6104987 0.3969948 38.10778 3.622484 2.593285 17.63167
-4.524086 -6.175402 -5.14449 -9.414061 1.893768 -3.293862 4.604771 4.068997 1.644068 0.4432993 0.0001048665 0.2891007 0.5630603 0.05666698 0.4404323 0.7627041 0.1495129 0.7323368 0.9243626 0.8596284 0.6706163 0.7181239 47.31553 1.761296 3.153807 11.62417
-4.31123 -2.763252 -5.594674 -9.595471 1.72624 -7.909149 6.407732 16.52302 6.451692 0.3092321 0.0001973735 0.2242584 0.5452163 0.8681834 0.6161756 0.1931735 0.6811485 0.2504382 0.3905348 0.0429867 0.540432 0.9464157 36.84486 4.821699 2.296712 14.77393
-4.131306 -4.948925 -5.504254 -9.566556 1.722197 -9.210528 9.738848 16.07431 2.176641 0.7240549 0.0003227349 0.6667571 0.1861844 0.4227568 0.7942236 0.8191735 0.6623672 0.09273789 0.3864909 0.3206459 0.3680766 0.7682076 43.24256 5.451085 2.709552 19.13747
-4.268726 -5.631128 -3.085982 -8.363485 0.6111954 -5.145244 7.407106 12.16834 1.504583 0.2850708 0.0003176776 0.1506596 0.3020364 0.1562938 0.4574471 0.7876996 0.5567231 0.7226874 0.2112502 0.5286551 0.2369448 0.9286438 42.54974 0.5805299 2.819236 11.09795
-3.904888 -5.160016 -3.617489 -9.673438 0.6258661 -4.621928 5.703296 9.6847 2.252675 0.5898058 8.302567e-06 0.3919973 0.858438 0.4199205 0.2110941 0.3346554 0.5090398 0.357944 0.3192053 0.5108033 0.5745736 0.850017 26.81011 7.263289 1.846376 16.28602
-4.232436 -3.104308 -5.3065 -9.215765 0.7488179 -8.50122 9.503481 6.031623 1.703457 0.3092237 0.000519083 0.5134202 0.3607959 0.04709646 0.3207285 0.09644462 0.9831824 0.5994011 0.04394223 0.4371671 0.6175001 0.641103 35.15442 3.160613 2.475528 19.57893
-4.564248 -3.495015 -5.274069 -9.132947 1.451983 -6.314921 5.396065 7.838771 3.012349 0.3008945 0.0001986892 0.1502156 0.8051171 0.4796834 0.5410577 0.01972847 0.7248475 0.7769336 0.9193058 0.5823088 0.8371408 0.9851585 41.64543 0.279462 2.984744 14.71379
-4.019336 -4.678352 -5.073391 -9.609331 0.5213378 -4.270864 8.473227 11.37309 5.525371 0.7941518 0.0001024469 0.8106562 0.5379536 0.2262719 0.3472786 0.3147708 0.4208439 0.3423799 0.2110284 0.2803948 0.6591081 0.5980778 33.31139 7.852434 2.215229 15.21105
-4.277156 -3.20758 -4.366646 -9.919941 1.295192 -2.588758 7.193706 11.29845 4.941404 0.8485587 0.0004846507 0.3199313 0.7089262 0.8417476 0.8826091 0.1340867 0.09341419 0.5064498 0.1488896 0.3050151 0.4864694 0.989181 43.01919 5.381374 3.091167 11.68492
-4.353023 -3.483852 -4.39652 -8.592603 0.01699473 -5.939058 8.043279 10.50155 1.473458 0.6380445 4.384461e-05 0.4641197 0.8410183 0.2013895 0.255558 0.3182412 0.8555073 0.1903144 0.9241815 0.6427254 0.01121548 0.8877563 24.19721 4.187683 1.629957 8.621058
-4.102409 -5.076511 -3.528588 -9.899273 2.189088 -0.9208523 4.784508 9.26676 1.857063 0.4664139 0.0004057828 0.2920361 0.3601269 0.7861253 0.695192 0.5880616 0.2009562 0.4426131 0.6728246 0.9687809 0.3757498 0.4576446 45.0483 0.6229826 3.055534 14.79543
-4.060567 -3.762194 -3.863328 -8.743384 2.404703 -3.07129 6.472735 8.269279 1.582221 0.446411 0.000240327 0.5378974 0.6208139 0.9548173 0.2817732 0.3455827 0.4069456 0.3877325 0.603059 0.04219945 0.8578369 0.8517456 41.5235 7.145805 2.464618 14.1756
-4.243948 -3.316337 -5.169329 -9.409474 1.049834 -7.325519 5.0296 12.78268 8.651244 0.6354862 0.0001454107 0.5268781 0.8032049 0.07415515 0.9050964 0.5174576 0.6250139 0.8578566 0.4230629 0.3176718 0.2452761 0.926202 31.40587 6.449942 2.144764 18.00565
-3.679592 -3.98222 -4.968407 -8.599043 0.667331 -1.052576 5.886193 11.06557 4.219152 0.0505743 0.0003377122 0.2297168 0.3161802 0.9370211 0.7172475 0.9220384 0.7056516 0.1749974 0.2035486 0.535317 0.127382 0.8485272 31.90692 5.87309 2.113749 18.02667
-4.082161 -3.572868 -5.423078 -8.942002 0.04153096 -4.55668 8.757164 17.226 7.417984 0.6410531 0.00106374 0.607768 0.2023861 0.6516501 0.002193737 0.2077277 0.749635 0.2723241 0.2363859 0.2537637 0.1145971 0.8649613 41.95903 4.47885 2.469364 12.58007
-4.25 -1.682022 -5.452695 -9.515607 0.430198 -1.139485 7.750446 11.12138 1.006934 0.4016123 0.000723121 0.4598004 0.2696277 0.690179 0.4273365 0.777773 0.1709418 0.2880695 0.06200633 0.4244776 0.4439836 0.8517731 36.26956 2.31637 2.638831 11.76141
-4.135123 -5.78873 -1.885373 -9.638188 2.244005 -4.949038 9.014968 9.51179 2.621841 0.6684561 0.0002642448 0.03949414 0.5115591 0.1970627 0.09126754 0.9101994 0.6040054 0.8055625 0.4473271 0.2219469 0.2899232 0.5748693 41.02473 4.915392 2.738561 14.99605
-4.397672 -3.418567 -5.334534 -9.731525 -0.104821 -1.726366 8.284768 7.782198 5.905103 0.8493395 3.709401e-05 0.3335439 0.8327757 0.1642836 0.4097986 0.4660866 0.7518881 0.3099211 0.8202839 0.4073362 0.3843871 0.7891775 38.93782 2.264374 2.543636 10.79757
-4.06672 -4.865483 -5.723 -8.892135 -0.1926324 -3.866849 5.814093 16.41935 2.840633 0.5364049 0.0006664105 0.6123824 0.2964363 0.9677643 0.5325897 0.5962738 0.2811703 0.3972039 0.8321204 0.4262511 0.124781 0.4837053 40.81005 6.305473 2.806616 5.074816
-4.30282 -1.057758 -5.840188 -9.995859 0.6985532 -5.454334 5.725931 8.722101 7.153925 0.6700739 0.0003068468 0.03770725 0.6706209 0.003672071 0.07044815 0.2131364 0.6268418 0.5331245 0.249686 0.6678172 0.7710591 0.9139871 37.04671 3.955767 2.530005 14.49069
-4.040804 -5.032119 -1.478124 -9.881862 0.08663617 -0.6042978 6.875137 15.28525 4.577141 0.6276999 0.001040564 0.08822363 0.2556018 0.5680689 0.5723046 0.3429792 0.9590557 0.6851097 0.2929737 0.7798598 0.425382 0.7175828 34.68783 3.824507 2.479468 8.700447
-4.132013 -3.809855 -5.064659 -8.415268 1.256316 -6.812982 9.327164 16.69918 2.96334 0.385864 0.0003312315 0.8569263 0.6789572 0.5828663 0.5194362 0.6119261 0.2506841 0.5484531 0.1652493 0.5167129 0.5045688 0.9365949 34.09465 2.573803 1.994842 0.9088979
-4.115435 -3.639429 -5.373325 -9.519767 1.000746 -0.9711285 6.461532 8.767718 4.968434 0.3615699 0.0004048079 0.4285238 0.4170226 0.4625729 0.3849636 0.06159332 0.1136862 0.7178624 0.3756622 0.5963281 0.2982077 0.9089333 33.38385 6.873533 2.108718 14.07193
-4.522595 -0.01672432 -5.885819 -8.095256 -0.1024637 -3.643784 8.284759 15.39896 1.584693 0.6136205 0.0002729131 0.4646765 0.1324359 0.9200199 0.5916969 0.3058505 0.03897273 0.6196896 0.3096864 0.4085416 0.3920365 0.4350561 35.55512 9.853269 2.236931 18.25133
-4.625643 -1.295748 -5.933517 -8.157333 1.333024 -9.246779 5.060783 9.512266 3.716499 0.8401939 0.0005142631 0.4547455 0.2277771 0.1075238 0.8888588 0.5687748 0.4454652 0.2760229 0.7761814 0.3349639 0.04807363 0.6117131 31.28849 1.336283 2.092578 9.7907
-3.980837 -5.319606 -1.484761 -9.258011 1.419713 -0.3132618 4.675261 6.792715 6.799918 0.3570425 0.000330559 0.3521348 0.3729592 0.6256639 0.08209904 0.6298264 0.5433667 0.3960704 0.060035 0.6851545 0.1445773 0.5808752 37.87516 0.8434535 2.377148 4.12735
-4.548063 -3.894399 -4.415797 -9.396158 0.137886 -3.963969 7.878909 14.13527 7.107709 0.3816856 0.0009268971 0.1033133 0.5889422 0.9748645 0.380187 0.6405633 0.09217547 0.3414242 0.1842664 0.242799 0.1997151 0.7301402 27.63201 5.79363 1.782862 12.86878
-4.377404 -4.34336 -3.029912 -8.530568 1.581648 -4.518261 7.996165 10.48987 5.466484 0.1814933 0.0004013686 0.5762254 0.2940882 0.2023227 0.6789908 0.7148304 0.7718648 0.6836473 0.4694071 0.7269263 0.6508909 0.9499037 39.49287 5.643431 2.829791 14.40017
-4.249301 -5.032075 -3.941806 -9.314521 2.394835 -4.399935 9.171885 15.9135 4.08265 0.7022898 0.0004268963 0.276906 0.1567873 0.1963747 0.7568534 0.4797261 0.993321 0.4598954 0.07291783 0.3141886 0.464391 0.7189294 39.74862 9.360748 2.694675 18.97781
-4.3384 -2.588357 -4.736734 -7.30379 0.1713215 -4.406948 5.767927 13.46969 3.593384 0.6701672 0.0005207317 0.4617479 0.06089669 0.3367028 0.7886385 0.5301379 0.1433004 0.6796907 0.246028 0.1244486 0.7887035 0.7776051 44.65579 6.679334 2.657989 13.66793
-4.18427 -5.310526 -2.628115 -8.512851 1.215562 -0.7848464 5.355732 15.12802 9.953102 0.6566838 0.0002669615 0.7405941 0.8219612 0.9341371 0.5831024 0.4156155 0.3631743 0.1997938 0.1413301 0.3697102 0.8613653 0.4849594 43.00609 7.859566 2.610954 4.122517
-4.288984 -2.710981 -5.740095 -9.203968 0.3241936 -1.48662 7.601286 10.64193 5.86591 0.1592371 0.0002707008 0.2492203 0.3088023 0.1708256 0.5581609 0.5971794 0.3844177 0.9033995 0.4705916 0.8316456 0.1630713 0.7458574 38.20808 1.798793 2.480445 14.6795
-3.939164 -0.8288955 -5.121199 -8.845012 0.8389603 -9.23249 5.187334 17.05501 9.111759 0.9393678 0.0003852519 0.6133081 0.9519173 0.63165 0.9929317 0.6160456 0.5698163 0.9950132 0.2235268 0.9051259 0.449075 0.8300378 39.45565 4.455141 2.484551 19.26376
-4.410934 -3.241278 -5.0829 -8.790554 0.3093304 -5.441047 5.445426 11.17469 8.718918 0.3866332 0.0001248777 0.1025499 0.8250798 0.3081584 0.4987875 0.5285753 0.6436419 0.6409631 0.7216222 0.6069196 0.4076865 0.990307 34.15422 3.746541 2.461027 9.591516
-4.230153 -5.4874 -3.970361 -8.522847 1.423068 -8.433048 4.13286 12.71163 2.569272 0.1375691 0.0004842558 0.2307451 0.1300042 0.7933212 0.4508271 0.7142363 0.5129967 0.3545334 0.3991538 0.177329 0.4839467 0.8904628 31.91442 5.464188 2.065363 11.36399
-4.019217 -2.275243 -5.693175 -8.038438 0.5694986 -4.273783 6.230741 15.34109 8.946623 0.5269585 6.527492e-05 0.6332874 0.6867857 0.1046866 0.5461873 0.6731538 0.570988 0.233712 0.7852837 0.5025008 0.6961991 0.74665 39.51448 3.329015 2.619397 10.56699
-4.387416 -2.651226 -5.561154 -9.964947 -0.05354711 -7.7951 5.551795 11.12463 8.351789 0.1655224 0.0003321089 0.4050578 0.4643497 0.1659097 0.6627451 0.05875131 0.4176333 0.7214205 0.9271258 0.7501146 0.4619155 0.7532141 35.01719 4.921181 2.310413 11.07581
-4.521539 -1.878481 -5.09591 -8.199974 1.144704 -2.616258 8.509023 13.23261 4.586457 0.5556912 7.87779e-05 0.4090095 0.5610916 0.4397947 0.2622604 0.9099908 0.2645988 0.3437123 0.7813289 0.7261458 0.6415105 0.8523363 32.895 3.489676 2.438254 10.10165
-3.967349 -5.402221 -4.688009 -8.803596 0.08657959 -6.564192 8.848406 7.525749 2.178906 0.4382543 0.0003769627 0.08835179 0.8784869 0.5870016 0.04810809 0.9476658 0.2927782 0.4213252 0.1202934 0.6594721 0.1380493 0.5855162 32.02949 3.939484 2.21511 10.04346
-4.227264 -2.942701 -5.026639 -9.111825 0.6134996 -6.595671 6.182516 11.8053 9.759911 0.4597693 0.0003112371 0.2601756 0.9039437 0.2508198 0.8621222 0.6786598 0.008165157 0.2594471 0.1231815 0.9988931 0.333621 0.8749241 41.21181 7.386108 2.792424 9.587793
-4.133719 -3.197915 -5.428048 -9.993138 1.296057 -4.55836 7.674294 4.979421 8.213256 0.3477446 0.0007972315 0.4406072 0.5575773 0.7496132 0.6969023 0.2828798 0.8958761 0.5199614 0.1886964 0.6731216 0.1927095 0.9734008 47.87868 2.618389 3.503084 16.73769
-4.330079 -3.130977 -6.471056 -9.797397 0.8473349 -6.850245 5.526719 15.86623 2.81083 0.4809631 0.0003597868 0.0312318 0.8423591 0.04617861 0.1886608 0.6499377 0.3884943 0.8263911 0.5626427 0.01717845 0.6159683 0.4102939 29.39836 9.38056 2.023246 13.72549
-3.935498 -5.186041 -3.658078 -9.607695 0.268242 -5.151093 9.353837 15.6444 3.764654 0.5419399 0.0003479842 0.2832834 0.6377327 0.5162711 0.5173198 0.2215258 0.9448503 0.3733547 0.4498535 0.05773652 0.05249423 0.8863939 46.32729 2.638462 3.075324 7.282987
-3.711167 -6.723237 -2.844545 -9.880084 0.8379511 -8.580589 5.007163 15.06776 2.07659 0.2138844 0.000229607 0.01792408 0.7528761 0.05402823 0.512748 0.9107396 0.3079855 0.3943241 0.4292398 0.5690341 0.1893281 0.799857 29.82131 1.27238 2.061661 10.77895
-3.945179 -5.508963 -4.414306 -9.221996 1.370521 -8.57021 5.84751 7.226149 1.126815 0.3382986 0.0001173344 0.5849738 0.4082945 0.1219906 0.7027429 0.1955619 0.2900535 0.2976395 0.6185132 0.2840714 0.1928445 0.886739 41.85771 7.027372 2.467026 14.19241
-4.206732 -5.577718 -5.361655 -9.862562 0.169257 -5.509089 5.937509 13.7143 9.611794 0.8396439 0.0002629605 0.2806475 0.4444023 0.2087173 0.2166905 0.2874161 0.5001238 0.5868297 0.1722438 0.3250927 0.3523525 0.8550185 35.95414 6.225481 2.621438 12.209
-3.535286 -6.045705 -3.761489 -8.415594 1.215858 -2.983883 7.167236 4.246905 2.236309 0.8218099 0.0008277036 0.6371377 0.3048972 0.6673784 0.6137658 0.2128 0.7840639 0.4102474 0.1201648 0.5266555 0.3137085 0.7532525 28.43124 1.413142 1.952574 19.18905
-4.383576 -4.466033 -4.077866 -9.194486 2.016566 -3.53602 4.838685 10.23037 1.607955 0.4210794 0.0002684322 0.1303647 0.2425513 0.737221 0.5627033 0.1770458 0.296276 0.3509906 0.1632433 0.166854 0.204374 0.9564578 33.50841 3.302848 2.437245 18.89949
-4.474346 -2.576627 -4.242842 -9.600726 0.6254597 -7.650001 8.101836 12.76457 2.941317 0.9240493 0.000144563 0.01314828 0.5082168 0.4647147 0.2579323 0.2619134 0.5711359 0.852381 0.4676298 0.4306466 0.6367549 0.5176906 36.08707 0.7520595 2.58129 14.0787
-3.901461 -4.465119 -5.76203 -9.750173 0.03794881 -3.536567 4.347049 7.365107 1.910028 0.4239797 0.0009558772 0.509521 0.1589064 0.4994364 0.09915266 0.872332 0.6316991 0.6517477 0.04050189 0.02787078 0.4186375 0.5014373 31.25743 6.192785 2.080286 7.586966
-4.465967 -4.190865 -4.376655 -8.6578 -0.05221126 -8.033991 8.792364 16.79985 1.631287 0.4456946 0.0002125857 0.07577449 0.4853075 0.2718132 0.3495584 0.8555008 0.78344 0.4326893 0.7713232 0.06364878 0.4689709 0.8509424 36.95419 2.282174 2.369142 11.37586
-4.095859 -3.571528 -5.905666 -9.851181 2.409153 -5.991467 7.872912 15.69781 4.674344 0.8357292 0.0003525765 0.1501122 0.4369235 0.3177697 0.2770634 0.4786056 0.8464949 0.01345516 0.7015243 0.8067585 0.4722456 0.7566804 46.62841 3.434489 3.139434 17.40067
-4.407535 -4.402085 -4.693852 -8.729042 1.859191 -2.823875 8.075301 7.792317 3.753335 0.7588727 2.49221e-05 0.7676068 0.1625588 0.7787249 0.5220466 0.7596394 0.762961 0.6998806 0.2695894 0.6442438 0.5021918 0.4949421 43.87017 1.405485 2.861248 10.3938
-4.17103 -3.440891 -4.765697 -8.03537 0.8716766 -2.733021 5.494832 14.91903 3.321074 0.7825421 8.314293e-05 0.3381422 0.4549946 0.2021489 0.06403562 0.7980192 0.07359206 0.002631476 0.4132324 0.4546703 0.1300946 0.6667841 30.5609 5.415855 2.285165 9.201925
-4.182387 -3.000466 -5.361815 -9.86152 1.97615 -5.57393 9.656947 11.74779 2.813824 0.543812 0.0001462064 0.1314454 0.6689896 0.1494789 0.09112301 0.2748613 0.6109897 0.625014 0.2742348 0.4619924 0.5465617 0.7420708 37.36418 4.843413 2.314821 13.74157
-4.280107 -4.982586 -3.303592 -9.472544 2.174785 -9.605488 6.258945 6.683715 6.415466 0.3526721 0.0002661696 0.2561279 0.5695411 0.1524241 0.3954696 0.7453303 0.5289131 0.5277804 0.1056098 0.1573596 0.2591587 0.7883554 39.95037 6.754475 2.870419 10.13379
-4.006416 -3.315696 -6.035379 -8.80934 2.237655 -8.616953 6.93288 4.106252 7.521209 0.670673 0.0005764871 0.1651299 0.8166548 0.03227656 0.7328134 0.5559134 0.2704562 0.1167921 0.1786573 0.9621414 0.2235933 0.956353 36.13421 2.51881 2.401035 11.66073
-4.667317 -4.760321 -0.8651857 -8.938959 2.417784 -3.861078 5.740844 11.9629 2.616302 0.5410655 0.0001880639 0.7879963 0.1827673 0.7456351 0.1875364 0.8188939 0.2544689 0.1081832 0.6160766 0.6987197 0.06891819 0.6757766 33.21896 3.121216 2.537058 12.16011
-4.037241 -6.074975 -4.725268 -8.811451 0.7040742 -7.993385 7.409167 10.46103 6.957349 0.726069 0.0001590056 0.20066 0.2773717 0.3619432 0.9406058 0.9519123 0.933565 0.4366056 0.08619882 0.8203718 0.9797059 0.7521662 26.63388 6.977623 1.861762 13.89844
-4.099537 -3.287418 -5.733558 -9.494472 1.36702 -8.720584 6.986686 13.50661 1.784877 0.5038762 0.0005820509 0.2555999 0.6438972 0.7266693 0.01109195 0.8393697 0.8795139 0.6544896 0.357168 0.3496219 0.05750584 0.6080682 40.48604 5.704674 2.932006 14.64502
-4.17763 -2.71091 -4.900281 -8.781169 0.1711648 -0.3565758 7.55515 16.06566 5.736471 0.814081 0.0001169956 0.2398419 0.8715067 0.9378178 0.01970635 0.7124048 0.6532921 0.4150239 0.3999367 0.4803402 0.2610688 0.964231 35.60752 6.249301 2.315907 12.48679
-4.347536 -4.178245 -5.784804 -9.818841 1.786645 -2.374771 4.865789 14.13185 7.615878 0.8900531 0.000321489 0.7878531 0.6413811 0.2787941 0.4836263 0.8231875 0.1641082 0.9618311 0.6199791 0.8401237 0.9956078 0.4894636 33.22779 0.7449444 2.299481 9.317561
-4.397677 -4.734727 -3.981657 -9.199305 0.4557062 -4.377841 6.3328 4.111255 6.743255 0.5589004 0.0004843287 0.03247196 0.9155384 0.5708193 0.3770691 0.6766074 0.07845875 0.5538393 0.3362204 0.1680079 0.2917351 0.7643774 34.31895 8.10343 2.238924 9.713201
-4.430745 -1.290293 -4.961913 -9.552261 2.029611 -5.333787 7.196661 10.96058 9.51143 0.6354095 0.0003072551 0.6356867 0.1616687 0.748932 0.5318129 0.1964148 0.82141 0.2838816 0.3065105 0.04334676 0.5520809 0.9781757 40.86894 3.418105 2.665554 18.13968
-4.213075 -4.162231 -3.968881 -9.216827 1.601694 -7.703492 7.671176 9.301908 7.272903 0.3176181 0.0002486551 0.2785812 0.3458406 0.184952 0.1826474 0.07188294 0.7960366 0.1462199 0.8546353 0.502573 0.6786999 0.8846458 43.31894 7.13415 3.168242 8.767763
-4.288276 -2.140984 -5.642192 -9.432956 0.01671653 -2.296487 6.476006 11.36033 1.66429 0.1586329 0.0001909823 0.717638 0.2747445 0.669217 0.2575696 0.9178375 0.4660217 0.03064604 0.1311841 0.5031177 0.692162 0.6041286 30.91087 5.305238 2.188271 14.43924
-4.065173 -2.713089 -5.265137 -9.209507 1.808867 -4.336556 6.123179 14.14518 4.6632 0.721984 0.0001521175 0.7276089 0.5371499 0.6142404 0.5132326 0.6961181 0.5668637 0.1460886 0.1484148 0.5320045 0.3811016 0.4161028 30.08353 7.796584 2.111625 15.8514
-4.033315 -4.277427 -4.544128 -8.746141 0.3758453 -4.213712 7.678389 15.49856 1.606306 0.8000838 0.0003066329 0.5733226 0.8258922 0.6052749 0.01562118 0.5102729 0.9657367 0.04569845 0.01201662 0.01153796 0.2128775 0.8329903 33.8693 6.400034 2.494969 13.617
-4.034065 -3.370804 -5.614519 -8.251211 2.350466 -4.49842 6.255376 17.46448 7.442659 0.4864407 0.0005187129 0.3913465 0.4768697 0.4583272 0.5585621 0.1385959 0.8419453 0.5066912 0.45507 0.1483004 0.9857771 0.9807089 31.4955 0.7294846 2.12034 11.55599
-4.52567 -3.235845 -4.361099 -9.623895 0.2398897 -7.148123 8.188283 11.03095 4.289116 0.6939946 0.0002897007 0.340765 0.12859 0.2088508 0.928245 0.4545044 0.3895333 0.854945 0.2160936 0.9452838 0.2228508 0.8996999 37.41588 8.378354 2.616055 12.81419
-4.192859 -5.320036 -4.30299 -9.853658 2.076297 -0.1026417 8.897439 14.96848 1.498041 0.1364781 0.0003527291 0.09272071 0.002182651 0.8580996 0.773733 0.783708 0.8244012 0.6721339 0.2623089 0.01488726 0.845816 0.5041869 33.34042 3.803463 2.509904 11.69428
-4.447464 -1.859201 -5.217564 -8.299451 0.9652381 -4.127258 6.91603 9.957254 4.998705 0.6185993 0.000453131 0.283069 0.6937089 0.8465446 0.1945035 0.4250196 0.9118514 0.8217149 0.822288 0.1065765 0.9329043 0.8807464 43.18706 7.928497 2.709075 12.97369
-3.909307 -4.184231 -5.830192 -8.89566 2.037341 -8.016602 7.344869 5.329991 9.024739 0.3560153 0.0003219699 0.08685676 0.1474977 0.03815319 0.1708989 0.2508777 0.2807175 0.6190663 0.4972684 0.323523 0.5816174 0.7668376 39.57804 1.687041 2.434192 16.75975
-4.180164 -5.462887 -4.373672 -9.153097 0.2124108 -8.923799 9.274025 13.08142 1.312403 0.7322588 0.0003083162 0.00116476 0.8838758 0.720526 0.3327579 0.2911891 0.5337637 0.6274104 0.5851365 0.09147902 0.8879236 0.7245882 47.29223 2.983547 3.142022 14.24388
-3.793808 -2.389474 -5.994189 -9.85741 2.176962 -2.041976 7.560824 13.32658 7.718432 0.4133281 0.0008179595 0.1336119 0.9021541 0.2928151 0.05808601 0.4484142 0.2835743 0.1259487 0.2659621 0.09981376 0.4912652 0.7494432 37.26541 5.4518 2.354853 10.44963
-4.495119 -3.200357 -4.752894 -9.389355 1.607465 -6.493129 5.25873 5.033441 1.391334 0.2220716 5.484807e-05 0.01740704 0.9249449 0.5753328 0.1104682 0.5439364 0.617553 0.9708615 0.9056252 0.7418198 0.3230855 0.9823837 40.79086 8.186303 2.721369 9.389329
-4.157349 -5.128577 -4.358116 -8.996082 1.759737 -0.1166519 6.800679 14.29535 3.160871 0.9061963 0.0001573238 0.3944105 0.3958069 0.5326045 0.0620244 0.3346564 0.5576749 0.8562814 0.2739752 0.5890066 0.6484605 0.5345429 29.13161 0.08190934 2.003694 18.78888
-4.106158 -2.354765 -5.08529 -8.88227 0.8121998 -0.8772514 8.116125 9.53166 2.562814 0.3028945 0.000461388 0.488883 0.4331504 0.1161674 0.3288792 0.8059419 0.4975355 0.1769585 0.6443404 0.5785807 0.7180707 0.8889019 44.97271 4.858626 2.860883 16.07425
-4.323277 -3.018297 -4.781725 -9.370397 0.6176126 -4.007489 9.38039 8.727101 7.181494 0.7867725 0.0003858234 0.3622223 0.2801143 0.2351987 0.1483553 0.8335042 0.2183504 0.141503 0.6741593 0.9663651 0.1879942 0.9441355 33.23413 8.673405 2.268011 11.03172
-4.237925 -5.473917 -4.472797 -9.192823 1.204888 -4.444034 7.866755 9.79477 1.294486 0.587547 0.0006370605 0.121352 0.512469 0.8535774 0.2507022 0.5849551 0.8741124 0.7452744 0.8493129 0.2909737 0.8653181 0.5662834 34.459 9.263692 2.449689 14.48688
-4.660971 -4.509103 -4.284555 -8.901725 0.7949083 -6.07509 7.264438 14.54085 5.168256 0.4969117 0.0003115584 0.3180246 0.7697665 0.6823738 0.5292101 0.5690693 0.5093947 0.4001683 0.9316139 0.2986563 0.73561 0.9209536 41.61296 5.857371 2.822554 12.67428
-4.16732 -0.8232577 -3.289907 -9.645653 1.637885 -6.44561 4.886473 11.75392 5.421887 0.1279794 0.0004745309 0.1908267 0.4965093 0.803672 0.5573533 0.2659374 0.6780127 0.9212171 0.28574 0.3803598 0.7452368 0.8403546 38.72992 1.599559 2.456362 10.69944
-3.979162 -3.739776 -4.749746 -9.732291 1.594055 -6.818079 7.465115 8.516368 9.50466 0.1497714 0.0002906426 0.1823063 0.3927187 0.6276242 0.4818615 0.9656474 0.05992339 0.5289162 0.3243939 0.5022258 0.08585745 0.6821627 43.62062 0.8623276 2.913078 12.07151
-3.974511 -5.136552 -5.320551 -7.97212 2.249138 -5.961529 8.23419 8.234325 2.50679 0.7737133 0.0005876721 0.7088565 0.8473422 0.3175492 0.1083489 0.4895667 0.2532557 0.4992673 0.8773994 0.2130581 0.0558118 0.4158473 28.70124 7.708461 1.794981 16.65069
-3.994247 -2.115242 -5.861576 -8.895858 -0.1861358 -0.4839938 8.475294 9.048632 7.634532 0.060255 0.000194125 0.2852694 0.5170562 0.6460042 0.4500687 0.07586499 0.03389311 0.847889 0.1713568 0.9347514 0.2565747 0.9106764 25.8218 3.187598 1.870257 15.3045
-4.329438 -6.023112 -2.442991 -9.72556 2.46894 -1.475234 6.873542 17.385 4.307438 0.3142018 0.0006380605 0.4987496 0.25679 0.3279092 0.5018057 0.4905429 0.2097323 0.1005249 0.936484 0.8660905 0.09272098 0.9038065 41.67387 2.085155 2.66239 13.99065
-4.361648 -3.218409 -5.285593 -9.181143 1.304323 -9.311916 9.540432 12.65876 8.690504 0.8211323 0.0003590491 0.3021629 0.4680175 0.7292249 0.5087465 0.09526033 0.569287 0.7990023 0.02937719 0.5622657 0.6025715 0.8865 32.05433 6.785135 2.036312 13.61685
-4.271145 -3.498837 -3.762729 -8.538443 1.447583 -3.293188 4.667994 17.11506 6.939046 0.4096739 0.0004773432 0.01358188 0.09871695 0.1160213 0.5470714 0.2918672 0.754628 0.1372117 0.8072496 0.6223601 0.1659643 0.8866988 33.51138 3.889243 2.205067 13.12993
-4.154646 -5.490279 -3.869458 -9.332628 0.1603707 -8.8383 6.645667 12.10767 6.10625 0.8320501 0.0002972438 0.1067824 0.6687981 0.3314304 0.2133425 0.8495043 0.8598736 0.7882967 0.01164843 0.2037132 0.6977204 0.9292176 36.79725 2.410245 2.739007 14.28425
-4.33349 -5.091651 -2.727195 -8.917216 1.722491 -3.325391 5.577954 8.113941 2.711091 0.1857223 2.581376e-05 0.3901159 0.1258867 0.09057885 0.7103419 0.3580642 0.9121437 0.348444 0.2427964 0.3761336 0.2163793 0.796557 43.43917 6.31129 2.738974 13.87166
-4.329651 -1.187571 -5.704251 -8.861223 0.818037 -1.438554 8.221953 11.47619 3.917725 0.8965436 0.0004542746 0.5091834 0.1480719 0.2400032 0.0549942 0.171129 0.3456785 0.7831523 0.2059623 0.9520565 0.1013608 0.5693989 40.30733 3.363407 2.416575 19.07348
-4.203506 -6.231108 -3.628407 -8.718896 2.056595 -5.02855 7.301136 9.460019 5.145023 0.9161921 6.004873e-05 0.02218865 0.1986092 0.3696473 0.09461938 0.05646058 0.7567375 0.1683445 0.2795899 0.785921 0.1988841 0.5394134 41.88728 2.327068 3.163252 9.589034
-4.534157 -5.552208 -2.657625 -8.526267 0.6293603 -1.174497 6.615208 15.4857 1.302611 0.9021163 0.0009785011 0.6805925 0.08156688 0.5367457 0.4620312 0.2851781 0.05598899 0.263625 0.01451394 0.2661444 0.7220242 0.8575032 45.78724 3.92853 3.061386 10.67764
-4.396388 -5.760942 -4.287717 -9.873333 0.4827754 -6.291721 7.143624 7.61573 9.715223 0.8695533 0.0004501253 0.127298 0.6216466 0.7133522 0.5268384 0.1198699 0.2973793 0.6684299 0.569282 0.6458855 0.6193786 0.8135055 42.88511 7.827934 3.109416 9.956016
