2.222222 2.666667 2.666667 0 3.333333
2.783333 0 0 3.033333 0
0 2.583333 2.591667 2.666667 3.006667
0 2.445833 2.388889 3.017857 2.722222
2.466667 2.733333 0 3 0
0 0 0 0 0
0 0 0 0 0
0 0 0 0 0
0 0 0 0 0
0 0 0 0 0
0 0 0 0 0
3.25 2.555556 0 0 4
2.8 3 2.881481 3.066667 0
0 0 0 0 0
3.555556 0 0 3.166667 0
0 0 0 0 0
0 0 0 0 0
0 0 0 0 0
0 0 0 0 0
0 0 0 0 0
2.833333 3.52381 2.644444 3.2 3.553737
2.916667 2.722222 2.692857 3 2.454167
0 2.57619 3.178095 4.978102 2.76
2.5 0 2.775 3.75 2.791667
2.678571 2.5 3.666667 2.508929 2.517857
4.266667 3.392577 4.262857 4.532666 3.286667
4.618182 4.153333 4.14 4.65 3.333333
3.213333 3.695238 3.891163 3.241818 3.852941
3.266667 2.943651 3.340952 2.641667 3.241169
3.625 3.72619 5 3.10303 2.544173
0 0 3.4 2.222222 2.259259
2.666667 2.75 2.916667 3 3
0 3 2.511905 3 0
2.535714 2.285714 2.611111 2.5 2.666667
2.5 2.8 3 2.75 0
0 0 0 0 0
0 0 0 0 0
0 0 0 0 0
0 0 0 0 0
0 0 0 0 0
3.633333 2.9 4.333333 2.611111 0
4.066667 2.611111 3.333333 0 0
4 4.5 3.733333 2.866667 4.5
0 3.5 3.833333 3 3.388889
3 2.833333 3.6 0 0
0 0 0 0 0
0 0 0 0 0
0 0 0 2.666667 0
0 0 0 0 2.433333
0 0 0 0 0
0 0 2.421429 3.083333 3
2.888889 3 0 2.4 3.333333
0 0 0 3.333333 2.833333
0 3 3.055556 4.266667 3.055556
2.666667 2.666667 4 0 0
3.953333 3.321905 4.534615 3.374603 4.59
3.6 3.65 3.121905 2.966667 3.897143
3.067857 3.6 3.686667 4.57 3.633333
2.728889 4.083333 4.094444 4.186667 3.183333
3.2 3.541667 3.146667 3.75 3.149524
3.738095 3.28 3.366667 2.885714 5.2
2.712468 2.954762 3.951429 2.650794 3.475238
2.432792 3.506731 4.666667 0 4.567619
2.533333 4.333333 2.666667 3.68 4.077381
3.433333 3.766667 3.4 3.1 2.611111
0 0 2.875 3.08 3.14
0 3 0 0 0
2.774286 3.533333 0 0 3.208333
0 2.88 3.116667 3.666667 3.333333
0 3.226667 3.625 2.690476 0
0 0 0 0 0
3.333333 0 0 0 0
0 0 0 3.777778 0
0 0 0 0 0
0 0 0 0 0
0 0 0 0 0
0 0 0 0 0
0 0 0 0 0
0 0 0 0 0
0 0 0 0 0
4.8 3.5 3.133333 2.833333 4.533333
3.028571 3.166667 3.25 4.033333 3.493333
3.44 2.916667 4.933333 5.5 3.833333
2.888889 3.111111 2.593333 4.466667 4
4.86 5.466667 3.125 3.933333 3.066667
0 0 0 0 0
0 0 0 0 0
0 0 0 0 0
0 0 0 0 0
0 0 0 0 0
0 0 0 0 0
0 0 4 0 0
0 0 0 0 0
0 0 0 3 0
5 0 0 4 0
4.666287 3.726667 4.818299 3.793333 4.5
5.77584 5.442299 5.213054 6.548566 4.497619
5.08127 5.77913 5.361549 5.401113 4.203333
4.893434 6.39391 5.519744 5.222222 5.876667
5.314854 4.563939 5.917275 5.629132 5.307252
0 0 0 3 2.4
0 0 0 2.916667 0
0 0 0 0 3
0 0 0 0 0
0 0 3 0 0
0 0 0 0 3.333333
0 3 0 0 0
0 3.366667 3.666667 0 0
2.285714 0 0 0 2.666667
3.333333 0 0 0 2.666667
3.502222 3.766667 3.682857 3.777778 2.516667
3.116667 2.966667 2.813333 4 3.164286
3.375 3.722222 3.478095 3 3.013333
3 3 3.583333 3.066667 2.92
4.225 3.4 4.1 3.166667 3.296154
0 0 0 0 0
0 0 0 0 0
0 0 0 0 0
0 0 0 0 0
0 0 0 0 0
6.446843 7.711989 8.252261 4.705556 7.007246
8.064804 7.320456 6.777259 7.808417 5.372727
6.891441 7.581324 7.72986 7.345374 5.993333
8.072057 6.608879 7.773016 7.249408 3.915699
3.195027 5.964063 8.248597 6.247453 4.696823
3.666667 2.666667 3.2 2.666667 2.853333
2.826667 3 2.8 2.421429 3.241667
2.597222 2.716667 3 2.716667 2.722222
2.866667 3.166667 2.733333 3.6 3
3.353333 2.853333 3 3.726667 3
3 4.838215 4.029915 4.667124 4.689363
5.747763 3.166667 5.576228 2.797009 3.937143
5.098485 6.535697 4.28 3.887438 3.784286
7.22811 6.715435 3.618254 6.62102 5.335873
5.433288 5.533539 3.913765 4.794091 4.359042
2.958333 0 0 0 3.4
0 0 0 0 0
3.155556 0 0 3.4 2.666667
3.583333 3.24 0 3.005556 3.466667
3 2.833333 3 2.7 0
2.666667 0 2.666667 0 3
0 3 3 3.166667 0
0 0 0 2.613095 2.5
0 0 0 0 2.8
0 0 0 0 0
0 0 0 0 0
0 0 0 0 0
0 4 0 0 0
3.666667 0 0 0 0
0 0 0 0 4
3.5 4 4 5 5
0 4 3.5 0 4
4.5 4 4 5 6
4 4.75 4.333333 4.4 3.84
4 4 4 4.25 4
2.4 0 0 0 0
2.616667 2.893218 2.32619 2.4 0
0 2.641414 2.305931 0 2.611111
0 0 0 2.666667 0
2.766667 0 0 2.62 2.733333
3.5 3.82 3.5 3.666667 2.4
2.925595 2.555556 2.94 3 3.358333
3.683333 3.116667 0 2.791667 3.097143
3.74 2.833333 2.485714 3.666667 4.253333
3.248677 2.946667 3.123333 4.533333 3.78
0 0 0 3 2.309524
0 0 0 0 0
0 0 0 0 0
0 0 0 0 0
0 0 0 0 0
4.23496 5.782216 3.217885 5.252121 5.021663
3.314005 3.67963 4.013554 4.202214 3.690029
5.372274 4.81817 3.063052 3.658419 4.556264
4.773016 3.791927 0 4.632106 3.559385
4.647042 4.499099 6.359686 3.666564 5.813666
0 0 0 0 0
0 0 0 0 0
0 0 0 0 0
0 0 0 0 0
0 0 0 0 0
0 0 0 0 0
0 0 0 0 0
0 0 0 0 0
0 0 0 0 0
0 0 0 0 0
0 2.366667 0 0 0
0 2.666667 3 0 2.564444
0 3 0 4 2.285714
0 2.604444 2.285714 0 3
0 3.5 3 3 0
0 0 0 0 0
0 0 0 0 0
0 0 0 0 0
0 0 0 0 0
0 0 0 0 0
3.055556 2.541667 3.555556 0 0
0 0 2.605556 0 0
2.916667 3.777778 0 0 0
0 0 2.833333 2.541667 0
3 0 2.833333 2.916667 0
0 0 0 0 0
0 0 0 0 0
0 0 0 0 0
0 0 0 0 0
0 0 0 0 0
0 2.4 2.708333 0 3
3.066667 0 2.74 0 0
0 2.666667 0 2.744444 0
0 0 2.5 0 0
2.666667 2.4 2.7 2.6 2.825
3.333333 2.951227 3.581241 3.095238 3.732323
2.575 3.083333 2.885714 3.876863 3.369206
2.722222 0 0 2.779762 2.619048
3.888889 3.166667 3.105792 3.078095 3.16381
4.259686 3.4 3.159524 3.16 3.454762
2.499697 0 0 2.893333 2.7
3.656394 2.304762 3.442792 2.566252 2.634524
2.722222 2.4 0 0 0
2.833333 2.696429 2.499394 0 2.342857
3.596071 0 0 2.522222 0
0 0 3 0 0
4 0 0 0 0
0 0 3 0 0
3.5 3 0 0 0
0 0 0 0 0
0 0 0 0 0
0 0 0 0 0
0 0 0 0 0
0 0 0 0 0
0 0 0 0 0
0 0 3 0 4.333333
2.666667 0 0 3 0
2.833333 0 0 0 0
5 4 0 0 0
0 0 0 0 0
0 0 0 0 0
0 0 0 0 0
0 0 0 0 0
0 0 0 0 0
0 0 0 0 0
0 4 3.416667 6 3
3.766667 4 3.666667 0 4.8
0 0 0 0 0
0 4 4.466667 0 3.666667
3.666667 0 0 3.2 0
3.884848 2.766667 3.244875 2.666667 2.666667
3.857143 2.857143 3.05453 3.142222 3
3.072597 2.321399 3.768571 2.962771 3.214286
2.538442 3.311111 3.148167 3.2 3.589524
3.26 2.826667 3.388235 2.936219 2.480476
0 2.555556 0 2.941732 0
0 3.228845 0 2.227273 0
2.81687 0 0 0 2.3373
0 0 0 0 0
0 2.782081 0 0 0
5.208889 3.273333 4.095238 4.433333 4.066667
4.430476 4.166667 5.12197 4.416667 4.6
0 0 0 4.375 5.166667
2.533333 2.666667 4.666667 4.165714 3.666667
2.916667 2.8 4.375 0 0
0 0 0 0 0
0 0 0 0 0
0 0 0 0 0
0 0 0 0 0
0 0 0 0 0
0 0 0 0 0
0 0 0 0 0
0 0 0 0 0
0 0 0 0 0
0 0 0 0 0
0 0 0 0 0
0 0 0 0 0
0 0 0 0 0
0 0 0 0 0
0 0 0 0 0
0 0 0 0 0
2.888889 2.437143 2.611111 2.733333 0
0 0 3.333333 0 0
0 0 2.833333 0 2.75
0 2.666667 0 0 0
4.73625 4.516869 5.496473 5.843574 3.618413
5.350832 6.261986 5.331111 4.419882 5.569474
4.290069 4.400049 3.883636 5.156078 6.086785
5.782269 4.444059 4.497274 5.956388 5.525651
5.662386 5.587011 5.529816 5.165194 5.182532
6.813022 7.566652 6.14746 7.633108 7.188684
6.743402 4.183404 6.347948 5.219487 5.717915
7.679087 7.560165 7.940935 4.422196 5.938573
6.362492 6.449524 5.942611 7.757275 7.191745
4.895086 6.244285 8.031233 6.576896 7.299555
0 0 0 0 0
0 0 0 0 0
0 0 0 0 0
0 0 0 0 0
0 0 0 0 0
0 0 0 0 0
0 0 0 0 0
0 0 0 0 0
0 0 0 0 0
0 0 0 0 0
3.333333 2.666667 4.111111 2.666667 3.111111
2.583333 4 3.166667 2.8 3.333333
2.666667 2.833333 3.208333 2.722222 0
4.616667 2.777778 4 3.583333 4.666667
3.5 0 4.571429 0 3.74
4.477537 6.802022 7.377656 5.849639 6.683823
6.177944 6.714074 6.325712 7.901523 4.566406
6.657829 6.165476 5.7 6.300606 3.661774
4.844867 9.790141 7.541362 6.492172 7.154919
6.958113 6.881702 4.555152 5.983659 5.980653
0 0 3 0 0
0 0 0 0 0
0 0 0 0 0
0 0 0 0 0
0 0 0 0 0
2.571429 0 0 2.576094 0
0 2.470588 4.067897 3.10556 0
0 3.030255 0 0 0
0 2.523077 3.02381 2.802374 0
0 2.970516 0 2.409524 0
0 2.277778 0 2.392857 0
0 0 0 0 0
0 2.397143 0 0 2.118581
2.290909 2.5 0 2.5 2.221284
0 2.333333 0 0 2.117647
4.666667 3.7 3.38 3.222222 5.125
4.333333 3.666667 4.25 3.416667 4.5
4.6 6 0 4.555556 4.5
3.666667 5 4.333333 5.083333 4
4.5 6 0 4.773333 6.666667
0 0 0 0 0
0 0 0 0 0
0 0 0 0 0
0 0 0 0 0
0 0 0 0 0
0 0 0 0 0
0 0 0 0 0
0 0 0 0 0
0 0 0 0 0
0 0 0 0 0
3.50303 2.4 3 3.666667 2.666667
0 3.666667 2.611111 0 2.666667
0 0 0 2.7 2.875
3.066667 0 3 0 3.158333
2.333333 2.454762 3.25 2.45 0
0 0 0 0 0
0 0 0 0 0
0 0 0 0 0
0 0 0 0 0
0 0 0 0 0
0 0 0 0 2.333333
2.2 0 2.259286 0 2.421429
0 2.30084 0 0 0
2.236111 0 2.285714 2.225397 0
0 0 2.467143 0 2.166667
0 0 0 0 0
0 0 0 0 0
0 0 0 0 0
0 0 0 0 0
0 0 0 0 0
0 0 0 2.5 0
0 0 0 0 0
0 0 0 0 0
0 0 0 0 0
0 0 0 0 0
0 2.944444 0 0 0
0 0 0 0 2.5
0 0 0 0 0
0 0 3.147526 3.487632 0
0 0 0 2.858235 0
0 0 0 0 0
0 0 0 0 0
0 0 0 0 0
0 0 0 0 0
0 0 0 0 0
0 0 0 0 0
0 0 2.5 0 2.4
0 2.646667 0 0 0
0 2.522222 2.333333 0 2.5
0 2.666667 2.666667 0 2.666667
0 2.961905 2.9 2.845714 4.047692
3 2.666667 3.013333 6.33586 3.466667
3.992878 3.246667 2.822078 3.4 4.666667
3.025657 4.934163 3.053333 3.382381 3
3.533333 2.773241 3.133333 4.906667 3
0 2.543651 2.710519 0 2.5
2.5 0 0 2.75 0
2.725 2.566667 0 3 2.666667
2.5 2.412698 2.285714 2.325 2.634921
0 2.471429 3 2.583333 2.5
0 0 2.666667 0 0
3 2.666667 0 2.5 0
2.666667 3 0 0 0
0 0 3 0 0
0 0 3 0 0
3.131702 2.907186 4.235714 4.168182 2.449206
4.133968 2.591486 3.52 2.45 2.4
6.121998 2.555556 2.333333 2.5 2.423419
3.592381 3.206061 0 2.604167 4.607716
2.888889 0 2.853333 5.042424 2.311111
0 0 2.133333 0 2.479654
2.666667 0 2.452308 0 0
2.238095 2.5 2.666667 2.674359 2.142857
2.125 0 2.444444 2.645022 2.542857
2.277778 2.117647 2.75 2.285714 2.090909
3.15 4 0 3 3.833333
3.016667 4 0 2.662393 3.5
2.888889 3.566667 3.5 3.6 2.833333
4 3.5 3.222222 3.166667 3
3.25 3.75 3.555556 3 3.36
2.243305 2.224305 2.2 2.666667 0
2.666667 0 0 2.242857 2.289484
2.507937 0 0 2.245238 2.222222
2.5 2.488095 2.575 2.352381 0
2.333333 0 0 0 0
3.930159 3.1 4.679175 3.113333 3.874185
3.345348 3.247924 3.561943 4.016364 3.861905
3.687619 3.033333 3.183333 4.066667 2.85
3 0 4.7364 2.834127 0
3.111111 4.583333 4.5 4.873333 3.15066
0 2.688889 0 0 0
2.666667 2.301587 2.5 0 0
0 0 0 2.285714 0
0 0 0 0 0
2.437143 0 0 0 0
0 0 2.666667 3.3 3.033333
2.875 0 3.2 0 3.066667
3.25 3.066667 3.555556 0 0
3 2.666667 4.5 0 0
2.833333 3.466667 3.166667 3.583333 0
3 0 0 2.25 0
0 2.666667 3 3 0
0 0 3 3.083333 0
2.75 2.333333 2.666667 0 0
2.285714 0 2.75 0 0
0 0 0 0 0
0 0 0 0 0
0 0 0 0 0
0 0 0 0 0
0 0 0 0 0
2.666667 2.285714 0 3.122222 5
0 2.733333 0 2.533333 3.044444
0 0 0 2.8 3.055556
0 0 3.2 2.775 2.755556
0 2.333333 0 2.833333 0
0 2.242857 2.9 2.866667 2.396429
0 0 0 0 0
2.546667 2.583333 0 3 0
2.373016 2.333333 2.388889 0 0
0 2.447222 2.311111 0 2.654762
0 0 0 0 0
0 0 0 0 0
0 0 0 2.666667 2.5
0 0 0 2.666667 0
0 0 0 0 0
0 0 0 0 0
0 0 0 0 0
0 0 0 0 0
0 0 0 0 0
0 0 0 0 0
2.309524 2.9 2.833333 2.666667 2.766234
3.555556 0 0 2.4 3.333333
0 2.666667 3.111111 3 2.973333
0 0 2.333333 3 2.737778
2.4 0 0 0 0
5.150364 5.314898 6.562964 7.177672 4.06115
5.837701 6.541523 5.910363 5.305371 5.98345
5.396667 6.511636 6.26719 6.220313 5.616471
4.759924 6.656915 5.384848 7.496578 5.410018
5.423606 4.391042 5.531111 5.059524 5.584016
3.104429 4.542857 4.937143 3.857143 3.63
3.214286 3.393651 3.085657 3.825253 5.266667
3.617619 5.013333 4.6 4.6 4.533333
3.913333 3.82 3.886667 5 5.128571
4.049697 4.15 4.012405 4.36 4.693419
3 3 3 2.4 3
0 4 0 0 2.6
2.666667 3 2.785714 0 3.166667
3 0 0 0 0
3.111429 2.366667 2.625 2.666667 0
0 0 0 0 0
2.666667 0 0 2.466667 0
2.666667 0 2.261111 2.4 0
2.583333 0 2.447619 0 0
2.611111 2.666667 0 0 0
2.666667 0 0 0 0
0 2.666667 0 0 0
0 0 0 0 0
0 0 0 0 0
0 0 0 0 0
5 4 5.75 5 5.333333
5 3.666667 5.2 4.75 6
7 5.333333 5.2 6 6.666667
4.8 6.5 7.5 6 5
6 5 4 4 5
0 0 0 0 0
0 0 0 0 0
0 0 0 0 0
0 0 0 0 0
0 0 0 0 0
