4.884079
6.365038
6.836776
1.681816
1.537785
1.119598
4.872213
5.622263
4.222338
2.759603
4.236495
8.718904
6.677497
3.276708
10.92215
1.132662
0.4748087
2.097785
1.538074
9.534266
4.253566
0.5051113
0.951283
1.634419
0.5054988
0.9286973
3.493387
11.39729
1.762328
5.758266
4.037991
5.943562
1.67817
2.607098
1.887104
1.115906
1.463183
2.366366
0.3500967
1.057764
2.15873
0.6023333
1.253433
2.061438
2.757888
1.254769
4.129387
8.061801
6.733377
5.487742
0.7281537
1.200832
1.02365
0.6334155
3.091528
0.619889
0.4706444
5.489444
3.781439
4.778649
0.6745948
2.086036
5.129338
1.362175
8.732826
1.388404
4.387599
5.914341
2.805395
8.587185
10.98666
11.93126
9.654738
11.56171
2.059516
1.95916
1.307914
3.243902
4.237822
0.6382084
0.7949097
1.232139
0.4980349
8.159647
1.791647
2.182961
11.0781
6.203842
5.222638
6.737034
1.475275
6.607839
10.94703
3.510086
2.443304
5.624542
4.537127
1.866954
6.370601
12.98248
0.7088597
3.24365
1.287986
1.265934
2.091286
1.171443
7.806132
0.5700407
0.6023352
1.637301
1.733545
4.075562
0.5446174
0.8723205
0.3476987
6.566641
2.672063
5.088803
0.4482501
1.141073
3.181588
12.27576
1.017797
3.034497
6.816159
4.95776
6.32147
2.969865
0.8244578
6.538336
3.560194
1.178429
0.4427885
0.5122893
1.766342
5.427765
2.881217
1.158329
0.7881979
0.4169686
0.5105066
2.07198
1.174405
0.4997068
0.5479276
0.5787361
0.5419645
2.883822
0.9963946
1.498677
12.52032
0.3828106
6.537388
3.452506
2.925444
7.992748
6.212219
1.444315
3.448842
2.288249
9.419889
2.820686
9.059543
0.9180834
2.906145
0.7225194
2.008275
9.502917
4.396434
5.309914
4.313964
2.379602
9.335681
0.6662777
0.4467187
12.30031
1.705661
1.567176
5.083795
6.376154
4.520555
9.194458
3.328055
1.568184
7.683787
11.70424
2.896784
4.769165
5.67927
5.478493
0.6655642
1.878283
1.482052
0.5695247
0.8761762
3.672143
0.3657259
11.0795
0.3718568
0.3299316
0.4325414
1.362844
0.7646135
1.754474
1.311632
1.167829
2.646683
4.443005
1.196083
0.9455768
0.44816
0.6338051
0.4218876
0.4313719
0.6687078
0.9409482
1.621284
0.3458881
0.5663531
1.295645
0.6998743
1.742904
2.015002
0.8441301
2.566199
1.679437
0.8391469
9.037588
0.6398115
1.154204
0.4033657
2.360608
5.751364
1.333598
2.689935
8.395492
1.083312
10.65872
1.948287
0.6072579
2.448213
3.569919
1.146655
4.382065
10.39573
5.257564
3.72872
5.410748
12.19498
0.9610813
3.273948
1.987649
0.8694822
1.139488
0.6580968
0.7216186
0.784522
1.064911
0.5796823
0.4882122
0.424546
0.7146085
3.407298
1.417077
0.6257032
0.5753482
1.699698
0.6198472
0.3644193
1.979813
1.437299
0.5027139
0.7010306
4.429744
0.9384558
1.084906
0.9920172
0.6886632
0.8979749
1.29783
3.058395
0.411485
2.430074
8.349594
0.5513682
1.324228
1.091121
0.3397138
2.510622
1.840954
0.9278617
3.410899
2.557611
6.122521
2.269431
12.64768
1.73117
1.91117
1.974498
1.575729
4.411678
4.158579
7.56036
0.5574578
1.614874
8.710973
2.698424
1.622514
9.36183
1.033842
2.746465
3.624706
1.072048
3.164166
6.775497
0.819133
0.8568658
9.229368
12.87565
3.514994
1.631037
1.639323
1.416997
1.686324
1.038254
1.471867
8.823126
1.804814
4.381091
1.143194
0.5386147
6.339179
0.8731409
7.953216
0.3355244
0.7520784
3.059756
0.9844089
2.824566
1.697815
4.344375
6.677065
0.3757824
3.501724
0.5949349
1.072519
0.8129822
7.231039
3.117349
2.705
5.154777
8.099459
1.019832
3.235864
0.474394
8.3284
4.623524
3.076522
0.5216763
1.067976
0.811053
2.051833
1.246841
5.369447
0.3396377
5.330287
2.498207
1.293416
1.044361
0.9889081
4.335579
1.070661
1.070702
0.5716654
1.349588
3.164499
0.9016442
1.626079
1.317968
1.502046
0.5222829
5.208302
0.4895384
0.7718175
0.9394844
7.797557
1.526507
0.4336204
0.4005026
0.653451
1.034614
3.672705
1.945441
9.160673
0.3715262
2.972941
2.401676
4.172249
0.3681901
2.408304
9.753571
3.92107
8.382616
2.165164
4.61299
6.490529
3.062026
0.3362074
0.9622553
0.8335849
1.784766
2.973291
9.3595
1.299151
5.725537
2.019107
3.064216
7.03936
1.410423
3.455137
3.646649
1.520162
3.702971
2.842675
0.5082374
2.308644
3.560507
3.593573
1.728795
5.150488
0.7969137
2.578426
0.4085646
1.288427
1.314333
0.6061235
2.233245
3.340023
1.466959
1.459317
6.067921
3.845833
2.181364
0.9307282
0.552869
4.022225
0.4978676
6.6865
9.425974
0.9199633
2.053584
2.099602
2.89467
7.641889
1.111671
6.119927
1.392544
2.477219
0.8760474
9.075863
1.79432
4.564111
6.780509
5.748969
2.990278
2.316697
5.730683
2.39194
4.806234
10.79076
5.454174
8.133076
3.744329
12.0463
0.3886795
1.639593
10.19665
0.4806966
3.543271
1.285632
3.924105
4.290983
6.829331
3.562842
1.336365
4.413624
5.418268
5.448049
1.352607
10.59418
1.827371
1.66468
5.4894
7.926889
1.852773
3.579942
3.970022
4.096197
1.352955
1.402711
8.385447
2.175087
0.5618564
1.513833
0.8990554
5.611366
1.527505
6.91568
1.627814
2.41926
0.5982271
1.894265
6.560242
1.889971
1.714204
1.99592
6.254061
0.5826797
0.4690633
1.293721
0.4397066
11.65122
1.876723
0.5415882
2.909016
10.43974
1.775234
6.035443
1.277434
5.393648
4.588683
3.691915
3.702808
0.5948884
8.794535
1.149919
5.317054
1.969092
4.351206
4.911778
1.258241
0.7420099
1.111276
3.403626
5.1841
3.890804
11.22323
2.415528
1.902189
10.62596
6.544427
2.716319
2.964164
9.148499
7.310364
8.25158
2.026298
8.293429
1.115965
0.5190844
2.99637
4.75998
11.17314
2.885922
2.289833
1.010219
2.190641
3.12736
0.6797109
1.101558
4.672847
0.3331936
7.950727
4.973525
0.4867361
5.865988
0.5710929
0.8923825
1.417433
10.47602
1.895125
4.148216
2.560353
8.323867
0.8131603
8.028911
2.502829
10.76325
2.623708
1.85002
0.5800213
1.14486
2.496205
7.974972
4.979003
3.670667
2.875328
1.024175
2.627648
1.512209
3.863601
0.7316962
3.813432
6.155529
7.589841
8.760215
2.532157
1.601856
3.223888
2.174554
4.01748
0.6357049
1.428294
4.628673
2.15456
1.919369
8.019948
6.28067
0.6939822
3.150977
5.278764
1.68847
10.37882
1.716953
0.7553636
11.97682
4.929119
1.137088
0.8235018
0.4000249
4.060528
6.245464
2.254447
8.745764
0.8731986
11.4756
1.148404
1.910955
7.871785
4.162568
2.38812
1.215837
3.403511
3.552841
11.78006
1.959773
5.02312
0.8245941
1.488374
0.3443139
0.4020431
0.3842432
0.8860843
2.114582
0.531726
5.422714
0.9270315
2.927076
2.003379
1.593374
0.9823985
0.757383
0.5945081
1.623512
1.041631
5.399793
0.7713236
2.249564
0.7272042
0.4079656
6.204405
2.25783
6.822867
5.921615
2.496058
6.954285
4.850036
2.979842
2.795811
5.252826
1.070264
7.09477
2.061761
1.331119
0.7110763
5.15336
4.143147
8.86901
9.213909
4.307667
1.366597
1.13257
0.6480793
3.65054
0.4340864
1.065374
2.702815
0.3847299
0.6363251
5.353923
1.334034
12.37896
3.080826
0.4925166
0.6526744
2.825729
1.057973
8.610205
3.499219
10.52727
0.478607
0.4096172
1.072239
2.082507
8.60645
6.466792
0.6674152
2.255913
1.385076
5.600633
1.986739
7.844954
1.120361
3.715177
3.166984
10.12832
4.157845
4.633315
2.307998
2.158951
3.718754
6.686848
2.079786
12.34509
0.5785559
9.960381
2.066466
1.25342
1.83475
0.3438852
9.504246
7.336138
1.468802
0.7563891
2.221954
0.3238657
1.359311
0.6255846
1.972044
2.512998
2.02864
4.163524
0.4773519
0.6926681
1.624341
0.719057
2.242347
0.954949
2.534062
3.638648
7.347934
2.971918
2.697728
3.20316
1.268199
0.9630085
1.779731
1.977708
0.6449382
0.7316104
0.8256128
0.9072314
2.316622
3.244123
2.867802
1.660687
0.6865495
4.927483
1.004155
0.5767133
1.651174
0.6897827
0.6618299
0.638857
1.67155
2.606337
3.185002
0.8890147
0.7254257
6.552409
1.189258
3.124631
0.6170111
1.330094
1.814265
3.176886
1.673244
0.5109719
0.3847929
4.959092
0.4504451
1.813862
1.228057
2.99867
8.892812
4.667909
1.783556
1.958096
0.5251134
6.03306
5.928354
6.026017
4.161859
9.661776
2.892459
7.968923
2.669104
5.546777
2.161635
11.0884
0.5743997
1.002076
11.43129
0.9769504
0.599276
0.7476838
0.9061076
0.4872525
2.857972
2.535791
2.595978
8.195725
0.7832305
11.55477
8.103956
1.058884
3.249593
2.227182
6.309536
1.543062
0.5717745
0.9737663
2.413848
1.090354
1.82156
0.9033852
2.353919
0.3847587
2.064169
4.93194
1.967202
2.937256
3.2493
1.749802
0.8726662
2.889327
1.26655
2.644546
1.467904
4.617558
1.321637
11.59314
2.331951
0.6395703
1.844156
2.472563
1.58369
2.045623
2.52097
6.642872
0.6457916
1.986521
1.183703
1.382539
0.4462836
3.413285
1.124059
1.777493
0.531209
0.6048308
0.9495005
9.798624
3.673042
0.4138966
1.91229
8.2618
1.902156
0.7741182
6.792131
5.204056
3.200125
0.7126425
0.3834214
3.822178
0.8808946
6.614846
0.8013632
0.9236234
2.537669
3.11144
1.000115
0.5406061
4.743146
4.008615
0.56015
0.3574227
0.3930379
0.7520768
9.586047
10.89751
0.3848472
4.71537
5.086719
3.275631
0.9551832
2.071962
7.291996
2.728754
0.6388016
2.072154
4.580214
0.523371
3.625483
0.5387217
2.682245
1.449252
5.844262
3.160571
0.9581485
6.591091
4.39262
7.561913
1.758082
11.83968
1.191203
2.116561
0.4358217
4.549825
3.683601
1.383052
9.657921
0.5799014
2.393239
0.8443872
0.5318594
0.4750959
1.130723
10.28073
2.841135
1.565728
1.329963
2.384992
2.241021
6.854497
4.638385
1.474175
3.173274
2.114198
1.000557
0.3670917
6.146421
0.3988182
0.5073432
0.3835837
3.104096
4.365451
7.531789
1.165149
1.993031
8.253756
0.365482
7.4512
3.698338
2.345755
0.7948218
0.8873157
1.303271
4.417644
1.303905
1.81476
0.5353849
1.34173
5.121806
1.506875
1.2571
3.057217
1.333153
1.021194
6.754616
2.497906
1.038595
3.546806
0.7786931
0.4149635
2.209436
1.010103
2.286008
1.419743
6.626811
0.4664694
2.716649
1.333213
1.943112
6.875508
1.875208
0.9237
1.018845
1.79361
6.642882
5.24734
0.3329624
3.703128
5.281162
0.8945196
1.071843
3.022684
3.444042
2.279197
0.6323577
1.819776
2.558404
3.508539
0.574991
7.269637
0.8748037
0.3451365
0.681681
4.398019
0.5978103
6.461143
1.422918
0.5049754
2.869876
1.136488
0.4959207
2.724997
1.739338
5.773789
7.919483
1.687726
1.376959
0.3688578
1.100775
0.7303203
0.8241937
1.868387
0.5117323
2.675145
1.303034
2.457538
2.881189
0.631067
4.605162
2.059212
1.86317
4.283451
0.6800456
7.394172
0.8624553
3.397909
1.840581
1.707782
2.711713
0.6585638
0.7295139
5.475656
1.018671
3.096215
6.366697
0.4087038
0.6397956
1.663193
1.746903
3.919796
1.269407
5.818791
7.786568
10.86023
0.8804116
2.889555
0.7389079
4.19048
2.938847
5.430401
0.740137
3.374794
3.416289
9.060098
0.558858
5.280566
3.492123
1.906191
0.6298375
10.72703
0.885802
1.282976
7.234104
2.476292
2.077083
0.605328
1.409659
1.885788
7.957486
5.012609
1.716075
7.268183
3.33573
1.153676
1.347165
2.497591
3.084419
1.102732
3.373
3.510445
0.415687
5.641124
1.716305
2.660017
0.5929819
1.429465
0.3336273
0.5297861
1.282103
2.464681
2.376042
2.672967
12.39849
2.15365
4.418281
3.935385
0.8033672
1.248556
4.097726
0.4684079
1.321864
3.698834
4.273239
1.821022
1.36657
2.767179
1.082307
3.034529
4.835408
4.036495
0.4349995
2.753998
2.113711
2.520843
0.8198548
3.456669
1.08705
11.90838
1.059579
3.354402
1.136829
0.679242
4.259896
1.32022
0.8382932
1.451395
3.120945
3.782962
0.3277679
2.579491
8.377424
4.139248
10.22656
0.7518078
12.41601
9.638861
11.65093
9.036477
1.024838
9.012389
1.984252
5.809396
2.598428
1.419537
5.703941
0.3436047
1.937003
0.8757576
2.16444
5.090406
5.090782
7.734619
1.303227
3.85715
12.03625
4.081257
5.762311
8.83472
3.667483
0.5171142
3.847917
0.324577
1.921175
3.232188
3.846159
2.634414
0.638724
0.4181882
1.095824
1.384826
1.278025
5.594928
4.874897
6.168817
2.416493
4.367755
11.39927
3.631234
1.663941
4.514552
11.59222
6.449526
9.000714
1.222693
1.863247
6.929811
4.17001
1.042759
8.521224
1.200809
4.483078
5.739203
1.720548
1.191172
2.222581
1.798475
0.4735446
3.382023
4.282685
1.48663
3.393134
1.832533
1.165119
7.594124
0.3498123
1.130403
6.368049
4.443091
1.071085
1.040565
0.4429542
0.966975
0.8430868
1.029439
7.449743
1.077824
1.22068
0.4964862
1.872097
1.528591
2.016532
0.3466431
3.45183
0.6489784
2.04505
0.3499217
0.7630794
7.545212
3.086924
0.4773702
4.649682
2.177672
3.920576
2.129026
2.068665
2.665938
2.067478
2.918752
6.887225
1.955709
3.321844
0.6969842
1.732011
0.3968879
0.6178977
0.6852905
1.672976
9.615749
1.065608
5.215285
1.510507
8.754383
7.242241
10.90125
0.5362522
2.051422
1.279209
4.094218
2.316149
0.3285704
8.804481
6.368512
2.057232
3.968462
3.151614
5.666203
0.4948528
3.885693
0.4235947
3.959824
1.444986
1.045209
2.355943
0.8588343
4.090038
1.529316
0.941707
1.35897
0.564809
4.997781
1.07117
4.533903
2.309802
9.01015
0.3553132
11.2981
5.925339
1.750283
3.87953
7.255086
5.683868
1.367572
4.772802
2.076078
1.344593
2.520166
1.474112
3.93637
2.471933
11.09955
7.272876
4.919637
3.552461
1.251868
1.756852
0.4905965
2.044608
0.3239777
0.5020738
2.154061
5.45761
2.048911
1.503695
1.514633
4.972583
1.805912
1.217929
1.124948
2.732356
0.8705789
8.883418
0.6751375
0.3663624
1.494046
2.423951
1.809315
3.765963
3.24793
8.753479
5.039068
1.478316
2.195709
1.772809
1.165144
8.697891
7.973953
3.017101
2.730595
5.651427
5.994117
4.353534
2.866441
5.069935
0.5634611
5.021597
0.3242708
0.9998773
3.0192
8.392048
0.5142517
1.286256
1.077031
0.4577241
1.188856
5.611231
2.654719
2.475708
0.8446317
0.6144805
1.817663
2.854674
8.755797
1.09738
5.61427
1.491722
6.975983
0.9368345
0.58316
0.5579151
0.5996223
3.08561
1.210455
3.921908
0.5989218
0.617357
1.7348
5.058333
1.415741
2.349391
0.9219316
0.566544
2.840752
6.04842
0.9717365
1.58984
0.8542689
0.5123539
0.906913
0.4076922
0.6555333
4.202854
0.4644093
1.323809
0.5560265
1.823898
3.690372
1.808422
3.935803
1.850781
9.606471
0.3471472
2.994666
4.030102
11.50406
5.696436
3.757455
5.364195
0.708874
1.237912
5.804531
10.14104
2.423165
3.768923
7.158432
1.938523
7.146274
1.367259
7.036155
1.911578
7.911548
1.219104
4.507017
0.9455352
6.523935
0.9662907
0.6455925
2.930282
9.128897
4.662344
2.336108
9.041507
1.762235
3.759049
5.981228
3.263917
0.8164503
5.23426
2.268208
2.189011
2.554849
4.070109
10.28433
2.842862
0.4074621
7.08225
10.84962
0.4322774
0.893079
2.053014
0.7505761
4.32832
7.310251
0.9773826
0.8351763
2.693058
1.368661
3.311825
5.379134
2.811934
6.419351
2.956478
8.084843
2.196626
7.89287
2.861426
9.059469
6.26542
3.693853
2.130089
10.87654
0.4113968
2.286546
0.4177294
2.086766
2.696063
0.6602635
10.30061
9.212966
2.907715
7.472757
4.102834
3.999436
2.787931
5.397759
3.331015
0.948172
2.516065
2.171726
0.6777776
1.783889
0.4386214
0.9125268
1.855122
1.184224
1.502457
2.103349
0.8850171
2.956279
2.257198
1.104517
4.780933
5.569374
1.306292
1.234276
1.956189
3.784363
4.63874
1.514294
3.979557
0.6531138
6.601206
1.286642
1.572654
0.9549978
4.323753
0.836458
0.5900622
1.584603
3.906107
4.09638
1.91611
4.451767
5.022855
2.908294
2.251735
0.7027982
1.52632
0.7789778
0.5982514
1.493141
0.7869596
0.7481576
6.642281
1.367171
1.312884
0.9759124
0.6818244
1.286089
1.45341
3.18113
2.743952
1.834902
1.488953
2.454576
0.6506055
1.460231
4.181793
3.231541
2.009143
0.5272077
3.962556
1.354432
1.678262
1.453449
0.3531465
1.484574
0.492046
2.640061
0.6684094
1.244746
6.408831
3.88608
5.250067
1.591707
0.5475036
0.4185383
0.3928614
0.6852704
0.5441489
6.316019
1.409289
4.105697
0.7598544
0.5008864
2.70033
1.080961
0.3445239
0.5148756
2.708721
1.144299
3.305863
2.211495
0.6977362
10.71046
2.125916
0.7490068
2.291087
0.5562201
2.481297
0.7657888
1.079973
3.500661
1.497741
0.5894273
0.4279025
1.335165
1.217326
1.747781
1.048481
0.8421545
2.572736
1.026723
0.5319964
1.659519
2.048872
6.49889
1.421298
0.517754
1.301424
1.323631
3.318902
1.184563
2.759281
1.383978
5.655883
4.367173
0.6186513
6.492307
3.045744
0.8768798
3.257921
0.8500548
2.150079
0.3974922
4.492909
2.774437
2.118141
8.697927
1.739254
4.53358
2.724218
0.6858315
1.500595
4.94439
1.33577
6.941008
3.022123
0.8974565
12.21133
8.701723
9.313687
3.064862
2.418249
3.513901
1.116361
2.529877
0.9382185
3.412562
2.145365
1.089059
4.48653
0.4862083
0.6154355
1.119607
0.5868936
2.142679
3.397432
1.967776
4.622481
0.6806526
2.253809
3.347091
2.410504
2.507841
1.931441
0.3646295
6.153162
0.670048
13.01218
0.3756139
0.6308657
0.3573525
0.4025309
0.533386
1.145191
0.4960232
1.436038
0.607087
0.721704
0.7163325
0.5706539
0.9928362
1.973613
3.334689
2.386969
1.20528
1.636626
1.61394
0.6623053
3.815595
0.5202644
1.42647
0.5352979
5.841648
11.18209
0.4707637
5.837689
3.555225
3.899267
1.302032
4.408573
0.5261276
4.894377
11.50817
1.708105
1.359765
1.153165
2.917961
1.729616
8.571811
1.261673
12.96466
1.708664
13.0364
5.290956
4.965639
1.537963
0.6327137
1.789629
6.392506
2.796699
2.145705
1.091678
6.423348
3.950179
2.355527
0.432407
0.7048119
1.209357
1.859083
3.265914
1.114695
10.18526
1.504942
2.770845
4.4847
2.964963
1.512621
0.8024484
1.701362
2.788949
1.861596
2.886383
7.376066
1.361729
6.549264
0.9830239
0.9475171
0.7448945
6.892206
1.934096
2.539398
6.127499
1.589543
1.521461
1.671844
3.348495
0.3277447
6.923011
3.46026
1.579028
3.933849
6.433016
7.753731
0.6757039
9.935625
2.948131
10.11221
4.878225
0.8199738
4.528622
11.83003
1.67296
5.482733
9.18356
10.04457
0.9283483
1.921192
0.3606773
0.7605495
0.3648024
0.9733355
0.6652894
0.4932182
0.3872696
0.5326733
3.584552
3.003154
3.287168
0.9950146
1.366401
0.716938
0.7179304
1.291338
1.410047
1.870496
3.557477
1.992533
0.5102811
0.7616527
3.026445
2.075649
0.9849649
1.98672
0.3481237
4.414322
0.3259522
0.6140619
2.247984
2.522826
0.5736972
3.114936
0.7916282
0.8108808
2.072453
1.174883
2.982824
1.61979
5.911024
8.392103
4.300548
3.92802
0.9916311
2.04218
3.880535
3.316102
0.3482847
5.707598
0.3940838
6.238739
9.475373
5.783465
4.569413
0.7037943
5.249747
0.5858622
