7.588257
7.301963
5.668914
4.426424
7.315587
9.938561
5.762452
8.291569
7.909766
5.006584
5.70414
5.248272
9.484303
5.265329
8.358029
9.730299
4.069018
8.615223
4.821904
9.091949
10.90982
8.150088
7.510404
4.956515
5.665379
4.920222
6.689409
8.018827
9.841286
5.495166
9.73508
10.01508
7.467891
6.380899
4.462458
6.438567
6.290805
4.91656
5.546028
6.361982
6.301001
9.942846
8.724843
7.724613
10.25293
11.05186
7.830136
7.601902
8.538219
6.397821
12.56731
6.273318
8.453568
15.16722
7.866553
7.69292
9.223689
5.37632
6.998875
9.166314
7.67813
7.002854
7.826757
8.862451
4.795107
7.268868
9.473988
7.434422
7.254879
8.644428
7.382509
9.30309
9.116012
9.162641
7.303999
6.168193
5.320828
7.020808
7.987299
9.441142
9.152438
7.113231
6.931162
6.329448
6.954632
5.98624
6.407977
5.41862
6.009734
9.856879
10.36226
10.52136
6.024872
4.852775
8.946301
7.503445
5.861225
4.671208
9.940626
6.526371
10.40945
4.848001
8.756538
7.538591
5.736832
5.279219
5.055479
8.766434
5.059137
5.437021
7.094359
9.192982
6.271893
6.029
8.154043
11.47819
7.293463
10.70368
6.051438
4.599131
8.29067
4.250545
7.416019
8.1738
4.644488
5.449755
5.885513
5.817642
10.04439
8.718937
4.962212
10.44553
5.750152
5.95667
8.131731
4.561168
9.574129
5.33168
5.573194
8.101623
4.322583
7.165118
6.599083
7.39741
5.530434
5.543252
8.027565
7.055111
7.81974
4.626672
8.625224
6.180907
5.192052
5.122564
6.858907
9.431111
8.335151
5.898895
11.3388
8.586199
7.150723
10.84753
9.134825
7.886135
5.782528
4.784697
13.78334
9.649511
6.456441
4.761895
4.760531
8.600859
5.091198
5.236153
9.508726
12.5124
7.694152
12.80185
8.436111
6.790928
9.376793
10.58075
8.520176
6.033008
9.61706
7.888652
7.889006
11.92463
10.2421
12.28112
5.431677
9.813537
7.685059
15.42523
8.641332
13.60028
13.87769
12.3677
10.63517
6.380415
8.478457
5.80975
4.862513
4.519821
4.299824
5.779656
5.340027
12.2928
6.086557
6.243299
8.878029
8.967947
5.175547
6.317709
11.26667
5.05037
7.564104
11.79594
5.211823
5.198256
6.512051
7.44534
10.81176
8.760782
8.653183
4.842814
8.630806
7.368199
5.613317
13.56048
10.06339
6.759798
12.31302
7.025048
11.72157
6.493494
5.366921
5.378098
5.989911
8.491719
9.54261
10.2548
11.70755
12.21758
8.460829
6.170502
7.987033
8.85626
7.584137
7.598609
13.95931
8.346745
6.619086
9.818684
5.647424
7.507138
8.690072
12.48146
8.682686
6.93944
4.454749
8.734476
7.430323
10.2803
5.541895
8.47337
8.082119
8.871279
5.015342
8.882428
7.377868
7.267963
6.121369
6.144399
7.288397
7.672824
5.701678
5.135193
5.177573
7.309596
5.732839
5.181101
6.774539
7.107002
7.040428
6.089324
6.271686
5.50343
7.082376
5.33987
7.767617
5.064925
5.863774
11.3872
13.644
7.352013
5.709145
6.99096
10.37447
11.56223
11.26091
11.95139
8.054742
8.894599
5.363737
6.125138
8.342649
4.273647
7.130962
9.594602
8.568939
4.716786
10.31121
15.75567
13.55895
8.345254
9.003756
9.832024
10.10497
13.14693
13.78395
9.817718
9.410121
6.906365
8.787058
10.14596
9.669211
14.19978
15.15897
5.409905
7.527519
15.59259
8.875676
6.241976
11.1267
6.960892
10.76987
8.822179
8.768259
8.405525
5.80221
8.531631
7.178358
9.098016
6.32125
10.64264
9.440463
8.618734
9.673996
4.746102
8.056106
10.47295
5.767652
9.256389
6.294642
9.953331
8.326206
7.455884
8.207763
6.698634
13.22028
7.877987
5.787528
7.489299
8.334734
10.45825
6.328926
11.72233
7.006073
5.275065
12.0637
7.086557
8.403229
9.418732
11.97872
8.663504
7.159245
10.88432
7.38352
8.843025
6.192535
6.802996
10.8579
6.569528
11.39163
9.696004
11.04665
7.497139
6.943938
7.454885
8.753134
9.177169
5.450913
10.02192
11.83995
6.680279
5.319758
7.179044
5.268656
6.040636
7.078239
5.487597
7.7562
5.57602
6.036955
6.346833
6.745815
5.109064
7.437246
8.198395
5.818674
7.328574
8.51324
9.578589
7.505956
8.38881
5.454912
7.94553
6.73738
7.076769
5.416498
8.468957
4.31217
8.165254
8.024355
6.660972
8.916084
5.811256
10.98929
4.543511
7.995188
5.626826
10.17752
4.892515
11.20732
4.136085
7.567789
8.46145
8.319734
6.784677
8.078109
7.541273
8.060177
6.790354
16.61658
12.00854
7.243604
7.185435
8.054478
11.57835
7.702842
9.042754
10.66642
12.53247
13.78298
6.500766
6.360933
8.632206
10.26693
12.45789
6.077796
7.176027
9.450863
6.786051
5.196287
4.249898
8.089196
6.562958
11.96865
10.998
8.026751
5.309992
5.383991
4.712277
4.362855
6.124191
7.866757
11.63407
4.685023
7.830774
9.408018
6.761612
5.549817
6.405364
5.404474
5.759758
4.822824
7.606327
6.378513
6.862021
6.253715
7.876093
5.700762
8.183344
8.444042
5.699681
7.777844
15.38444
4.344581
6.456225
7.591382
6.574134
10.65655
5.287353
10.61539
8.933396
5.42194
5.608188
5.645201
7.522249
6.02288
9.525157
7.024363
4.463706
11.02063
8.428203
7.146487
8.733217
10.04791
12.15333
7.567228
5.678224
5.213779
10.0336
6.298021
5.481812
8.858404
10.83072
4.753996
8.403628
4.965596
9.448216
6.580134
4.69883
7.390811
7.073224
10.28467
9.765795
10.93177
5.132901
6.283143
4.844188
5.66726
5.110668
6.565892
5.917552
7.462907
7.610241
8.897125
8.350857
5.934264
7.782813
6.121532
7.664119
5.149256
5.684369
9.58435
9.645701
7.713451
7.822811
5.566178
6.040168
6.971469
4.806507
4.967979
9.846809
9.359284
4.871049
4.163081
8.670024
7.53859
7.167233
4.930408
7.85246
7.001885
5.229754
4.715434
4.795453
6.411883
11.8369
8.580599
7.608292
8.640375
5.343061
7.459723
7.085027
7.043869
7.148825
9.610727
6.658167
5.820385
7.779193
6.029149
7.958782
9.345349
5.271883
7.361576
11.27706
7.548253
6.350035
6.717389
6.708105
5.931757
8.950497
4.350829
6.999867
8.232102
5.455133
4.753696
8.377914
9.626472
5.731535
6.487027
6.872354
10.0178
5.449511
7.654304
6.434188
8.087865
6.902521
8.016753
8.37649
5.641219
5.893853
5.666085
6.356588
5.781287
4.084462
5.381423
10.04707
8.354666
6.709623
5.37585
4.229199
11.35112
4.482564
7.311195
11.98478
10.17261
5.467123
5.788297
6.510004
7.16044
11.47088
10.7972
5.761096
6.743731
5.758655
10.7065
4.794542
6.381268
7.85521
8.461545
7.819697
13.50618
8.808536
6.740586
10.76175
3.973221
7.40906
5.532464
8.619418
6.398368
5.974511
6.570086
4.333637
5.664201
8.159283
6.365009
8.408596
4.696169
4.488844
10.83342
9.940951
5.294219
6.463409
7.679963
6.968253
5.476247
4.449572
10.54571
8.178768
8.232368
9.213362
6.257573
7.110713
7.262731
7.006725
7.598749
8.325045
8.556171
6.274432
5.63602
6.156539
9.911476
8.288456
5.4165
5.304455
9.652943
7.97747
5.996859
10.38044
7.791171
7.438811
8.089463
8.685556
13.32548
9.089568
6.636641
8.549873
7.279769
12.02459
13.13097
10.45665
8.199627
6.395022
11.58444
11.31923
6.728549
8.407137
15.63138
6.419299
13.98261
6.803925
4.807676
5.187349
6.616416
4.732195
4.400141
7.597097
6.471181
8.823958
5.067162
5.600212
7.531788
5.54648
4.958043
4.377596
4.219191
6.581116
4.361825
4.583365
5.366903
4.612936
6.327698
11.20154
5.7631
5.482531
4.417597
5.846447
10.80133
4.963761
8.611621
8.704036
4.803344
13.13704
11.759
12.33666
7.968389
7.690747
6.884527
6.212353
6.348694
4.329875
3.968628
8.051328
10.24583
4.880501
8.38855
6.581956
4.854017
5.25731
4.912806
6.182109
4.975127
4.718914
16.71602
8.01168
5.730868
5.331026
6.531433
6.165791
10.58418
5.411159
10.53447
8.855243
8.748779
10.05472
11.93611
6.689746
8.902289
7.526322
7.686482
7.682331
8.766223
7.718758
4.525339
10.33437
7.828574
6.007732
8.98845
8.744481
6.071511
7.746985
7.067538
4.516772
5.703128
6.415534
15.4632
8.52887
12.04348
7.888657
10.30141
6.668415
8.107417
8.887311
9.536812
6.766987
5.424722
5.156579
7.066637
8.347928
6.126678
7.825254
5.206351
10.41446
6.581364
5.32524
5.23722
5.222363
4.437387
10.67231
5.301401
7.687799
11.40487
8.884579
10.96346
5.071768
11.65988
8.13725
7.945594
4.936216
9.714354
6.192756
5.007102
5.970919
6.384276
4.590412
8.335015
6.111529
5.532826
7.489351
8.72886
6.022645
5.437035
4.992811
7.075587
4.818428
7.27294
7.353809
4.094423
7.071202
5.414791
4.265895
6.922354
6.622182
5.427229
4.388143
4.873217
7.266301
5.390762
5.606598
10.83541
7.051989
7.932262
4.908783
10.35678
5.025268
5.265285
4.173047
4.523006
5.609211
7.550542
7.392918
4.905931
5.771886
9.520808
9.57096
8.258132
7.192917
5.77362
8.734063
7.857551
7.489198
5.332548
7.799056
5.73023
6.296821
8.800806
5.906114
10.85101
7.952141
6.369336
8.618868
10.15048
9.694249
13.26414
9.857458
5.968641
7.817716
8.307668
5.355479
6.043514
9.169964
5.048878
4.981924
6.572386
8.269115
7.63866
7.749707
8.590366
6.56796
7.551739
6.508112
15.59252
14.20038
15.17187
14.0791
7.242034
7.739113
8.263975
6.406766
7.709467
7.431683
10.07451
7.122677
8.864336
8.393578
11.53605
10.06107
7.898427
10.30382
5.789602
6.191721
8.481541
6.126075
7.462524
9.697875
6.744685
7.628421
8.190315
4.663939
9.259523
14.11502
8.893557
5.618717
4.364323
12.47818
5.438698
4.633647
8.748655
7.337855
6.979221
6.426084
5.423995
12.85299
6.756337
10.2402
5.734503
6.876049
10.97333
11.67675
5.509698
8.074415
9.969843
6.275911
6.487537
8.897481
7.975715
7.593398
7.041237
5.797194
4.961534
6.330935
7.409045
5.567152
6.318738
9.502372
6.854434
4.842634
6.235204
10.6827
7.500387
4.66004
8.29967
6.127514
8.235199
7.042358
6.643697
8.92434
7.351068
5.806905
6.073118
6.691939
5.553196
8.44407
6.763107
6.98927
8.334842
8.906562
8.756763
12.85791
11.01503
8.39778
5.880883
7.205508
8.632938
7.687662
7.935546
10.15918
10.83818
8.161932
6.617369
11.49404
9.60689
10.07973
11.50965
6.497446
10.69111
12.9933
7.310278
4.662741
9.069823
7.94021
7.490859
9.126825
8.846179
9.38621
7.465063
5.061878
9.628695
5.880548
6.384488
4.506019
6.245695
7.495595
6.464056
4.36645
8.658018
8.159856
6.687513
6.267662
8.183965
6.326151
7.286655
9.87946
4.818012
7.208215
5.628737
10.6987
7.202292
9.570678
7.382307
6.691285
9.571233
9.550925
7.784735
8.649492
7.332337
10.71983
7.232845
10.63232
6.181716
10.13579
7.440678
6.041444
5.352292
4.919361
9.637087
9.09901
10.92738
8.840306
11.92314
10.07755
7.710683
5.672596
7.21101
8.203012
10.04535
7.877093
11.28306
11.13377
7.693476
6.690836
10.52378
4.909747
5.361446
5.800885
5.84486
5.348865
7.101362
9.331804
7.440988
9.629808
7.162159
8.311552
8.430183
7.894029
8.112329
6.621152
6.366478
6.657891
6.632874
11.37326
4.704174
4.615005
7.625429
4.544618
4.015485
9.423585
6.874412
10.86937
3.976818
4.972412
9.649627
6.843985
6.152852
7.614135
7.559118
6.359572
11.79905
8.118213
5.640354
4.345445
13.54978
8.624021
6.177074
8.105799
7.400167
7.159711
8.994242
6.630384
6.698166
6.578204
6.264941
8.318083
6.784599
7.278372
10.49598
9.732831
8.088907
6.77331
5.765661
7.010988
8.109691
4.856667
7.953645
4.963905
6.687232
7.927948
8.703682
6.425294
6.036978
8.159955
7.539651
4.722883
6.164979
4.911304
6.249892
6.253256
6.083369
6.725618
7.524376
4.516683
5.949213
8.82893
5.661639
4.35582
4.607287
7.308964
5.699994
6.495979
6.106286
6.42367
10.7204
7.972747
5.619438
7.385754
5.173952
9.134526
7.624005
5.665764
9.226559
11.57463
9.327211
7.494164
6.589452
10.31112
8.265933
15.78221
8.314097
6.6295
8.467494
10.04351
5.881349
6.860261
10.16884
9.970877
6.967851
5.784387
6.298775
12.0737
7.499201
6.224183
6.440319
6.275398
8.243103
7.026047
7.41399
6.783316
5.157479
7.12976
4.809107
6.915482
7.96894
6.855133
8.700745
8.401081
6.075707
9.445451
8.395322
11.37187
5.430693
5.22293
5.876597
6.737311
13.68991
11.19084
6.151547
8.986998
5.673854
5.828461
7.69775
13.92344
8.051467
10.27188
5.120775
7.566161
4.870914
6.348501
5.046538
4.043813
5.81846
5.031053
5.469645
5.175583
7.898578
8.535423
4.465679
4.748354
6.423232
8.570177
7.693262
5.136485
9.802061
8.80584
4.888991
9.84437
10.84553
10.3338
7.46168
9.070229
9.074695
10.56086
5.229345
12.43876
6.014832
11.21438
5.893044
10.24729
5.681403
8.30197
4.527902
6.876753
8.136091
6.243371
5.544289
5.455316
10.89452
7.241938
11.10941
6.445717
12.93255
4.471979
6.100214
6.874962
13.33363
8.037535
11.89531
4.646317
9.195232
11.87586
14.31022
13.9566
9.578858
7.428287
13.51119
10.09173
7.781215
8.959061
15.94848
8.040038
10.62999
7.947497
7.668047
6.843809
9.724675
6.532452
11.85999
8.081775
8.36645
12.58621
4.983356
4.648546
7.919974
7.265701
5.173605
6.384285
5.412422
4.958515
5.960986
12.56162
7.753147
5.38014
4.512261
8.55752
10.64825
5.341787
5.973636
11.91752
5.575013
4.83132
5.254299
7.845192
5.4654
7.171266
9.201758
4.810959
4.909108
6.828259
6.017214
5.39126
4.63092
5.757022
5.368494
7.535766
4.499057
5.020313
7.039661
7.730366
9.136538
9.040307
8.625068
6.161008
9.18017
7.956691
6.18489
11.38202
6.86619
6.489322
7.683427
8.487209
5.711606
12.15932
6.903379
5.190388
6.50384
12.93375
10.25069
6.422899
5.738103
9.269976
6.503449
8.139558
8.749849
8.432933
6.018302
11.91262
13.83968
5.927173
9.777092
7.653056
8.263101
5.547755
13.15569
5.629771
6.953149
6.752847
8.226646
5.255577
12.49566
13.91373
13.15127
13.2032
7.010279
10.93071
6.386708
6.878967
10.3251
8.679473
6.487278
11.83169
8.972611
7.372681
6.547409
5.782137
7.208619
7.690215
6.634592
10.4069
5.572586
6.458361
9.443114
5.086394
7.240324
9.159723
7.669615
6.35889
8.158859
6.399655
11.55471
6.575424
6.81933
4.050757
6.283994
6.962439
11.55629
10.70065
8.117458
7.182658
6.200703
7.731428
8.226408
8.938729
8.987419
4.81296
6.421288
11.83617
8.663166
8.729779
8.918349
8.61671
8.114754
7.428337
7.409913
10.6297
5.994398
5.264749
7.679656
9.04721
7.301834
4.260834
6.057787
9.747098
5.956195
12.75321
5.936937
11.12453
10.76399
12.80797
4.780183
5.093328
9.443088
8.879322
8.542889
5.3957
4.209669
5.452305
6.020249
4.836743
7.570061
4.176891
4.729108
7.745706
6.958702
4.583762
7.223206
3.963471
4.133602
5.167653
6.601014
7.991682
5.926629
4.551642
5.017684
11.16336
5.941199
8.144415
10.73221
7.124712
12.32513
7.893083
7.944609
7.441976
5.950413
12.39661
12.35822
7.756801
4.033754
5.744012
5.321419
6.327503
4.701682
6.253693
8.504508
5.863429
8.103447
9.17041
8.577023
4.83224
4.959428
7.359208
4.791607
4.271314
8.4835
8.964642
4.996242
6.092259
8.487411
5.00531
5.441376
4.243855
5.020401
7.806651
5.028104
6.531662
4.177622
6.65621
6.558207
6.229793
7.283626
6.054207
5.628692
7.703955
5.346284
5.484864
5.447542
5.048454
9.848012
8.663677
6.515322
5.970376
10.24499
11.31582
7.046083
8.00285
9.170382
6.216901
7.878377
7.558164
5.892355
4.448077
8.602901
6.319853
4.317426
8.01488
4.633045
14.49766
8.437479
10.37519
10.55243
5.118833
5.563974
6.565045
8.073694
6.665552
6.77089
8.835648
6.666289
5.287521
5.24971
6.330119
5.63627
6.480795
7.595431
8.882372
7.394947
5.732039
4.722306
9.613072
9.749507
6.914221
7.467101
6.833259
10.85102
8.210229
5.9568
10.01121
13.19492
6.799019
7.286943
6.561695
6.831469
7.744703
9.667778
10.79104
12.42334
6.515437
9.864062
4.310257
6.586692
5.292598
8.081382
12.59539
4.059822
13.2829
6.488713
6.171132
11.02606
7.833251
7.292546
8.097297
4.410504
5.234723
9.169657
5.998541
9.227716
8.200447
6.104975
6.21666
5.384968
8.306156
5.225786
6.392655
10.61059
6.225089
4.676123
6.265704
4.973967
10.51574
9.135283
7.035689
6.140186
10.63491
5.813866
4.400815
5.439923
4.319445
5.358542
8.105071
7.080466
8.275361
9.294109
5.798708
8.308295
6.80776
7.98156
8.697355
6.798987
7.996432
6.043178
6.817697
7.242286
7.230395
6.95439
4.771645
8.498638
6.793089
10.86033
5.725426
5.68197
7.120694
12.02653
4.200406
11.22437
12.4785
8.134264
9.748142
8.255844
9.685948
6.842933
6.116214
6.736607
6.965986
4.096147
8.664802
9.420976
8.605905
12.18065
5.431032
6.395069
4.674431
4.522946
11.41382
7.795171
9.148063
8.910377
8.18182
8.72366
8.203671
5.593804
9.309254
7.80037
7.660214
5.132472
6.721908
5.878177
10.25567
5.188512
9.61073
4.441349
4.398726
12.13111
7.35256
6.21695
5.987562
12.24037
6.322587
5.551841
13.4518
6.420511
7.361311
10.00405
8.424494
13.43447
12.3399
13.49726
11.27939
8.233603
12.1126
5.286212
11.03993
7.549979
8.296398
16.11768
9.985223
6.943771
8.216975
5.688672
14.46426
11.53514
7.229887
6.438814
8.130921
11.78654
10.25418
8.312385
8.691938
8.810694
6.790217
6.43171
6.540542
5.184362
5.424685
4.56869
5.968807
7.677262
4.904269
4.403464
5.7782
7.7335
7.82538
6.616651
7.480426
4.940611
4.790136
5.306364
5.400977
4.437557
4.379053
5.314143
6.555078
4.421075
7.841521
13.31438
5.542847
6.121389
5.812005
13.17798
11.54127
7.426558
9.701615
5.331585
12.09098
8.088732
12.62916
5.033772
5.774171
9.271808
5.988
5.789174
7.164627
9.31665
4.509586
6.117802
5.923895
9.439437
8.861495
8.330375
7.227775
6.925445
5.278428
7.544049
9.363624
8.499664
7.376663
5.902162
5.82318
10.05078
7.653977
6.85675
9.277482
6.810696
7.221591
8.354959
5.740276
6.579016
6.227624
13.71028
8.221178
8.281287
7.822864
11.03224
8.417932
5.489493
6.033896
7.484139
4.777526
7.694033
9.04648
5.517146
6.972989
3.982987
6.149539
9.745203
7.552969
7.518799
5.323176
4.121277
7.320061
4.675442
8.473119
4.613105
7.172315
6.424007
6.412953
4.481893
10.59389
8.1983
5.086903
9.113216
9.090829
6.844401
7.728286
7.026551
6.788542
8.477306
8.423865
7.073833
6.001808
11.085
7.297958
8.484884
9.671231
12.60586
8.082993
9.620293
8.303654
7.546028
7.018552
