22.69677
17.68979
18.82528
21.95929
16.77449
24
15.65039
22.51172
21.62869
24
22.27158
24
18.44274
24
17.11371
24
19.27957
22.49619
24
22.27618
24
24
24
17.05454
24
20.56743
22.64634
17.47875
21.19245
24
21.70263
17.85065
24
24
22.78795
16.70782
18.54276
24
21.00804
22.78564
18.54702
19.22115
19.12153
21.82586
24
17.35372
16.89239
22.67343
18.30189
18.70887
24
19.20319
22.89762
24
17.80026
16.22378
14.32014
18.63261
14.65422
19.63638
20.31911
24
19.09466
24
24
24
16.87601
24
21.00117
24
20.16895
21.02678
19.24414
20.28662
17.17381
24
18.93226
16.43693
20.31992
22.74103
24
24
24
22.43378
18.03794
17.36882
24
24
16.00185
18.65508
24
18.10327
24
24
24
20.01017
20.21544
22.42716
16.67
20.1093
24
22.2563
15.70951
19.37244
19.01147
24
17.56268
18.40227
24
21.44462
19.6027
20.89713
24
17.659
24
22.41405
24
19.42264
19.2508
24
16.46978
22.39666
14.7677
16.0387
24
24
24
17.86761
24
16.42771
24
21.00776
18.73205
14.47779
17.26213
18.40905
20.55428
24
24
16.76909
24
21.84695
22.93453
18.54533
24
15.47627
22.31926
21.55931
18.97434
19.31336
24
24
15.4192
20.13829
21.10674
22.52607
24
19.33873
21.20028
24
24
24
24
18.01216
21.19091
20.53813
21.86677
24
17.74527
22.65705
21.00583
15.94
17.98576
24
21.52461
24
22.07863
18.53151
17.42324
24
18.92104
21.42295
24
20.87503
19.65175
20.34785
24
17.68039
21.16762
24
17.13855
20.21231
20.0225
24
24
24
24
24
16.0393
19.37165
24
24
19.21174
18.89405
22.77925
15.97452
24
21.03115
17.77242
21.42534
22.27729
24
22.32411
24
21.29303
24
24
21.66345
20.92912
24
21.26266
18.50414
24
19.28783
24
24
19.30661
24
24
19.26774
15.90035
24
20.46868
20.56345
24
18.86145
24
24
22.21357
15.12053
24
21.53652
19.95138
15.48756
17.40185
19.21532
24
24
15.05091
24
22.21977
22.363
16.6979
24
22.47251
18.7217
24
24
20.12454
22.69359
24
15.46717
24
20.50261
21.26959
19.87034
20.08182
17.70153
18.57429
24
14.83604
20.47037
19.06102
24
17.99855
17.09601
24
20.42887
24
24
22.71281
20.06921
22.3589
24
24
16.18299
16.62339
24
19.22684
19.36198
24
20.12794
21.59615
24
24
17.4027
21.66697
16.69808
24
18.37621
18.20424
22.57269
21.2514
20.14469
22.25217
15.63855
21.69392
17.49824
21.63359
24
24
22.30852
19.88958
20.50044
19.05583
16.19928
24
24
21.11106
24
19.00619
24
22.31332
24
17.64786
24
20.8978
18.5486
24
15.00176
24
24
24
20.90464
19.44483
24
24
18.80679
16.80454
21.50127
24
18.88826
24
18.27447
19.54084
24
16.58677
21.36088
20.24502
21.87681
18.528
24
24
20.28432
24
24
22.37474
22.71358
18.57018
20.26728
24
18.58839
15.87776
13.7279
24
20.90565
21.21673
18.5536
22.24368
24
24
16.99327
24
24
22.01558
24
21.12025
21.69909
20.79162
24
18.49599
20.12711
24
22.58044
21.28552
24
24
24
20.65381
24
22.8809
14.89443
19.48569
19.30591
16.28348
22.20335
19.42464
22.09184
22.60464
17.51511
19.52132
24
17.94579
24
20.21122
20.85306
24
21.77875
16.67244
19.70422
22.24269
24
22.85705
21.83557
18.98784
24
21.69693
24
22.70881
22.15746
24
20.60413
20.36008
24
13.69708
19.86325
24
21.69602
22.13953
24
21.74971
24
24
21.08525
24
21.91691
24
18.67124
24
20.74313
24
24
24
24
18.82893
24
24
24
21.62197
24
24
24
24
16.86665
20.91964
24
21.77135
17.11838
22.5817
24
24
15.55117
24
20.46139
19.45392
21.38289
21.98712
24
17.4718
24
22.88142
19.56812
13.54783
24
22.5208
17.74162
22.05757
22.89338
20.39734
20.76588
24
18.11812
19.53219
18.93834
24
20.82602
21.29754
24
24
24
19.95386
19.92924
15.72045
24
24
17.921
20.2766
24
17.79998
16.59189
24
24
20.26766
21.04935
21.82157
22.0055
17.98063
24
17.42509
17.43022
17.91482
21.9124
20.86426
20.03857
16.8992
20.37506
24
24
16.04963
22.91278
15.75433
24
16.5704
24
24
14.73209
22.30019
24
24
22.04219
24
24
24
24
24
19.37672
22.55997
19.68231
21.22816
24
14.00658
24
22.24222
24
24
24
24
21.37508
21.95518
24
18.58066
17.21341
24
18.65676
24
20.73653
20.52246
21.14664
21.95259
17.53378
24
13.63572
20.6519
17.63382
19.53994
22.20236
22.86739
20.17828
24
24
17.8212
16.54516
21.7685
20.08301
24
24
24
20.74549
22.21488
22.73694
24
16.95691
22.58358
24
24
15.94681
19.60945
13.63369
19.50754
19.22611
20.19402
18.42511
24
21.61112
21.37728
21.91355
21.8341
24
14.70322
24
22.87613
21.58344
19.80572
19.79789
24
17.8009
24
21.71484
24
17.36546
24
24
24
20.92712
24
22.15546
19.31501
20.31523
17.68925
24
19.30056
16.5204
22.34494
24
18.91524
21.83391
24
17.28989
18.81717
24
21.39476
16.39465
24
24
20.57012
24
22.14645
24
24
24
21.32514
17.33602
22.57257
17.73244
24
21.66398
20.9752
24
24
24
16.33651
19.57991
16.97873
24
16.71752
22.04644
24
24
24
21.67482
16.83496
18.42147
21.51793
16.16369
24
21.30802
18.95914
24
20.66073
16.44233
22.72001
16.16364
18.87817
24
21.1114
24
21.5479
21.27071
21.5765
20.72292
22.24828
22.19152
21.24023
24
21.49106
18.52463
22.72114
19.45447
24
22.1752
24
21.87964
24
17.23273
17.56398
24
22.70057
24
24
24
24
24
21.57563
24
19.60852
18.94784
18.73064
16.57106
22.25153
24
24
24
24
20.38746
24
21.26406
18.97716
16.07217
24
24
24
24
21.10059
24
19.5729
20.88494
24
21.27647
17.60102
22.47605
22.93404
24
16.01557
18.90363
18.32545
24
24
15.43985
16.82317
22.46156
20.96008
17.63746
24
20.46703
24
24
20.46065
19.73128
24
16.69219
22.4404
15.93857
17.20641
24
22.82303
24
19.37231
24
22.11667
17.22564
22.52487
17.53194
18.10772
24
19.8627
20.79426
24
18.40985
24
22.83713
24
20.25691
21.21376
19.72316
24
24
19.35183
16.88913
15.7395
24
22.3794
16.78566
24
16.54749
22.83896
24
21.6388
21.55024
18.12355
24
20.45177
20.70418
19.55837
20.21679
22.30863
21.10553
22.23291
22.42402
21.76355
24
24
20.34314
24
24
17.4742
19.44431
21.01143
24
22.58553
24
19.70542
16.77748
24
20.48125
24
20.26134
22.62474
22.4084
24
24
24
20.27992
20.61251
24
19.97498
19.6672
21.18142
24
21.87557
19.77449
24
18.58936
22.11317
15.37424
24
24
21.31746
21.11025
24
18.92102
16.38693
24
24
22.41093
17.45332
24
18.80879
18.07203
15.53866
24
16.46821
24
22.29922
16.69869
20.73064
19.52464
22.20201
16.31597
20.64346
22.60068
16.617
18.25602
24
16.0033
20.95256
20.33826
24
22.5218
22.25942
22.64176
18.96151
24
19.74541
24
15.79002
20.62274
19.15569
17.0056
17.6686
24
16.9321
24
19.53704
16.24089
22.31332
24
24
24
19.2699
24
24
17.72066
16.38609
20.04468
21.65564
18.29618
21.31373
24
24
22.43158
24
24
21.85198
24
22.46207
24
24
24
24
24
21.5808
24
20.61942
21.43085
18.60521
17.3636
16.13205
22.58422
18.24183
24
18.7108
15.07078
19.76727
18.38893
21.08858
20.44502
24
17.65475
24
19.91083
24
22.8104
20.43999
20.66866
18.56072
22.74279
24
19.53612
18.59536
21.46465
16.36296
24
17.05342
18.00236
19.27657
18.31128
22.28546
18.79296
20.84186
24
21.62064
24
24
19.2298
18.15269
24
22.05024
21.65547
24
24
24
24
20.61642
24
20.597
24
24
18.42731
20.90218
15.87835
24
24
21.54554
21.74193
24
16.81868
19.59752
24
21.36745
24
16.72105
19.86572
18.52877
19.6252
19.51375
24
20.04145
24
24
20.1426
19.93506
21.29623
20.99104
24
24
22.66072
20.83593
24
24
20.5859
17.605
19.28159
24
24
24
21.3931
24
24
24
22.69085
24
19.09439
24
24
14.11509
24
24
22.06137
24
20.35837
24
24
19.22346
16.77213
24
18.32691
21.7561
20.24164
20.86316
22.24971
20.02133
17.91913
18.56015
24
24
16.68895
22.70353
24
22.91368
17.50517
17.98392
24
24
24
20.04595
21.42149
20.73756
24
19.05546
13.20689
21.2196
21.97645
24
21.05724
20.32653
19.37851
24
20.03945
20.18253
22.78971
24
18.01074
21.51139
24
20.47694
18.44931
18.7865
16.22878
24
22.22561
20.98846
16.01881
19.99741
24
22.6128
17.09114
16.71187
22.34761
24
24
19.43119
18.23688
15.0353
24
24
21.50824
19.87113
24
18.25459
20.57018
17.90159
20.275
24
15.45985
17.28635
22.11455
24
18.85938
22.47142
24
21.45827
24
22.32364
24
24
18.49687
21.68639
21.16621
22.53395
24
20.35327
24
21.50903
20.20865
22.68985
18.62168
17.81291
20.76696
24
24
24
20.21453
18.80984
19.06709
24
24
24
22.04823
24
24
24
16.47156
21.72135
24
24
19.16943
24
24
16.84063
21.14874
21.11414
14.90984
24
24
20.65025
24
18.60964
19.26696
20.18762
24
22.59007
21.20915
24
24
20.77244
24
24
24
24
21.29768
24
17.40906
17.84225
24
16.00678
24
24
17.54251
24
24
24
18.41068
19.63364
24
24
24
24
22.56504
19.7211
13.21263
24
20.86791
21.09843
24
22.03181
22.41479
15.35744
21.94342
15.16422
24
19.37777
16.21729
24
20.63982
20.44774
24
24
16.64651
24
20.21297
24
18.44911
19.09981
24
16.76864
24
18.68667
22.79349
24
20.26405
24
22.0662
24
12.90991
19.84482
20.80073
24
24
22.61412
18.63915
18.51892
24
16.7595
17.5757
24
21.7434
24
17.02867
22.19784
18.13448
21.45306
19.50496
21.86842
17.71125
21.76318
24
24
17.29157
17.88837
19.82752
20.66446
17.88305
24
24
16.15296
21.01399
18.01962
24
24
24
19.8394
24
17.11558
24
21.23654
24
24
19.79282
24
19.85153
14.28927
17.77681
24
20.09024
24
21.83743
24
18.10555
24
19.82645
24
16.79183
22.69883
17.28646
19.70318
24
20.38409
20.1305
22.01219
19.13023
17.14612
24
20.56409
17.56226
24
20.34567
24
16.57105
24
21.20498
24
19.48534
20.90175
24
18.39279
19.08906
24
20.55132
24
24
22.0459
20.69256
24
24
24
18.18148
24
14.51702
21.35813
24
24
19.71671
22.21218
24
19.10506
17.61538
20.99857
15.85925
21.23869
20.26587
20.69605
20.21915
16.84507
16.39325
24
17.72241
20.91428
16.94265
22.71868
24
24
24
21.63606
20.17405
24
21.28518
22.13708
20.99201
20.17347
17.92126
24
21.52765
22.59089
16.5868
24
21.3066
19.23369
22.92445
20.28712
24
24
20.88194
16.39558
24
18.95094
19.61579
24
18.2944
20.33389
13.99042
20.23175
15.79748
24
20.60893
24
24
19.01114
17.56296
24
24
20.16563
22.23372
20.65394
24
24
24
20.29322
21.61912
24
18.90187
20.72654
22.19789
14.6997
24
20.47285
21.76254
17.04563
18.47734
24
24
22.43892
18.23968
22.38782
21.54597
21.36568
24
24
17.6019
22.26313
20.37682
22.68868
24
24
17.81708
24
24
19.85607
24
16.28393
24
19.48021
24
18.28576
22.21879
20.38373
24
16.22997
19.27275
24
19.57907
19.41289
18.03608
24
18.64979
15.18372
24
20.27301
21.1615
24
15.33429
24
16.84988
24
17.79166
22.16927
19.49147
24
18.74193
18.55179
22.03179
18.39854
21.37665
24
21.46446
24
17.34108
16.86261
22.94834
21.07006
16.98814
20.77701
21.85962
19.21935
24
20.89592
20.92996
24
19.50552
17.80106
24
24
24
21.20962
24
24
21.41017
24
24
20.07364
17.42972
24
24
19.67366
24
22.58464
22.01214
24
17.63763
24
21.07988
20.65078
24
18.44771
19.80071
19.4488
24
22.43414
14.86044
20.34378
24
24
15.51714
20.98269
19.09353
24
21.15769
18.69117
14.91601
18.9445
24
24
21.30956
17.87765
24
24
21.63643
19.34319
16.12166
18.47087
24
20.73663
24
19.34897
24
15.57537
24
24
20.85688
24
17.95913
16.71342
20.77661
21.77609
24
24
24
24
24
24
24
15.93068
24
24
17.30105
20.4153
24
18.19786
16.44843
17.50401
20.2651
19.39029
20.21406
20.03535
24
24
20.22103
18.68663
22.07904
16.39783
24
17.93808
24
24
16.73345
19.3239
22.22276
21.78947
17.33408
24
24
18.19874
15.6647
20.49828
20.74237
18.57547
19.52714
24
24
17.9715
21.02697
15.9784
21.19906
24
19.49963
24
16.83493
17.59753
24
24
19.23321
20.52313
20.67006
19.9447
22.16677
20.566
19.98669
21.63483
24
17.0747
16.75454
16.45338
19.64374
24
12.79568
22.42842
24
18.1048
21.35979
24
18.83897
24
22.85824
24
24
24
24
24
20.38673
16.31122
24
24
24
24
17.68428
21.28644
24
21.15153
20.77667
24
20.29793
16.59115
16.93993
21.41439
18.0416
24
24
17.88466
18.56034
22.71326
21.09254
19.02965
15.53289
24
24
24
24
15.74773
20.41802
16.72913
24
22.81096
19.44813
17.33394
20.20459
19.28807
19.89186
15.90252
18.53159
24
20.10444
17.62225
24
24
24
22.27893
24
22.67399
24
24
24
18.26283
18.06579
24
22.89302
20.53434
22.18001
19.66603
20.09238
24
16.26187
21.52081
19.62456
24
16.71441
21.73356
22.52472
24
24
15.27614
17.44279
21.52616
21.80115
20.67369
16.54826
20.44437
24
24
18.44015
24
19.61847
24
18.70199
19.72405
19.02294
24
24
21.62695
24
18.73701
18.28184
21.5355
24
20.41792
21.25867
18.58341
24
19.4388
24
24
24
24
21.70375
16.13907
17.17652
15.87921
24
21.23396
24
24
24
18.55256
21.73258
24
17.73445
17.63151
20.70074
21.89326
17.02887
18.99643
20.48737
15.6094
24
15.59649
21.81554
24
24
19.96567
17.98539
20.95898
24
20.008
20.98815
24
16.48333
16.75276
22.94127
17.60412
24
22.05374
21.80756
18.66631
24
21.39431
17.85903
16.9443
20.34448
24
24
17.48197
24
20.85506
16.28297
15.3983
19.94481
22.50757
24
24
20.92412
22.90146
24
19.92368
19.70734
24
24
20.91601
21.16074
24
19.53935
18.83665
18.89349
21.8348
17.17272
24
15.84925
24
24
24
19.75129
21.276
24
19.24168
24
24
24
24
22.09412
24
22.46106
24
24
24
24
15.48167
19.41291
16.887
24
19.61906
24
17.14134
24
24
22.73179
20.13762
24
24
18.29468
21.15117
24
22.41903
24
19.94552
17.27368
19.04031
21.63257
18.98952
18.06323
16.93956
22.26175
18.22112
15.41285
22.55662
20.57357
24
19.70703
22.54898
24
16.02654
22.25409
24
24
24
20.68974
24
20.49721
17.32373
24
20.55742
24
24
16.95628
20.26131
22.94066
24
18.87011
17.64165
20.58856
24
24
17.35533
18.31931
24
18.16547
22.50404
17.65783
22.52687
24
18.55297
19.36423
14.57671
22.04648
