0.5169928
0.5172205
0.7633781
1.425095
0.6392991
0.3276944
0.9486274
0.4845912
0.5373645
1.060751
0.8392521
0.928267
0.3606524
0.7362813
0.5128257
0.3662965
1.714101
0.3925718
1.456869
0.361091
0.2885321
0.8969621
1.068418
1.816345
1.550835
1.942924
1.529693
0.8086346
0.5052285
2.013138
0.5387509
0.5243614
1.239302
1.560504
3.575854
1.485976
1.401351
2.313848
1.596583
1.317351
1.079936
0.5863889
0.7588686
0.756002
0.6170323
0.4997895
0.8003401
0.9822929
0.9274143
1.07389
0.3381607
1.146997
0.6227345
0.5462239
0.7630226
0.8712049
0.6703569
1.502916
0.8400138
0.8020474
1.099822
1.11944
0.7834742
0.6150467
1.558198
1.024456
0.6118329
1.131302
1.34523
0.7598764
1.128664
0.762173
0.6350074
0.9061268
1.112743
1.350233
1.966861
0.9854386
1.145553
0.8316509
0.5366773
0.7561411
0.9365219
0.9974973
1.205242
1.448854
1.151125
1.126387
1.156808
0.6504073
0.5314599
0.7074023
1.486734
1.859071
0.7726291
1.080217
1.303956
1.763267
0.4365738
1.073536
0.4746161
1.706398
0.7921365
1.06608
1.459986
1.727531
2.122048
0.9096165
1.678183
1.403189
1.569107
1.045787
1.432838
1.664614
1.148335
0.6558661
0.7344287
0.3717446
1.287401
2.287656
0.4966341
2.207691
0.659058
0.5881271
1.501998
1.194567
1.130216
0.9528291
0.3684397
0.733391
1.190674
0.3703809
0.7248434
0.9073305
0.5718987
1.882895
0.6603385
1.869221
1.748473
0.822005
2.91876
0.6202986
1.49172
0.6255281
1.377662
1.623628
0.5844005
0.6390116
0.8715304
2.418821
0.4892715
1.124786
2.186465
1.171251
1.144432
0.4557706
0.6844739
1.47486
0.4285728
0.8982716
0.9114331
0.5524142
0.4725294
0.7785396
1.700034
1.56945
0.3816874
0.644113
0.979569
1.754959
1.640875
0.9249851
1.887095
1.318994
0.5829696
0.4281735
0.9042846
0.4669293
0.8353536
1.052748
0.4207161
0.6646374
0.6330771
1.424445
0.7575864
0.7400073
0.6956829
0.4127034
0.3323669
0.2806932
1.314667
0.371594
0.6668097
0.2781971
0.4096452
0.2414013
0.2917479
0.2246545
0.4895249
0.9907996
0.5159253
1.512456
1.533754
1.47556
2.375836
1.499984
1.671804
0.482572
1.218411
1.43058
0.7390086
0.7996361
1.988975
1.069467
0.5374001
1.770601
0.9881975
0.5566473
1.855379
1.807992
0.9721334
0.7930335
0.644952
0.9626009
0.7797431
1.575146
0.6886129
1.107807
2.134636
0.4644395
1.072383
1.235639
0.3719059
1.100169
0.5654796
1.311097
1.575371
1.260947
1.242778
0.7774466
0.7272509
0.8635666
0.478103
0.4951955
0.9727818
1.23047
0.9188942
0.780355
0.9788944
0.9535948
0.3363396
0.7609213
0.7760587
0.379707
1.495693
0.7368505
0.4684027
0.2818838
0.6332816
0.653165
2.434686
0.5425839
0.5335762
0.4048591
0.9622597
0.5005098
0.5786817
0.4404842
1.842215
0.6008287
1.669692
0.9491825
1.427557
1.253198
1.212339
1.143272
1.854606
1.297227
2.22151
1.226598
1.437371
1.778905
1.285875
1.237765
1.029573
1.299083
1.072622
2.008577
1.653751
1.436302
0.9282786
1.976219
1.520499
0.4940685
0.3036759
0.8235294
1.155066
0.9382015
0.5726727
0.4207664
0.4399098
0.4631962
0.7087915
0.769056
1.483528
1.382782
0.5579878
3.202665
0.9481317
0.5987286
0.6437725
1.87747
0.672862
0.3813562
0.3488043
0.874708
0.51142
0.482937
0.6968919
0.3892655
0.4850792
0.7450157
0.5956205
1.007393
0.581038
0.6477287
0.5747655
0.4011123
0.3080955
1.891768
0.9215773
0.314558
0.6976153
0.690889
0.3167903
0.5220908
0.2697656
0.357666
0.4001948
0.363143
0.6078706
0.4073054
0.5334156
0.3811376
0.776929
0.2762129
0.3914887
0.3680359
0.3707505
1.049294
0.4505312
0.2881803
0.7357012
0.3429587
0.5164589
0.4389131
0.6827762
0.8473928
0.589311
1.061399
0.4455872
0.7466396
1.481007
0.8692245
0.823944
0.618811
1.419942
0.5919223
1.173708
1.301742
0.4286343
0.9209799
0.9956678
0.5474506
0.4691998
0.6046139
1.035287
0.4196454
0.8833193
0.6447372
1.043199
1.22393
0.459848
0.9069892
0.4940378
0.6447997
0.4851215
0.9724137
0.8669564
0.9147823
0.5849653
0.5900466
1.569089
0.5048691
0.5516862
1.067096
1.212818
0.8419209
1.810452
0.9012809
0.9631282
1.189756
0.7823522
1.515727
1.251903
1.014189
1.3914
1.7119
1.118458
0.6197645
1.170677
0.8213227
0.9634682
0.4897586
0.9470568
0.6651883
1.324844
0.6622352
1.083597
0.9297614
1.348572
0.5118771
2.878256
0.8384751
0.8154838
0.8528901
0.695415
1.235709
0.400407
2.039055
0.6850893
1.119968
0.3741684
1.981358
0.5471825
3.036121
0.9197623
0.8296669
0.4433224
0.9239154
0.9656123
0.7878606
0.8580983
1.875756
0.4607317
0.4891869
1.142926
1.478063
0.8246365
0.6528343
0.8434101
0.7310051
0.6429669
0.4638244
0.4583798
1.758533
1.251684
0.8230816
0.8094271
0.505902
1.067228
1.109547
0.883861
1.266707
1.612355
1.946948
0.9700656
2.518502
0.639025
0.6235601
1.096328
1.106143
1.060026
2.079956
3.052637
1.465243
1.043282
0.6138303
2.215152
0.7778702
0.8558322
1.060531
2.132171
1.220429
1.28226
1.341418
2.12981
0.9557615
1.17412
1.128676
1.247781
0.9334774
1.489481
0.5874473
1.094565
1.755406
0.8104119
0.3121569
2.711614
1.326768
0.6456616
1.29779
0.4444559
1.632385
0.5919983
0.5536441
1.689623
1.59392
1.343035
0.8207097
1.330722
0.606638
0.7187619
1.761052
0.5010789
0.8788632
0.7272217
0.8245348
0.67043
0.6380075
1.155089
2.003814
1.229011
0.5844235
1.473766
2.187836
0.6909872
0.5514932
2.075924
0.7737809
1.926389
0.6510381
0.9909639
2.523585
0.7280338
0.9106817
0.6096373
0.5412518
0.3992666
2.021119
1.11616
2.128559
1.233466
1.742455
1.127457
1.081844
1.085428
0.6295665
0.6468802
0.622025
0.9073094
0.6239187
1.078701
0.6829164
1.535779
1.319949
0.4520528
0.3988206
0.887534
0.4853176
0.8553081
0.8744677
0.5872769
1.015576
0.9309441
0.3471662
0.3843921
1.232081
1.961026
0.368791
0.5466981
0.5471693
0.9337256
0.4845725
0.5784202
0.8268712
1.30184
1.033354
0.5179387
0.3048577
0.8702008
0.7041354
0.4861345
1.778711
0.5289614
0.7890869
0.9288406
1.682379
0.9387806
1.193486
1.782637
0.9097271
0.9303138
0.75622
1.216026
1.407429
0.9087881
0.6534076
1.444742
1.280512
0.8844125
1.109103
0.9915345
0.812716
1.814109
1.281322
1.123242
1.601584
1.898737
1.356853
0.7285025
1.225093
1.244842
1.229884
0.6422547
1.516664
0.7526596
0.8137393
0.8649693
0.8928412
0.6650373
0.8712973
0.9564988
1.008871
1.165995
1.360615
1.069974
1.913282
1.81721
0.3507292
0.5913378
1.063144
1.488872
2.961754
0.3298799
2.425455
0.7729198
0.3188951
0.3597457
0.9317221
1.26139
0.6586105
0.5854372
0.4711219
0.3547424
1.170604
0.5782575
0.9109805
0.4814547
2.008735
0.8444515
0.8903959
0.6288002
0.6016143
0.42033
0.64593
1.079518
0.3459367
2.871203
0.9936352
1.508898
0.4443465
0.6953929
1.365886
0.8487327
3.137841
1.643364
0.6619701
0.6742977
0.6041182
1.282952
2.171784
0.4578948
0.4379583
2.460586
0.8920243
0.5913968
0.8805745
1.37177
2.866571
0.4190558
0.7290498
0.6105546
0.5005875
1.2732
0.7420731
0.857245
0.9713604
0.9808081
0.6223476
0.6488725
1.231303
1.559434
1.307769
0.5169019
0.6990692
1.479781
1.670213
0.4994603
0.7519128
1.120441
0.4273568
1.362954
1.087932
0.6966271
0.6521048
0.6770994
1.072853
0.9798877
0.8405614
1.355325
0.6257077
0.436629
0.629618
0.7920144
1.065044
0.4692794
0.4440068
1.264371
0.8539618
0.5484812
1.307778
0.4666637
1.282317
2.742647
1.52991
1.418979
1.986845
0.9584164
1.160604
1.18225
0.7483277
1.331424
1.132512
1.153006
1.861863
2.858106
2.741831
3.0412
0.8495122
2.861705
2.851963
1.971106
2.989468
1.14644
0.3960225
1.189707
1.201569
2.050749
0.9768789
0.378094
1.439952
0.6052809
0.431579
1.880536
0.2976568
0.3901177
0.340226
0.5063856
0.606476
1.173751
1.050325
1.14518
1.957999
2.609867
0.986117
0.6615028
2.048207
0.6428915
0.8308868
2.124019
1.622304
1.667515
1.224855
2.095581
2.082562
0.9042387
0.9412916
1.404633
1.670361
1.115339
1.202612
0.4445874
1.611286
0.5228976
0.5323731
0.7095907
0.5056159
0.4805213
1.148111
0.7611422
0.8123695
0.8076187
1.045129
0.5061872
0.9564432
2.479754
0.4803943
0.7258037
1.4376
0.5770701
0.7356583
0.9840986
0.6150439
0.7799735
2.183772
1.537072
1.035966
0.2847519
0.6722388
0.5425882
1.564182
0.5061479
1.000238
0.904123
0.6590825
0.6116348
1.123684
2.309578
1.659342
1.005459
0.6109199
1.132054
0.9503756
2.123022
0.3330776
1.105644
1.823866
1.97072
1.128951
2.819949
0.4004547
1.436952
0.4335156
0.2943132
0.7071915
0.3130775
1.918713
0.2960749
0.74249
0.8153597
1.9187
0.5087377
1.173414
1.613428
1.639142
0.8928589
2.159435
0.8829079
1.07614
1.482282
1.114623
0.8015291
1.299413
1.211267
1.296929
0.9335389
1.505061
0.9843626
1.032463
1.886204
1.065109
1.446929
1.636112
0.7545886
0.5882104
0.9410693
1.580137
1.585607
0.7601717
4.15129
1.131562
0.4006554
0.7514758
0.4545138
1.113027
0.3443645
1.214732
0.837536
1.370354
1.400319
0.7572145
0.4532756
0.5320148
0.9891503
0.8562728
0.3383006
0.3286767
0.5864603
1.291254
1.426382
0.8787903
0.9843072
1.355814
1.783025
1.139901
1.016872
0.8446739
0.545991
1.317306
0.3822465
0.8680759
1.955415
0.828931
0.4137058
0.8098869
0.2861106
0.3421156
0.7961743
0.5391404
0.4499902
1.087945
1.10394
0.4538044
1.563059
1.460744
1.018043
0.8424385
0.9814121
2.034219
0.9567464
1.501222
1.208557
1.423417
0.376923
0.425576
0.3199744
0.6091658
1.136845
1.210103
0.7035696
0.9101125
1.184309
0.940555
0.9926482
1.099013
1.126848
0.9232886
1.208101
0.5999969
0.427281
0.7544093
1.209865
1.345073
0.5633179
0.7467818
0.7565903
0.9868092
1.247121
1.594714
0.8834675
1.605666
0.4633143
0.1751257
0.6811556
1.894729
3.580703
0.3981611
1.485826
2.215754
0.5786442
1.166793
1.010736
0.9437079
2.125362
0.4223015
0.7712135
0.5096745
1.171484
0.943776
0.4532971
0.2900277
1.303041
0.9834618
0.6240796
1.195719
0.9433031
0.6016412
0.8051908
0.7934741
0.9918144
1.542446
1.645902
1.228593
0.8157536
1.37426
0.9710227
0.5522158
0.8144379
2.609715
1.111565
0.5774855
0.7674985
2.706803
0.9643543
1.196636
0.7799016
0.9420368
0.9708179
0.8924397
0.7115146
1.454159
1.887439
0.970915
0.9529109
0.8297038
1.07813
1.439026
0.9589402
1.137654
0.9193854
0.5212015
0.4558639
0.6182987
1.415157
0.9034238
0.7961902
1.188745
0.9384481
0.7027954
0.6534589
0.7405087
1.558922
0.722082
0.7019871
0.5989922
0.4390775
0.9186183
0.5387033
0.410314
1.036182
1.709079
0.8021365
1.208805
0.824161
0.5638691
0.7851285
0.7793644
0.7712172
1.606229
0.9428203
1.469743
1.200351
3.03373
0.7256534
1.214683
0.9175474
1.902749
0.955382
1.800928
1.307373
1.289282
0.7190949
1.337427
0.9203289
0.5276172
2.268561
0.812947
1.603285
0.5210188
0.9370694
0.5964756
0.8673952
1.002706
0.5593969
0.5320461
0.8006578
0.9846183
1.079342
0.4278782
0.8735575
0.5803302
2.160755
0.5341781
0.8966466
3.379141
2.48473
3.872223
1.317715
1.03342
0.4490062
1.818495
0.7385267
0.6219959
0.8358375
2.083866
1.985397
1.095266
0.6656545
1.633974
0.5264358
0.7794693
1.395357
1.491291
0.5156598
2.646499
2.045274
1.529168
1.704184
1.44153
0.9560494
0.5326895
1.062821
0.5751562
0.9257456
0.7348743
0.5934613
0.7450917
0.6305408
1.00085
1.154182
1.295897
1.072509
0.5059785
2.761046
2.181279
0.7004634
2.73866
1.330792
0.3250512
0.642062
0.3085277
1.923211
0.9779684
0.3305748
0.5462907
0.593807
0.4064326
0.4463717
0.5334838
0.2762375
0.4634335
0.7969296
1.021735
0.2488207
0.4363278
0.5911551
0.3697383
0.5373871
0.9493682
0.690076
0.4717591
0.959572
1.824044
1.892256
1.278977
1.429275
1.039661
0.5457924
0.478934
0.6774611
0.7330329
1.322649
0.6822942
0.8751679
2.397956
0.7093603
1.768103
1.117168
0.7605437
0.7745704
0.9595212
1.516662
0.6051462
0.7927046
2.524975
1.949688
1.758545
1.047151
1.119336
1.149148
0.6299608
0.4894631
1.021523
0.7863612
0.3678735
0.6078022
1.736766
1.31545
0.6258344
0.6801937
0.6560551
0.7016964
0.5635149
0.2985299
0.4426007
1.062787
0.488343
0.9962883
0.3741938
0.5323379
0.7217984
0.3557732
0.3301365
0.3533921
1.209221
0.9493781
0.5601681
0.7171073
0.4571006
0.8042837
1.040677
1.035442
0.8087439
1.777911
1.627072
0.6295197
1.120696
1.109555
1.411035
2.185521
0.4944543
1.134344
1.106374
1.445949
0.9639847
1.297478
1.050658
1.080552
0.7095804
2.141039
0.912121
2.012942
1.197874
1.004973
1.014228
0.6858443
0.9809723
2.050778
0.7153589
0.6202228
0.3335294
1.643381
1.750171
1.405337
1.093297
0.2220273
0.4063756
1.003876
0.6997245
1.170782
1.538087
1.004775
0.301622
0.9900714
0.4368612
1.780376
1.183621
1.125878
0.9503059
2.945276
2.464833
1.290041
1.5451
1.394846
1.469933
0.6578696
0.5131899
1.673928
1.203356
1.093604
0.4799168
0.475952
1.229818
0.3504545
0.4242921
1.039866
0.3803288
0.305916
0.4020096
0.5927031
0.4843769
0.3740226
0.4181508
0.9691298
0.2870631
0.849787
0.3542314
0.7581786
0.3724877
0.7118483
0.4362102
1.732073
0.6592155
0.432083
0.6436068
1.03161
1.072668
0.324756
0.5040492
0.2961853
0.7315559
0.3272969
1.544054
0.7386662
0.578778
0.2706702
0.4180658
0.2764062
1.744464
0.4745151
0.387646
0.2687399
0.3436643
0.4122334
0.6427122
0.2734692
0.5758868
0.4293304
0.363174
0.3007167
0.4846483
0.3233444
0.4524853
0.505536
0.6824217
0.3676749
1.082685
0.3553644
0.6248561
0.4420453
0.3618403
1.377389
1.956974
1.073683
1.019257
1.607556
1.408291
1.369931
2.599251
1.280103
0.3759101
0.8093936
1.621204
1.760382
0.5130295
0.4935362
1.33918
1.260778
0.3993096
2.203198
2.651175
1.694796
0.6493932
1.428829
0.782495
0.5851049
1.95005
1.760925
0.8771878
0.9736468
1.373477
1.803247
1.697317
1.336775
0.7688192
2.200197
1.705095
0.9482794
0.768342
0.7620428
0.8504961
0.9912277
1.513029
0.6856184
0.9451372
1.314686
0.5577154
1.242922
0.8971269
1.044609
0.897774
2.288795
0.611319
1.15733
1.926682
1.51343
0.3460591
0.5493095
1.308431
1.832625
0.342797
1.388877
0.6176389
0.5842488
0.4883605
1.231245
0.3856784
0.3399837
0.7964607
0.5565
0.8278472
0.8433724
1.473434
0.515113
1.85132
1.341424
0.749268
0.6660422
1.321055
0.4356068
0.3879156
0.4143702
0.4961743
0.8836673
0.4774782
1.339224
1.140281
0.7332394
0.7361621
1.155137
0.5305159
0.8355435
0.7108563
1.746524
1.59907
1.245074
0.9873905
1.052164
0.4809615
1.829674
1.141122
0.5615471
1.639008
0.9996784
1.238664
0.8171303
1.786064
0.8908695
1.182942
0.4190404
1.08605
0.9165418
2.10373
1.152616
0.7884259
0.5632167
0.5305205
0.7221472
0.8881834
1.159893
0.7728792
0.6712197
0.7361823
0.5587512
1.834549
1.15591
0.547234
0.8045421
0.8371387
0.6416142
0.6153433
1.044368
1.076331
0.856639
0.4123212
1.248566
1.703157
0.7437459
0.5764056
1.362118
2.78249
1.643032
0.4501137
1.354647
0.3882601
1.519479
0.3752308
0.4684493
0.4607237
2.266153
1.868462
0.5941161
0.5054341
0.4244816
0.7808174
2.473895
1.337095
0.7290612
1.171373
0.4506538
1.401448
1.579247
0.4613807
0.6688619
1.66956
0.4906211
2.4252
1.438119
1.002468
0.8138689
0.7501597
1.1685
3.683481
1.906401
0.4036008
1.015388
0.5938989
0.4170044
0.6032656
0.341035
0.6040118
0.8028277
0.6899521
0.9305407
0.3819605
0.3701162
0.4837958
2.956528
1.435553
1.092376
1.034689
1.991703
1.215139
0.3965319
1.361804
0.5095113
0.4026955
0.4463991
1.956035
1.742846
0.5779316
1.511512
1.856592
0.4407258
0.3905362
1.777471
1.435146
0.4076609
1.386131
1.256189
2.339826
1.594572
0.516804
1.727397
0.8965857
3.330549
1.276153
1.380831
1.03674
1.286645
2.598318
1.503774
0.800251
2.181849
1.156776
1.308887
1.71028
1.484782
0.638986
1.656164
1.292957
0.5935678
0.4622843
0.8101936
1.162786
0.6553832
1.520695
1.013885
0.7949652
1.470463
3.042866
0.7324547
1.247093
2.930926
0.6243683
2.108941
0.3621111
0.9517619
0.5132181
0.5254878
1.258906
1.404462
1.018577
0.8997312
1.046546
1.492907
0.6324495
1.284018
1.734026
1.95504
1.133533
1.384345
1.166562
0.8146182
0.7475967
0.9296237
1.206017
2.080304
0.9247824
0.6557971
1.12486
0.6512164
0.8319419
0.4419919
0.8839535
1.406422
0.5075666
0.4105791
1.174237
0.7735177
1.387425
0.8707779
0.9067104
0.9149583
0.5708326
0.3574488
1.078463
0.5815683
1.81646
1.057065
1.496095
0.8527077
0.5208827
3.381897
0.4648998
1.503907
1.221336
0.5677675
0.7510808
1.120914
0.889822
1.840071
0.9107725
0.7974374
1.440175
0.5471997
0.7110907
1.472261
1.089532
1.658749
0.4852787
2.076946
0.968123
0.3706069
1.364855
2.088485
1.128625
1.521412
0.4054876
0.4240811
1.061028
1.333324
0.381745
1.741733
2.820775
1.590099
2.797355
1.665017
0.8151645
1.195851
0.794065
0.6447575
1.934974
0.7895348
0.8008043
0.6974342
0.6385132
1.227229
1.275393
1.445126
0.8484596
0.8869626
1.226933
1.01767
2.170478
0.8782287
1.251596
0.3687689
1.394674
1.296084
0.737672
0.3513828
1.886254
0.5797496
0.3360099
0.5234728
0.419809
0.7769691
0.4153791
0.9403315
0.9973468
1.308417
1.395173
2.274683
0.512029
0.6773043
0.943276
0.3987691
1.502061
0.8127823
2.566998
2.087572
0.5288423
1.081144
0.6759334
0.6555466
1.039024
0.6909699
1.140854
1.342077
0.7336443
0.4652445
0.8004676
1.379471
0.7037312
1.383663
0.4219538
1.084089
0.344263
2.525378
2.316267
0.537846
0.6023584
1.239056
1.804281
0.4033861
0.7784976
1.0873
0.3666563
0.8030447
0.8884033
0.4956257
0.548688
0.6487301
0.3552532
0.4142082
0.4547467
0.5720528
0.446919
1.643099
0.3935207
0.5840438
0.4766424
0.3345208
0.4407321
0.9749119
0.7511135
1.405489
0.2704308
0.4553699
0.8287507
1.292501
0.7421562
0.672481
0.4313334
0.6570229
0.7715032
0.6326564
0.9845102
0.7519654
1.257219
2.893711
1.615733
1.365664
0.8599928
0.9596116
2.610408
3.210001
1.396304
0.941807
0.9826527
1.118777
1.141994
1.752341
2.167338
1.50645
1.892092
1.113689
2.20804
3.044264
1.953655
2.555346
0.9400859
0.4577479
1.518672
1.337974
1.930206
0.4341259
0.5258324
0.9916095
0.4422335
1.23551
0.5431043
0.7168887
0.4952436
1.924683
1.49817
0.6343156
1.295559
1.379365
1.000305
0.4413387
3.051358
1.357813
1.711736
0.7324539
0.8859062
0.6646617
0.8282772
0.990057
1.409804
0.8221766
0.8687086
0.6898934
0.8589939
1.877604
1.430731
0.5975033
1.31099
0.9637019
0.6001804
0.95806
0.7208486
0.6897041
1.528227
0.770271
1.200638
0.3630176
0.6019897
0.821816
0.6934882
0.5140981
0.6333535
1.665929
1.248715
1.132298
2.278622
0.7047016
0.8236592
1.895092
1.159506
1.772376
0.6043726
0.3713322
0.4402193
0.6207408
1.538767
1.64001
0.4934491
3.102838
0.408813
1.164188
0.7906098
0.7073722
0.5920765
1.962548
0.3448225
0.5145431
0.9071312
0.6280778
1.029366
1.187444
1.013174
1.257392
1.527306
0.8365948
0.8618747
1.174354
1.146333
0.4959783
0.8821346
0.9123122
0.5090999
0.2765177
1.056911
0.6746913
0.8369167
1.125668
0.9308898
