"c[trans]" "c[com]" "c[circ]" "c[rep+]" "c[rep-]" "c[pack]" "com[max]" "rep[max]" "c[3A]" "c[stay]" "scaler" "var c[trans]" " var c[com]" "var c[circ]" "var c[rep+]" "var c[rep-]" "var c[pack]" "var com[max]" "var rep[max]" "var c[3A]" "var c[stay]" "var scaler" "ly gamma shape" "lag" "ly gamma rate" "lag var"
0.872384741984302 -8.39395213647427 -3.40477749838598 2.74193934774382 8.42681273583134 -1.45294555671061 11.1008486439696 5.42855885475199 6.11641261985092 0.39483386508042 8.02112844416041e-06 0.435140409748887 0.803258228858955 0.310813497780516 0.155952497534594 0.782301186057563 0.282772221175247 0.76152292006944 0.252448033948075 0.761322427451503 0.18014687525603 0.0414780377376808 30.8160504335716 3.661564 1.71853010105733 0.7948529
0.0129936175081096 -6.16887754036923 -8.20137275391552 -3.36521148788084 11.9829670189653 -4.22863165514411 11.8727712955436 5.5200525371792 4.54032591276144 0.285414585989797 3.75450744611144e-05 0.748513998946356 0.926241123613637 0.285708500701963 0.471323293696415 0.127193232375464 0.44355173135209 0.715587982281087 0.837189854766262 0.420325392700658 0.150633825782168 0.569638354917585 43.9399282888983 2.10084 2.3471941875746 1.665371
-0.750511526386804 -1.89196625086156 -9.74678774336379 11.334430182149 10.7563083134316 -3.44695311641318 18.1848525884093 7.14143387957545 2.46743742559131 0.271534784163793 6.52908579799675e-06 0.69771319410016 0.671467288662531 0.616188480190215 0.853082355458327 0.85123211779883 0.00663067112159887 0.0736789414237728 0.0816626444321753 0.858596338123192 0.345167795679426 0.300538495712392 37.4034941643236 3.661564 2.20500626447433 2.035317
0.845574982414353 -9.06035717721701 -9.76913029437689 -2.09011999660025 13.2797326488806 -6.7211414666586 9.42152941615664 5.52099111106816 5.38784935341755 0.27068708542553 3.48806181632271e-05 0.267462651220498 0.510275520986092 0.199193611300818 0.538660819530479 0.619338625373859 0.520787993705707 0.384797083612446 0.690602697327164 0.801284651743608 0.325262483766167 0.691741698717147 38.2602403912746 3.661564 2.05491852061027 1.665371
0.339912213561926 -5.45965398690197 -9.34965526687365 3.11541324304888 9.99101665307167 -7.09757263914337 17.7714738951516 7.0680374977799 4.96198264748628 0.0572231321992627 3.30160111645314e-05 0.893857786172654 0.324584918088198 0.54196252960204 0.834573254370354 0.551865559780981 0.81744807342994 0.561628834792815 0.653569487440793 0.232556094807993 0.171907672086279 0.520056563082334 31.7905932877494 1.868285 1.80070570784207 2.46809
0.942864533855998 -8.70410697529696 -9.61665988734968 15.4449941733126 10.4668024704122 -7.97547897862297 8.71841932481782 7.52163755788603 4.7647418571852 0.574100528411803 2.77393339496539e-05 0.957965509565926 0.624077349515838 0.632724095247516 0.522121769241643 0.740493375657161 0.281674354940921 0.555163649121562 0.518605023978307 0.205637731619053 0.341795440460413 0.232198762508413 38.1186690240428 3.661564 1.99448505577671 0.7948529
0.909268873748293 -8.20565481833889 -7.19118774573951 14.791555437098 18.4765975509294 -5.78919614770878 9.00912224768048 7.29962918801299 6.48196363806294 0.839786578742933 9.71863314931102e-05 0.929119861279284 0.0202142487568979 0.724203330639807 0.728299636816808 0.59256338353794 0.349538066892422 0.352466653389456 0.781925894249553 0.748319763823438 0.121633321356008 0.410650942995326 33.1624576444677 1.365639 1.99521373692587 2.344672
-1.26348850294814 -7.60143256362238 -4.65367808219557 -1.89903121755701 12.4183864987681 -4.07751347678387 12.7013631198641 6.28401992288015 3.63502860194742 0.42813902356858 8.20563587491564e-05 0.614590031075325 0.294015047820136 0.252507977227395 0.0372318158503766 0.400528013911583 0.890715194328554 0.837602276877163 0.566931686124476 0.739532331311345 0.15840731666507 0.666593958298817 37.7396101415658 2.10084 2.01080555976786 0.7948529
-0.499439992047622 -6.85117828531416 -7.96014177549726 7.74764222509128 12.8119943872817 -6.85385325529914 10.0181633884264 7.43689846826315 4.76333739354568 0.761507312407918 1.77582536993722e-05 0.480148201202154 0.281971516508693 0.693551980002495 0.556306505383391 0.623458941866119 0.606427952450278 0.404473493237833 0.706332617296012 0.763600586306696 0.674622595262528 0.728137632492606 37.6164235171566 4.870978 1.92275269926422 0.7948529
-0.422072478926613 -3.40802286930584 -8.72412523082742 6.4457596347711 19.1609089812979 -3.35751221540992 11.1609685361746 7.24261744674762 4.47541272096195 0.336657571979732 8.97735136156477e-06 0.767885437161399 0.861733911800774 0.5174180885942 0.485894767335621 0.86085454070357 0.702466381792606 0.00216329310909519 0.638619560728294 0.506824725381631 0.341623185229997 0.638357337074763 40.4142861993175 1.547036 2.15071783068906 1.404739
0.0163412283132714 -5.44658506134562 -7.27657794179652 2.88621889146135 11.4591133004588 -6.8387738651961 5.77468134676778 6.12155168345611 5.54643312134656 0.681586257157925 2.70192366856196e-05 0.872100394375197 0.0876414534253187 0.737421319822701 0.206666649039808 0.788710723713545 0.207461728669576 0.528005557586768 0.853845095310595 0.899751682413781 0.309720223698795 0.897331631401973 44.6668361767907 3.661564 2.30208251652091 2.344672
0.204545774070337 -6.57855567820587 -9.86583575321911 4.50030030874672 1.31325277632364 -6.86684615653511 14.4100293480092 7.1088559219916 4.21688095246427 0.718784048234999 3.78909774709652e-05 0.826190539032161 0.492460310727614 0.454959814227479 0.95878404469082 0.209670786524676 0.14308786380887 0.00362843835521276 0.232463589180165 0.70810142734199 0.560574105601003 0.43205280696098 36.499381334056 3.661564 1.75291397606081 2.344672
0.0301204113763084 -7.8683144947416 -9.58565623007876 9.89034006660903 12.7678992449234 -7.70411680646312 7.36497485847893 6.40566145198677 4.56664304619188 0.405010147410516 5.13009160526626e-05 0.734196420767098 0.0904813170926543 0.799270816873854 0.764578127675075 0.236722190674206 0.954751120288482 0.451358037721559 0.820966141994924 0.725758472199873 0.95165270066107 0.79815052727409 37.7103872909735 3.661564 2.13778839783329 2.344672
-0.47146361964699 -3.28228728613414 -9.4456983612337 6.1995658455688 12.8637004174312 -1.68608734058586 13.3535947371686 8.22804173648961 4.68952428730349 0.736966656076409 7.70171093087665e-05 0.69911351567528 0.912210430237527 0.252573412883929 0.346893180977862 0.183969587042587 0.160738077455381 0.696656592784958 0.162803162113362 0.752737137781027 0.556637803994626 0.056168369203276 41.6177608877846 2.10084 2.43205738308891 0.7948529
-0.100347628686198 -0.459977409318552 -8.35329926500292 13.4664843477436 16.4654229345764 -1.26587672134394 16.1860561657985 5.08173338023209 5.81948566379743 0.992532559704246 8.95085286588181e-05 0.71084139011853 0.384149915819642 0.461964225811205 0.612138681715723 0.489664935384493 0.324586025651229 0.564808591830689 0.0628693090121056 0.398401411176375 0.52474169853705 0.879127207648305 33.0617620940964 3.661564 1.7531902974044 1.404739
-0.456054868024653 -7.69307775922944 -6.81082738343858 1.92647575954421 19.5307836957692 -8.90096764345619 9.90499551384968 7.23298426970497 3.94690016739424 0.737074746473748 2.7576160098252e-05 0.0436935491498768 0.817128236877902 0.739225210900721 0.524006354106664 0.37218979583995 0.870872816045189 0.901666882379607 0.299333999012648 0.101131656337929 0.777595107020233 0.718707530203112 32.1936351005266 4.870978 1.75150825011784 1.404739
-0.301748920800329 -5.21019923717051 -9.50593844401938 15.7028237030652 14.9001784979499 -7.49447219979886 10.3714416157193 7.27260062322369 5.33786334518897 0.136031355319109 9.11360687872591e-05 0.894281087618349 0.415617327213582 0.66196566349685 0.693083682654368 0.438595031063256 0.877853597410553 0.0343466834765238 0.0316818468709784 0.858848008086205 0.966381822761051 0.020727031584819 38.5041115107945 1.868285 2.13354786883791 0.7948529
-0.256534754514418 -8.22329223424085 -9.76715415203282 -2.59369156907643 15.9453730721634 -8.78560475718716 18.9386986287634 5.87996661667698 5.35354889187992 0.470937767555993 3.62174126048586e-05 0.615849033263445 0.589185318710687 0.611440566698754 0.46969791366349 0.316750655724067 0.704653437706911 0.381697210858403 0.83992769553873 0.889126484755394 0.80685159245883 0.737397202746267 45.7387478464437 3.661564 2.26091428767982 2.344672
0.354199585713658 -2.11496887392646 -6.00956005320284 16.276468709601 11.5098789932474 -4.65131498503047 15.9017930524018 7.368664657945 6.63592755116091 0.0732572924134967 2.55077321876261e-05 0.70005038983131 0.452292213488545 0.638730605775213 0.0736226589145211 0.944432120922554 0.720081129372394 0.610299031025325 0.160536566374174 0.789477149350822 0.307740554465265 0.600743130738316 34.5522045356575 0.8915682 1.86310501292452 0.7948529
-0.608176397839519 -5.92718802151448 -8.44198572238895 -1.41669409734637 2.02108407496582 -2.16300869118147 15.83002627868 7.13367263108363 4.33265478255478 0.767340702256109 7.99207047160636e-05 0.493316776423163 0.287571128743785 0.922829797355609 0.81755230078326 0.734240248909263 0.615383752352451 0.486632859295468 0.401371040441635 0.41622684428232 0.463537043029523 0.420595911499566 28.5917626620296 2.10084 1.5839453641448 0.7948529
-0.953697803965226 -1.02830717827442 -9.13840348919759 3.78852812331471 14.4784000041239 -2.68689218940889 13.2146628630817 6.29473222366317 4.13368596675934 0.457899613000525 6.57099001560516e-05 0.626642396686877 0.279503230032901 0.737254970621954 0.789169430777823 0.134424567543664 0.548573480228265 0.221368789380384 0.840341551192209 0.941013690652817 0.201218832948783 0.298059482404846 45.4152549186718 3.661564 2.51888919749085 1.665371
-0.746523775302801 -3.24514860571167 -8.7135942647811 9.03263289627608 17.3074749671265 -2.0804302712793 11.0752196377381 6.90113376325247 2.96469656428938 0.472917213619608 6.9044426202022e-05 0.161651440734534 0.121046516309702 0.669004654154529 0.204901408187075 0.457751577547756 0.238691844492616 0.964033979059188 0.611045457362333 0.848787395860276 0.211631548870677 0.274417553421441 28.9677244428624 1.365639 1.64402484312114 1.665371
0.245806552577947 -0.401186417129248 -8.92126905090274 6.80716802326355 1.25222323258108 -7.1934639674227 9.41221423190399 7.5736792929546 5.37800259305799 0.207531360682578 5.20927208778627e-05 0.968804232051329 0.720900920735768 0.295946518741213 0.0577050397158575 0.035520316876761 0.437747183212486 0.338801957851625 0.398494271959767 0.251954073188691 0.0602123051419206 0.274305958823097 44.7476640433703 3.661564 2.18331335832067 2.344672
-0.356498183047967 -7.79331189120492 -9.89594490716346 -2.11950480771694 13.9575722828509 -9.79138607699635 8.95885802764484 6.94222115926685 3.4830519102205 0.404114653863931 4.63372795787675e-05 0.814335048824996 0.632418918687444 0.752730377475372 0.417833666232479 0.371171558011828 0.285095396678124 0.780533303132066 0.612407353773469 0.655482602408924 0.345384988543183 0.25038702528799 47.7222969849286 3.661564 2.32394248837015 2.910666
0.366571193404002 -7.6380975054989 -9.84794245375207 1.97775369550452 4.21535612773101 -6.05795522216105 11.215422567567 8.53639944984375 2.62621272015562 0.533093719006517 6.21021018777963e-05 0.818430909682717 0.259840046246005 0.379457868193833 0.43182332054325 0.0267307740571746 0.642387490999496 0.407133468754851 0.83681690263429 0.705322966449979 0.19011084643505 0.40502016321432 32.54647304524 1.868285 1.61284095721096 1.404739
0.0105625581781463 -5.94453474818297 -9.39711688371769 1.9878628569884 9.28234456750471 -8.43699541977522 17.2086620007856 7.21519941767476 2.75050258034317 0.265166412537093 2.12452811330839e-05 0.499199983579517 0.124991281817366 0.801743921342885 0.761840776304907 0.305309379415862 0.775548886281491 0.583633928126276 0.121650802777171 0.582250606548187 0.654452767459218 0.617477702569206 39.6643213892805 3.632943 2.16336433569605 2.910666
0.627748155916387 -4.75237404796064 -9.79506159604491 0.107315230336817 1.64608366846477 -8.54476405238582 12.9835912916604 6.40378590450071 5.61785727246077 0.216852152582521 1.35954115512502e-05 0.862066157268884 0.0710071884865517 0.762833011016267 0.213374546581178 0.258920930519959 0.510448329625571 0.363085125970056 0.761876369550977 0.672206678299906 0.218640617121945 0.351418674305876 49.8253814618858 3.632943 2.68097066179208 1.404739
-0.4381550471788 -6.06324484972809 -8.92636883524686 7.45001346963582 12.70946274536 -3.1406423952283 19.9578384942444 6.79815582287353 3.2863086576587 0.389617756604145 7.12276954508209e-05 0.574383862789519 0.826793125633178 0.850467153856764 0.572867816243784 0.25835649151149 0.783297585150706 0.864742922081596 0.507170982700423 0.170615465135641 0.11745243798379 0.717730933019371 35.6749334543493 1.365639 1.96129687625079 1.404739
-0.876318621034577 -0.878260999730452 -8.05923234932563 7.95290512717878 16.5572172744751 -5.91531546848169 15.889682651515 7.21253984802694 4.67533511479056 0.756095546122476 9.6013105328352e-05 0.901529662332741 0.339397611348892 0.764757110489972 0.239805248365584 0.387205737466339 0.434786278317878 0.963680041005935 0.395956205016094 0.297045174163543 0.676110187702222 0.709398005901425 38.2733063045152 3.661564 2.02251841578994 1.404739
-0.0109321510901455 -5.59041361083882 -3.64145718986558 12.058090710493 18.8428293273276 -5.55386145069069 18.7675356717913 6.57796882630788 5.06677210614871 0.238272962933733 9.93214417668925e-05 0.594453223101836 0.481552062092987 0.753640210204935 0.880210406185735 0.219949385238565 0.315310197686045 0.684810848365173 0.499111342247183 0.456098257353771 0.434047455042144 0.641947766087365 43.2221446973454 1.365639 2.30831944031603 0.7948529
-1.96539080498497 -1.64162231426332 -7.14503326852765 4.15199748159225 12.6918725582321 -9.02720351040086 13.0291659821347 9.85599486513972 4.12683311486116 0.0399197376186229 7.07538784891404e-05 0.967674204696944 0.967625848038558 0.52280292233576 0.614965813481124 0.764648306189186 0.974348930389964 0.504033796749165 0.490204222169971 0.559421464167827 0.927123105554269 0.1691064355867 44.9703948118297 3.661564 2.1774751813827 0.7948529
0.0135132860878077 -8.34497417363748 -9.75634376534831 -1.53995495868782 10.7026365312015 -4.62456757736076 19.725226609093 7.30203770529457 2.04193183720636 0.568267803991297 4.33484107071744e-05 0.877969012431989 0.359648137496291 0.891700878505206 0.138020548744263 0.924309297577379 0.225614633198371 0.933943840013758 0.0381105975613179 0.277745009294907 0.390065289224053 0.518520261437308 33.2022176828394 2.10084 1.76057922064518 0.7948529
0.588968431331923 -3.53548376694122 -9.59522852225306 2.71787488904014 8.5515467697998 -8.63344598915732 6.61803735689031 5.99632540696886 5.05146481671244 0.872202947973279 7.35188697211314e-05 0.761251904036672 0.355251232540255 0.436327436525348 0.470288770218242 0.851248922160751 0.550114722174797 0.384674157212287 0.531905214567052 0.266504506604801 0.809509568191653 0.515351877715212 47.2740205320043 3.661564 2.57797680736181 1.404739
0.247090382073117 -4.2744624827916 -8.08458660703206 -2.12754541080807 12.5303653733371 -4.48874116838742 17.8623701999421 7.12434377961964 6.20581620808031 0.634988568576612 8.23885446665001e-05 0.897560507677737 0.594015383928277 0.320867754782025 0.567205986933376 0.17730132258826 0.202424694774202 0.545793461403931 0.452362900196514 0.991906263762535 0.383152308563313 0.79376436885939 27.4633462060499 3.661564 1.35016066495346 1.483686
-0.0968463559761478 -3.25041058311967 -7.2265621440223 -5.15936522027303 2.76289387850041 -5.32003424316697 10.5872965292276 7.53307938659794 2.58975987414881 0.713131284245458 4.85123993956566e-05 0.384000382437273 0.352048269932721 0.737772345569969 0.823461509421809 0.462414953374182 0.322204767689866 0.0783818960557316 0.957468367344979 0.592414537360838 0.441117786330286 0.614886464319217 35.5691995458978 3.632943 2.01866649036816 1.665371
-0.724568795094365 -7.98975488395946 -5.88383834114651 3.52171641235603 18.6739409654542 -3.70378679486519 10.1506920996995 7.30011851201343 4.76013048710952 0.419223742039397 3.27467191324222e-05 0.914363557730297 0.0874268541849009 0.469682195822366 0.740923145692577 0.383626479342746 0.632615363487792 0.254795807284039 0.402048990373895 0.412289312282577 0.766344812956826 0.63445589989261 41.2009162026147 3.661564 2.12534032737261 0.7948529
0.0411258475054611 -7.31516640741034 -8.07037609057355 -2.52076087271255 17.1682763793316 -6.09128374083251 9.83152196311958 5.95448657334214 5.12726501336317 0.311023527091032 5.72902042868863e-05 0.643848223884906 0.334533975702228 0.153996753169176 0.806860380418323 0.129874442659843 0.228584310371531 0.437747479403657 0.837978593566591 0.14495482747511 0.427526549276887 0.423623243337579 39.3889827572962 1.868285 2.06024763875979 2.035317
-0.263228049850153 -7.84237890426457 -9.4852102689422 11.6528213233704 14.0159983094651 -4.8582049422065 14.8783294141664 6.35747448120109 4.18243404602189 0.473001476430856 2.33216778923922e-05 0.974552462946103 0.212454555654489 0.505817750737062 0.521458058546001 0.0468914672300101 0.134144034568971 0.540774320865511 0.618842774677348 0.288140421620261 0.519977056048036 0.764115483300648 34.4363676932582 3.661564 1.72254382865547 2.344672
0.686238017609935 -7.63639722246435 -8.78544483265098 0.0504868332541744 17.2037081035573 -1.20767543828165 15.0993926610023 7.08074386423828 3.6583593034031 0.189259448406152 9.49902374819789e-05 0.770482688421377 0.774240643064484 0.870431142799445 0.0667470652502723 0.0184712513422339 0.611277477837394 0.743147180849496 0.2840539216853 0.79842968777053 0.577307295891069 0.606144380001139 43.3170637440722 0.8915682 2.43235422902432 2.344672
0.0517492257708324 -6.05438454886504 -7.81651064294091 5.79192604721707 10.81503603448 -3.38923332494253 12.9607336036628 5.42275384979382 5.43713366069131 0.567462141290256 8.76561415008135e-05 0.897173456548276 0.57670253908056 0.352797149435846 0.124121185766206 0.201209312793302 0.427588141156479 0.830943239656144 0.723579919434823 0.534589734047294 0.180390491055472 0.769732134119629 36.9553042280299 3.661564 2.15849423778815 2.910666
-0.115434339571025 -6.32882487963917 -8.20092233947445 1.47831308892608 15.4900524054411 -8.49392904484704 12.5401972566949 5.37963476371668 4.19345007846805 0.297190756236115 3.14778464968146e-05 0.653791280588094 0.541686715845434 0.727613387519032 0.0985538207035774 0.426669781066003 0.726703545346191 0.33095794150543 0.862831795627304 0.652470875313652 0.0931777206496672 0.558607975569839 33.7313205114436 3.661564 1.82564091560514 1.665371
-0.414761691130085 -2.43154138777653 -9.54076980229508 1.99226138035282 8.34167710802095 -6.92437531496983 18.4258040859544 5.13495659815399 4.86069870759614 0.311837692279903 2.39522227117522e-05 0.841507496777605 0.394516270105219 0.922824124402041 0.118490662671597 0.684529108189378 0.144815586444721 0.243099561424471 0.726075824124833 0.131662813542634 0.214037955710296 0.77097765953368 37.4683653386092 1.365639 1.98839448837089 4.444422
-0.109795756209603 -1.79037757709012 -9.76288882506238 -2.658152512749 6.8594735110314 -9.69317080797155 9.67837939431577 7.20614648917624 4.40301859839006 0.689868142782094 7.67437615832068e-05 0.966499743112272 0.507560823553321 0.896980678447852 0.898351396373285 0.0726933974478457 0.240822139553082 0.732016703917682 0.499404499327059 0.366852301410494 0.904787136403137 0.615189980232363 42.0345998108402 4.870978 1.98109645003796 1.404739
0.310110561945672 -5.32291182125859 -8.57022604775602 -2.26345643191409 7.85869382907093 -0.582158708072576 5.68679403269927 6.46091525001935 3.94261078912094 0.852614803991194 9.7018395859671e-05 0.900904708148721 0.0993983139789282 0.0529274637594208 0.679505111737371 0.826648676139027 0.554078945478012 0.109355061643805 0.540929880024174 0.580544395924007 0.510768033805205 0.021084312330337 42.6749647797971 1.365639 2.31567266271167 1.665371
-0.934002117539965 -2.76526549451977 -7.75995673420601 13.9470480227527 12.8012337190966 -2.83478813360476 13.4812788848134 7.79814352365935 2.97436525832857 0.523301280340386 4.74427633183035e-05 0.56811532330112 0.7765009470135 0.660480557540041 0.103918032499563 0.209055493825144 0.450176219371536 0.537714900448566 0.950642927428814 0.203210151304976 0.333191998921603 0.459778913006605 33.0203461049453 3.661564 1.75321110937743 2.344672
1.8673567822332 -1.34092724452062 -8.04853679235326 -4.19093037589167 15.1742957107275 -4.22868203831251 10.8055445122798 4.74145797693347 5.46597879337543 0.343764393629043 2.8451468607679e-05 0.733061560462396 0.201650009156541 0.519679031822496 0.626177025210591 0.52861200184457 0.342431876846168 0.331865179436928 0.636979410430545 0.841761654512356 0.890861320244043 0.266900867768348 40.4276879683047 2.10084 2.30237548063994 1.483686
0.355388713553517 -4.73882687711074 -5.68496887941214 12.448747454739 11.2989834520659 -0.0497395901810238 10.2088236319633 6.49362824325936 5.28416042322524 0.735219006685686 3.01771716885629e-05 0.970638945795993 0.671049034121329 0.904250485717958 0.131217293583041 0.787817979393667 0.844209430378336 0.146368308165546 0.888480479238462 0.947402869589369 0.546431533777863 0.649857380719427 27.7777950016172 1.365639 1.59393738473538 4.444422
0.637925069954672 -3.11516679518332 -9.38443137505704 -4.66610281148083 17.9032191696618 -7.73278488716987 8.24080058774544 5.8040416142133 4.46309678983136 0.870596538360528 4.00959588355239e-05 0.729379366831831 0.284569479485474 0.975209922221833 0.726155742575895 0.233233254831757 0.268543354048544 0.972640988901542 0.69256292598735 0.16075941994395 0.862685721103224 0.516742626252556 29.8643625796989 1.365639 1.48379888225071 2.344672
0.0571562759786847 -5.07040508924503 -6.5350537232194 7.13586374593181 13.7457438969693 -4.9182200337207 8.02548041885258 8.33772216252755 4.92166933134134 0.683395041407377 9.03474896863233e-05 0.826451343715218 0.467168613356973 0.0364044010491451 0.964569322558178 0.770019637581225 0.916247474276792 0.0781321661410509 0.484675437809412 0.309446731035172 0.996312571213177 0.466705342204126 36.5724399333523 3.661564 2.05049315643788 2.344672
-0.0451864808795143 -9.09923172030029 -9.14711334995637 0.363868008583119 6.44237120076747 -4.83370404952142 17.4585357264581 6.93768043665918 4.06276342776427 0.663791987109709 7.39360242668696e-05 0.651264020906051 0.0643116902650756 0.198658088660296 0.588238301219164 0.240937947976343 0.397412191298504 0.146053848048442 0.950797959883572 0.892113842345951 0.106549196560193 0.578910694736782 41.4243394501668 1.868285 2.1135845796009 0.7948529
1.1508637384019 -5.50758257840001 -8.60356805807757 -5.45485038161408 4.6938546085369 -1.70925577854675 19.1470436101354 5.60617973564219 3.46975968333334 0.125902104200501 9.07408519559258e-05 0.785666098666401 0.79677089682527 0.754061374830682 0.457817619651838 0.264585660393004 0.886853978035232 0.254389910201824 0.853504036898615 0.808120945877129 0.606816534280532 0.948273927846189 42.5452103318373 3.661564 2.40725594604192 0.7948529
-0.149353613690268 -8.21269894727138 -7.01345943972707 4.04398399263473 7.59702429767204 -3.43492088968993 15.596614409498 8.22748398851538 5.12856932877541 0.75223744064365 7.97999115997763e-05 0.988180925333056 0.0638187427845309 0.344091864810947 0.600924915894283 0.742043577461707 0.454588523724308 0.721051284940457 0.151977594293762 0.526704620882732 0.463536445893722 0.256214787810018 49.9723906123245 2.10084 2.33905385185975 1.404739
-1.3202340955719 -1.64789478100454 -8.30498094434775 -0.139799400437592 19.1297800874353 -5.5349861762625 12.2137554247632 6.62573192479405 3.74524601034557 0.159414863058115 2.67872777171565e-05 0.841592671887213 0.510275569787193 0.49073682896128 0.485860231216704 0.339802778202074 0.336672209916794 0.555776317496205 0.617381605136341 0.417232798297722 0.0384323070292451 0.342967726036196 42.4404193500215 1.547036 2.34396598761803 2.344672
-0.600531680828221 -0.715093280667898 -7.9706714092637 -4.84316339480026 17.0500809262119 -9.65389918526028 9.04581940261641 7.29035334834795 3.47211165912349 0.437585552156879 6.6084114904306e-05 0.655661843463492 0.612597654856867 0.721745640641162 0.346639725910278 0.708340042709035 0.532368791694615 0.461469495849571 0.66349259671841 0.7490525397683 0.469936442892529 0.0818145684928376 36.9423265299854 1.868285 1.7051208124672 2.035317
-1.21833988498873 -5.36176980573848 -8.75259285923371 -0.769453306666992 14.9964614793577 -8.37141538415671 10.7990690880254 6.37822810199801 2.78139208908471 0.368284997801344 4.19339186537699e-05 0.718322690076945 0.91391365862249 0.367104280989258 0.66882522421924 0.673396414857694 0.10567711000098 0.0123601395283521 0.652904997514127 0.961061468960229 0.539207430677816 0.515852970371944 39.5532702749655 3.661564 2.17517494653177 1.404739
-1.15708029537807 -7.71805575256152 -7.5693659855416 4.66455068740071 15.8983936796238 -1.67408183568865 15.4010934610503 6.90565764810007 2.69866514829822 0.742106184921378 7.06696912238217e-06 0.827082108847251 0.760230078994587 0.758092793209263 0.278278671468383 0.798834373732283 0.814381185672092 0.611342445230071 0.629338545982435 0.332733777381996 0.531151010344442 0.273472387873359 37.8413214621874 1.868285 2.00622999985395 2.344672
-0.665296529236345 -1.49754016849038 -8.24836546823533 -3.90710807935772 1.65695847180478 -1.30065416485819 9.08875464874804 6.90678693559465 5.09162189717727 0.748618142704523 1.23630851424498e-05 0.899364914809015 0.725527870941341 0.193972088226315 0.27405192659605 0.908072896988432 0.786012419513915 0.338468687470626 0.520655420401792 0.123961905085701 0.0747172924403369 0.00967686557198943 36.0953638158483 1.868285 2.03806058617556 0.7948529
-0.512968242342907 -6.8380365659342 -8.59625090435429 -3.48099129102222 -0.774637051596436 -8.73775801016292 10.0378186271919 8.07602083871176 4.02026577097455 0.866316675658264 5.49888612088276e-05 0.883254114955381 0.639955438974936 0.912714964244988 0.393368652551329 0.32755465249404 0.435394797437981 0.264542255596516 0.661499513701444 0.616884833898414 0.99546266880343 0.365244363889281 35.9887316747371 3.661564 1.94663561727383 1.404739
-0.496868590633636 -6.1644275849515 -7.55871116862977 -3.23934106574548 11.2655875984465 -6.50377297116779 15.8593158287182 6.32065641220938 4.7874986979154 0.125538169872548 4.14398876780608e-05 0.945437287177202 0.34915750368739 0.149168278957554 0.468907126157703 0.632805016239959 0.198625116309451 0.18136908754989 0.625152516525927 0.0976932972821671 0.181064311380402 0.0738828161018551 42.4587605938207 1.868285 2.16757669809496 2.344672
1.07247801332377 -5.97206452626129 -5.34263348438055 -0.880103403168934 17.7688401781413 -2.92481422297946 11.8457105250438 5.03729914974397 6.70044336886999 0.561972092862314 8.79224243962789e-05 0.849687771632206 0.233942828985673 0.808350261360849 0.365153641144212 0.546308819077851 0.832725296711858 0.768666682333441 0.317536949365094 0.358028300062945 0.88878051975812 0.708689224143035 34.7482978670268 4.870978 1.6511221217025 2.910666
-0.309233478546967 -8.63718432322785 -7.71124551147545 14.7089634299864 17.7373862706872 -7.07341808459308 15.8301502539895 8.35903704002112 4.29351874235824 0.836218043573092 4.50166426120157e-06 0.489918640812289 0.322832172736834 0.114885850165276 0.981784407582844 0.384770276552135 0.84059632416816 0.465178918496141 0.7813994394931 0.614874690769483 0.676985562230624 0.783268147384551 38.9199392342454 1.365639 2.06393875432725 1.404739
-0.313134345790018 -4.98609415590226 -7.92875001033637 0.264361703530879 2.43827902305105 -6.16108854338916 16.0648861558358 7.60542667013939 4.32915438870989 0.209225598129762 6.34099051650411e-05 0.332811501820063 0.145052435512386 0.626110841197979 0.835416312123124 0.444505316535718 0.250154321147008 0.973447831743781 0.925216684342146 0.408803669575875 0.219353639821515 0.0245955342411353 44.3348072682198 1.365639 2.24839409761789 0.7948529
-0.579756332579437 -5.17280195518307 -4.40940297912347 5.03197763846078 17.0741259345737 -8.15814897062091 12.1822077963987 6.66592630498328 5.29933509933322 0.0623814875962793 4.78943077042854e-05 0.821916565590458 0.863265219182591 0.184835513128634 0.455370079845682 0.927224127390274 0.631359621209751 0.325188816182796 0.138910136829966 0.228475678198605 0.358621087518588 0.632735213144585 27.0185791787641 3.661564 1.44277422843676 2.910666
0.822928564284962 -8.18718207529984 -9.79647939642831 -4.04108219920286 7.36380424283685 -5.20850816145235 17.5199043948407 6.67592024773594 2.33839167218451 0.446926563631877 7.42078827474225e-05 0.939161008791276 0.749695431470014 0.290749438806714 0.855109363999846 0.563510806747909 0.0842455069824741 0.596137057662859 0.903727977184271 0.480911502690403 0.755916955219182 0.344321922787867 43.1186493581314 1.365639 2.14457935655693 2.46809
0.651427334351397 -9.11972229030848 -9.04315836741265 3.72217853314137 14.9702412003144 -8.13384252619666 18.2337523776581 7.07153800042838 4.57420479706202 0.299313488056154 8.75363538264034e-05 0.697560207258618 0.939252354985225 0.908251159012912 0.0401996194651182 0.00471491817924841 0.762858228780917 0.549728232788973 0.92750539832904 0.498523257009258 0.126675017552496 0.907887455198725 46.7397791892524 1.365639 2.50205969614193 1.483686
-0.69854364899473 -4.85490784377067 -8.39480830230382 7.89510509628224 12.6411504796786 -9.56415608506358 6.41154939774145 6.71267356154955 1.94969109532613 0.592523107837666 3.78485835772678e-05 0.897682327903214 0.83999963438427 0.501114834434078 0.676801547601299 0.219016854458637 0.722229219463808 0.980368691495089 0.730886053086123 0.824522389786184 0.46511162748275 0.580195964234293 35.1767295396607 1.365639 1.93322378400993 1.404739
1.29549379148025 -9.9746660828863 -7.01964018920736 6.21088898237077 15.8869192079681 -6.3510809097866 17.8009622920808 4.81957925391358 5.21508783267263 0.233971772737829 6.86160776990516e-05 0.714476023339454 0.330820629739447 0.178803335201894 0.862351843778353 0.119163966136927 0.316397303093419 0.585181073039445 0.149531449241599 0.859086461688794 0.417091380943342 0.270299550136514 44.8114904874841 1.365639 2.29850716085163 1.404739
1.42150116756825 -4.51222045936963 -9.41697931605876 6.18620078786397 15.4945764244741 -0.173739561439286 14.2212252389276 3.98466963571172 7.81407774379796 0.694978142721063 8.31770285573734e-05 0.811382008725855 0.652189295230707 0.595081139841387 0.263739940665322 0.589650488485081 0.491169623417367 0.566541387523248 0.347559404060604 0.24256635346457 0.460387527947652 0.553941828985633 42.7458213734777 1.365639 2.37930139728254 2.344672
0.745010863828086 -0.977429517951907 -8.25900097224039 4.56820608877622 8.7793001346149 -4.72462944877986 11.8478851867707 5.50550521570243 6.54132404585018 0.719500545257809 5.1140278701082e-05 0.886790384320326 0.358055636641668 0.420868472927415 0.365695872096936 0.402645088306338 0.434630111576591 0.487693551039971 0.322882912110911 0.54747907939311 0.874832160549947 0.364338640715616 38.202877157442 1.365639 1.86652203300388 2.910666
0.263099095462792 -3.27953494804868 -9.38290190102798 2.14123295477131 19.2076216942127 -7.49264462095263 11.152483564531 5.16033415562664 6.90919893888673 0.204561289163802 8.16112612076982e-05 0.805792814121789 0.295464591893989 0.8682907995625 0.674484207429756 0.590982477660889 0.728981011779368 0.480436777718966 0.369752856620373 0.150291701042724 0.904294205082187 0.808148883062542 31.8273880428677 1.365639 1.79734884659735 0.7948529
0.921443109128261 -7.85886451524067 -9.41269921872072 3.58871377648865 12.7691641290848 -1.40430352864111 11.1172089791026 5.65951859027866 5.74989125824589 0.502890618458351 7.0924855645794e-05 0.815907731164112 0.248322906646003 0.317308769268195 0.644050268215882 0.8897243048585 0.277692678266652 0.55803345379956 0.502177528155946 0.485652863372491 0.54293467344784 0.848100718890974 40.6063658054774 3.661564 2.18625704830057 2.910666
0.705706410083835 -6.17232760859362 -8.95511604133699 1.00802441844518 14.0922299577871 -3.43055014240687 12.9041720828277 5.48020491079362 5.38069944688336 0.619484007832879 4.34936022171624e-05 0.707379689881706 0.954794987926129 0.834020442407247 0.479636962131889 0.455306418465198 0.618744802192867 0.513766250480458 0.65279368607769 0.402123213011607 0.293793455588012 0.772239830645243 36.1566022567608 1.365639 1.98033877367211 2.910666
0.357078376971965 -7.07142057672132 -9.68157174278818 -4.15185266373646 10.847411890671 -9.08569286165786 14.6527425836824 6.5899158593336 4.60033931330156 0.215885279774874 3.29237487219711e-05 0.848725460266467 0.576183797343956 0.6720438007301 0.952106763260794 0.873723851803161 0.331053046437675 0.925389038986789 0.790104276427502 0.030507138308447 0.509775984329181 0.759629385972625 39.5306849101833 3.632943 2.02919699851835 1.404739
-0.923549761732209 -0.454916295874992 -7.68065734650271 -5.16678133621387 7.82893086378038 -5.00879812177675 15.6624403494762 6.11875599649733 4.14157872090156 0.711290823216259 2.04661732418922e-05 0.95999654035674 0.26480690847902 0.149638671393626 0.336154306787792 0.209035851830436 0.234584529762818 0.0938921599491322 0.882741054727576 0.501457064488076 0.694101697348961 0.221025421355138 31.5104916151019 3.661564 1.72523121564308 0.7948529
-0.235869820738891 -6.57398495840638 -9.69732207334279 -0.875749280832788 19.9136724613369 -7.90238746371958 16.1457710279411 5.88877975396075 3.99528984705507 0.374684910599178 2.66699973767801e-05 0.88548843131524 0.55984347496105 0.692108143317679 0.505027463582372 0.00160425714206588 0.528090922254815 0.993494257506353 0.847552524600313 0.983272419330035 0.178391942817156 0.38084340074398 39.0128981457031 1.365639 1.92043861560895 0.7948529
-0.240975820521829 -6.06103529173225 -9.29695725172824 1.55818530126614 12.4083064060321 -4.73580503604801 12.402693426548 6.45950269141483 2.81735712230959 0.735337677418089 8.03164704296015e-05 0.437965602202248 0.974609620425386 0.517095281501667 0.471096181371408 0.563256424264077 0.470639409486611 0.796006695803945 0.954232061575242 0.523101958916926 0.547994544183763 0.387136208559182 33.8679910366968 1.365639 1.90279872170424 1.665371
-1.52949432519565 -1.7262269800763 -8.1314073197913 -1.62812967633719 8.92079133433674 -2.44404834994513 10.856640784844 7.99700015054272 4.18896373360555 0.421431123289128 7.56988828516157e-05 0.93405098593972 0.553522419833111 0.31979809983141 0.754197688428551 0.713602166476894 0.692746224415298 0.592759172932404 0.559577846511111 0.0711522627263954 0.491995489726144 0.343006267970031 38.6534915469578 1.365639 2.18853381579838 2.46809
0.430892219121009 -6.29240038957945 -9.09519173022879 0.189022523236472 7.92884101661796 -3.07787486962688 8.16902115509827 6.03072421369443 5.79014764268593 0.506691403431461 4.65355988042872e-05 0.758738172342114 0.623289532128665 0.221341914350698 0.675364354384103 0.553302363726107 0.058608587065844 0.972091258527042 0.115663129740542 0.214454120742823 0.397115087165087 0.841816716954751 27.3306968772765 3.661564 1.38562785828818 2.035317
-0.0502529139058714 -5.64971777825533 -5.31175248078735 1.66189845846369 10.5697234356844 -1.99172803519739 14.7637731027983 5.81335076237773 5.0224597493082 0.0539320921751227 5.69274470020201e-05 0.843407796347946 0.962423775135176 0.304620300929337 0.6977826219582 0.359446090959469 0.59105457403928 0.145893578745076 0.824509543385265 0.369706768463518 0.279082777028642 0.0351706504296335 44.4110466135597 1.868285 2.4589862661515 2.910666
0.389463880320395 -9.58446384869585 -6.40747766436145 0.46760401936874 8.76911203625556 -5.33888241342614 17.0402020575921 7.20772263896293 5.68647974609128 0.522643274760224 6.12543294864388e-05 0.662708808963917 0.35700729937231 0.251851334579708 0.271420532720739 0.7772885388434 0.307107762245347 0.645307972994391 0.851712953221561 0.763728986542685 0.0904371505534322 0.710434362993749 41.1953412251713 2.10084 2.23859543811544 0.7948529
1.61138689889054 -3.96283084189394 -9.95300764893127 8.59741342070617 17.3154772722229 -8.66201878926594 6.25959929584488 7.13967039264138 6.54909798440506 0.401684275463172 8.52038559281872e-05 0.513995238161333 0.369510789141445 0.291066655866936 0.923780988272239 0.269615489544208 0.449159822681192 0.343985211847565 0.47218191621738 0.0477769149478853 0.507509872497102 0.357890235403445 36.0134836891915 3.661564 2.01144046335505 1.665371
-0.23879917814367 -2.05461390366325 -7.17125948440764 1.41416087275471 7.85352452824085 -2.45127089106011 12.915622127022 6.45220478114038 4.32965324504321 0.350328732964435 2.75076584741685e-05 0.905803393937823 0.80464508276601 0.20151040630081 0.405484400288386 0.143875186285935 0.198235599705923 0.359367722391592 0.0663838211441423 0.462637125953571 0.293281259397039 0.225378117054347 29.3934327583201 3.661564 1.35108700652307 2.035317
0.69161487120023 -9.43137242879356 -8.61260448888342 5.63346697668557 13.8933265325299 -6.85868175189923 7.44415619191993 6.09039233651553 5.30866668046169 0.673816529562241 2.33660651990064e-05 0.935200457818072 0.186276424378012 0.655273893948132 0.392517248846479 0.213655407157282 0.442753887990096 0.39944402881231 0.680680847176324 0.366306029965013 0.150972487513147 0.472586374783495 32.5504368241823 3.661564 1.76472712436655 0.7948529
-0.141621024461629 -0.769202511409558 -9.5437356208655 0.779508784281424 3.2395846854406 -0.860922851313454 12.4636833357292 5.68114862841861 4.08168481598876 0.116078480006984 2.77208120693397e-05 0.828264186122536 0.486525625172929 0.987448750320553 0.849301283397928 0.385669583380092 0.477999783263622 0.140646603357833 0.720061239123412 0.343860956692892 0.278027032268353 0.0510568288093408 44.7838222475865 0.8915682 2.62543671942107 0.7948529
-0.023878886695712 -4.46474918064692 -9.6531158566009 10.1004116463554 18.7133133050909 -3.0546035529684 13.6803074196702 6.07565031937572 1.85860405808213 0.277825052925763 7.75374252722309e-05 0.908090597863723 0.557930352090339 0.660787700673703 0.624367477140849 0.65795037096365 0.786570486403759 0.214760292243522 0.130284607108068 0.868539330073819 0.824553384641876 0.184725019086348 37.29778946716 1.365639 2.13701948531277 1.665371
-1.64236653925745 -1.98163882157617 -8.73101858025581 3.29674299996952 10.2273143358623 -0.773345919129447 15.8903872530842 7.02908980762801 3.3864826828831 0.925354048436439 2.7015088048627e-05 0.727173837743166 0.891752985459564 0.744658929788262 0.828096311855177 0.0657032144606257 0.473260326819614 0.68934710967437 0.720644180654636 0.218479247355984 0.327175356492718 0.00235446108305407 41.6998785072286 1.365639 2.06837590642833 0.7948529
-0.842722428488254 -3.88164626125587 -7.94485970048409 4.22910815552699 14.0023977358463 -6.28600801936854 18.2729707573117 6.53832247215629 3.16575561469133 0.798059559494961 2.050083431322e-05 0.932774999192121 0.808081832717333 0.93826682786401 0.440617282607406 0.328491243174573 0.887555991399685 0.847570706164452 0.875924942272819 0.828728147307045 0.572039546144861 0.701763662435433 34.6154541316907 3.632943 1.87909147833302 2.344672
0.245929748585244 -7.01113661918984 -8.31259629161228 -1.74819255204384 15.137489124519 -7.10725336935295 9.95841574244168 5.37591470431485 5.26899814709582 0.382035802171751 2.2515235801258e-05 0.670586665228788 0.160000593031417 0.101833561488181 0.650930377038626 0.629146232868632 0.0228278143438256 0.0409238196408686 0.247163822905916 0.814644573846769 0.79318631245401 0.739499990177651 39.3829171091998 3.661564 2.24602397549437 1.404739
-0.0603431691021519 -7.64820435921124 -8.90144489693633 13.5287490448684 14.280652933431 -2.70766951303862 15.8150742072665 6.5041552761615 4.24343281558168 0.0997031910290994 9.49468855436152e-05 0.772916690799856 0.246276610051171 0.668129675965381 0.829225914817552 0.41681194410313 0.660032633432455 0.800319601940754 0.363724506704773 0.957172681328859 0.328696940215813 0.824388493475405 41.3734439676798 0.8915682 2.24649512641873 0.7948529
0.616030546924245 -8.13529297346386 -8.16630655780389 4.37424825574652 16.3828289125369 -0.860239190086791 10.078502642887 7.9745426571502 6.09417493725292 0.703372383714245 6.15230862742307e-05 0.881174860145173 0.399267139389927 0.913021921529681 0.466902933824803 0.000560918498968832 0.517609650395856 0.865651473618866 0.948992832796661 0.417993195063357 0.96893454520564 0.00511081235278085 20.5015000042354 1.868285 0.987842143014359 1.404739
-0.343210404471571 -0.568358280828994 -9.83229158907943 5.6827467935205 14.3435560942441 -1.92385203588267 8.41848400486747 5.51116725545621 3.83102293899254 0.101337134275826 1.1524165539606e-05 0.971026641610727 0.0281420726828992 0.520298032747952 0.0298335183507553 0.117939085208439 0.78046053505299 0.388034517689261 0.229750269688207 0.4464272288393 0.0391041087478002 0.435325486756849 31.6062338926206 1.365639 1.66121654640041 2.910666
-0.770624681839474 -3.67680895713077 -7.48644897611463 9.24276851692873 19.1712207750993 -5.75494993488074 15.4910632202135 5.29304256684591 4.44578380438299 0.617668188595283 7.82906671662075e-05 0.731463533632646 0.461389322409646 0.969049660060954 0.530615179956107 0.24960980727369 0.454655378140994 0.505191082846498 0.560178936564083 0.698493080140887 0.424089419336624 0.435805296068901 34.3317121021107 3.661564 1.90814226992365 1.483686
-0.344019142873892 -9.33164765605338 -6.93506792510134 1.0867507148394 7.31851135208217 -4.50129825184658 19.8367408439634 6.04058608341598 5.5267939045876 0.640413721656923 8.67091836322552e-05 0.698010026118577 0.86449537556475 0.528053451619817 0.741714941354521 0.454599419837422 0.299039125489527 0.799458542176491 0.634695755885827 0.816524744074103 0.150533265856783 0.543866433387969 39.131809181238 2.10084 2.06880009034984 1.665371
-1.72500017538461 -1.96481863073408 -8.30419593656998 -1.16800642962737 4.836437941331 -3.33864851579812 11.9825957227815 8.28426746374622 3.68417929716613 0.324195609692528 4.91316782338671e-05 0.587489837242904 0.626542578882758 0.696379096069069 0.205503961912755 0.618965533058616 0.22196856291882 0.105257437139884 0.543080813776571 0.941244192920058 0.210813736708797 0.38061269525526 42.2521019012174 3.661564 2.32384741353656 1.483686
0.988343749599916 -8.3102751818579 -8.97982520695154 4.17942005445293 4.2628639410969 -8.75109340666145 14.4480894183127 6.28525932034715 1.89181820990087 0.380408673771927 2.9936540207741e-05 0.922435391970942 0.774977773711951 0.127904473772315 0.322327304376056 0.621268392490151 0.630188793640535 0.0690159896853246 0.265187898815633 0.699379777476823 0.363663940244856 0.679364876740323 43.7733008795238 1.365639 2.26746366727338 2.910666
-0.216788215630441 -6.30910174792662 -8.91999249567165 3.96341896188905 13.2394854161928 -8.72199032301527 14.811804614154 6.46570360137266 4.70561817414715 0.38906101460551 3.47334324889134e-05 0.846936673762436 0.612245767453074 0.469180410377158 0.969479576506435 0.578097107155044 0.88470402417272 0.0132215094933771 0.630040322043707 0.754873148297994 0.764886732923385 0.802994561187487 33.1744919848745 3.661564 1.74479905494965 2.344672
-0.112762939191504 -4.89109358820845 -9.70340237497836 3.33405127231349 16.4839881357848 -7.55163596426529 10.7953726584034 7.82342242757193 3.18751099195515 0.160952917283701 6.46790390002226e-05 0.951208364441823 0.7371046489148 0.885268513430121 0.846472193819489 0.427534342801205 0.712667986696188 0.116324444956683 0.44213536832849 0.611238632826535 0.965684886844909 0.336882754460905 38.5407681551877 1.547036 1.93345107834682 2.344672
-0.73179303340462 -4.5667242038614 -8.69206742739102 7.46003339945207 19.6321336625178 -1.39063487640355 10.9064847386633 5.95725611725909 4.43198770384388 0.311713833403967 5.70362333170854e-05 0.961446745034518 0.86512009870596 0.556826543877219 0.708197352447869 0.364088968182419 0.9447389151154 0.39425095765656 0.491980736022724 0.0157971149074188 0.726075911159815 0.261875705377032 35.3856567676041 2.10084 1.90034731514964 2.035317
-0.69482957294063 -4.4013743360223 -5.57071045660975 11.1058520206765 11.4237070544589 -9.3892914032656 9.47182437404224 6.89555666389799 4.10249614297833 0.548962586985021 5.85583903717256e-05 0.873504868204467 0.908706375813324 0.45131269101241 0.157866358735533 0.800377595955043 0.667649743037455 0.544663486392572 0.245494883115042 0.844113417856561 0.468703290598776 0.640951867030164 36.0112769674923 1.868285 1.90471436662538 2.910666
0.306302585774518 -7.82599281468506 -9.71135031870735 4.02787861524896 17.038958150387 -7.40687823006993 6.16767502458136 6.03419844464063 4.38512289843256 0.57463691651272 1.79726738710597e-05 0.548625968856232 0.80895428921021 0.125245935950555 0.0912137812498689 0.970594348873472 0.814536432512224 0.24308969838114 0.424304279142964 0.632435094692752 0.760763977100535 0.755778453129305 34.7986232067482 2.10084 1.97898972906375 2.910666
