3.166667 8.646104 7.164474 2.666667 3
3 2.588235 4 4.353659 4.085106
2.096 8.734538 3 5.722543 4.121212
3.822222 4.881356 4 4 5.234375
8.360248 5.04 5.222222 3.195876 7.428571
2.8 3.473684 3 2.125 2.75
5.090909 8.19403 5.135135 7.663206 7.568293
5.17284 3.517241 4.029412 3.076923 2.744986
2.666667 2.666667 3.239437 3.322464 3.241379
2.666667 3 3 4.108696 2.333333
2.75 4.733333 3.5 2.777778 3.576923
2.909091 3.5 3.333333 3.636364 3.37931
4.814815 2.965517 2.666667 3.894737 3
2.844444 3.727273 2.339623 4.666667 3.495798
4.226415 3.625899 2.666667 2.666667 7.620253
7.260844 8.724311 3 4.063492 2.897959
3.255172 3.433735 3.56 9.190963 4
4 3.128205 5.680982 5.445652 3.5
5.034615 6.511628 4.903226 3.176471 5
2.871795 3.5625 2.028571 3.2 4.333333
2.529412 5 3.69697 4 4.444444
3.085714 5.274489 6.058824 4.134969 3.384615
3.666667 3.692308 2.923077 3.875 3.333333
3 3.333333 3.538462 3.111111 4.148148
3 4 6.859002 2.6 2.4
3.953307 3.642857 4.683587 3.125 3.225806
3.032258 3.690909 4.382979 6.5 3.254237
3.111111 4.92514 4.8 3.28125 4.44
3.300971 4.4 6.536398 6.304348 3.69281
5.807692 5.734597 5.673469 4.674699 2.333333
3 4.781609 2.745098 7.583815 8.92883
9.027888 7.040446 6.623377 2.666667 3.75
8 7.744681 5.893333 6.416573 5.652661
5.5 8.735294 4.707617 8.3462 2.5
4 4 2.037037 3.12 2.758621
4.4 7.285714 4.869565 7.142857 6.8
5.52381 6.210117 6 8.257823 7.659311
2.4 6.917551 8.389354 3.25 3.5
4.538462 4.785047 4.774194 5.351351 4
2.666667 6.8125 5.142857 4.666667 8
5.319444 3.5 2.666667 5.904762 4.2
6.30303 4.780488 2.571429 3.147541 2.521739
4.818898 2.888889 3.083431 6.496133 5.68
2.875507 4.606061 2.669366 6.300654 3.345455
4 4 2.504065 2.4 2.666667
4 4.08 3.5 4.695652 3.363636
4.5 4.857143 3.787234 3.872611 3.602273
4.760116 4.615385 6.546392 4 7.318952
3.340659 4 6 5.454545 4.87963
5.803922 4.007533 2.842105 2.941176 4.745763
6.076923 3.733333 2.307692 5.65019 10.54775
3.6 4.82967 3.676471 3.818182 3.666667
2.571429 3.428571 2.956522 3 3.090909
3 3 4.75 3.428571 7.308271
5.917031 6.836565 6.721485 5.255814 4
3.168831 3.333333 2.666667 4.857143 6.401515
4 5.735294 5.76699 5 5.666667
6.039062 4.833333 3.875 3.126437 4.3125
7.132231 7.890687 7.977143 4.857143 4
5.589032 2.818792 6.327022 7.434495 4.974359
5.827309 6 6.076923 4.628571 4
5.831325 3.555556 3.596708 4.230769 6.184211
