7.325941 9.671168 4.850054 8.629561 6.224183
12.55625 5.122186 6.158858 12.25444 9.149288
6.449065 7.528105 10.25302 5.76497 12.25247
4.940536 7.005196 9.202497 7.118925 4.589746
11.41359 7.837501 7.052014 11.32118 9.255916
9.762571 18.27319 6.065039 8.054881 6.707246
6.252721 4.753309 12.00717 13.58483 7.347021
15.27029 5.5161 9.252835 10.24187 8.053515
5.67364 6.853537 4.741915 6.501655 6.591973
5.383117 6.24221 4.55559 5.865692 6.217989
8.056356 5.098089 5.264108 9.253264 11.68766
17.09516 6.459991 5.383118 6.223109 7.294884
19.92153 10.77625 8.848549 7.005196 7.501883
12.67464 10.02578 8.96876 7.253753 16.63986
14.25536 5.122696 8.505757 8.90859 9.30642
8.96692 6.647172 8.724306 8.804092 9.263717
9.00269 6.521727 5.966291 8.568873 15.20137
5.177815 8.606112 12.74485 4.772563 4.542971
7.263446 5.064514 11.1045 11.34173 9.571
5.777176 11.01547 6.357884 6.933098 8.308553
4.812129 14.09948 10.11536 10.3412 6.501387
6.052814 8.776107 4.949091 16.20372 10.96872
6.75314 6.2523 6.997801 4.512334 4.934717
5.060246 6.808567 6.55555 19.86132 12.21639
4.753276 10.75914 5.333117 17.82808 4.762884
5.758664 8.884274 8.253142 6.119968 10.6209
5.882567 8.403497 6.048589 6.136667 11.39886
4.767797 7.066647 10.12495 7.296162 9.254146
6.772273 5.977966 5.897018 5.464185 9.619521
4.644304 8.180613 4.369183 12.62973 7.223603
4.634646 6.761628 5.749153 19.34956 11.54945
7.64774 5.406674 5.757208 11.09 11.42156
9.202028 14.59476 4.606852 8.006998 14.23268
5.588841 5.763979 8.755034 8.213995 5.504984
13.03108 5.281765 9.780368 5.753019 6.290163
14.17458 9.785056 5.597733 4.33752 6.933416
9.331261 6.914527 13.50403 10.9974 7.652473
5.504735 7.526374 8.433798 5.488502 15.18661
14.76166 8.738813 12.27399 7.005196 10.65073
8.041993 7.069386 4.492865 9.542224 9.633208
5.000617 9.278305 9.739195 4.921226 4.424896
4.705689 7.005197 4.851028 7.634595 12.60924
8.854394 4.7678 20.12251 8.423093 5.722903
9.029991 5.139522 9.617105 5.269473 13.5577
9.290914 10.32594 6.258945 14.72781 13.12947
8.152708 5.895753 6.029287 8.005675 4.900297
7.811592 18.32474 11.68753 5.838713 8.653621
4.49614 6.626966 8.383827 6.123018 5.949961
6.359064 17.56901 7.121356 6.501949 5.504736
9.285879 10.25439 10.96372 7.285778 5.249124
5.249057 5.161682 5.024209 7.682391 7.483368
5.998242 5.461539 6.7249 8.849516 7.949919
5.752234 20.7583 8.211796 4.767797 5.549789
16.20742 9.449639 7.45652 12.99345 19.8562
5.509525 7.337833 7.95869 7.015168 5.670536
11.26627 7.2526 5.026327 6.505035 5.786874
6.271432 7.123263 7.041551 20.79196 6.2523
16.31993 6.253237 5.05337 7.638895 7.857663
9.522101 6.752801 4.642963 9.253276 7.733024
7.54847 9.486685 5.253142 14.36571 7.819114
10.56244 6.383854 14.22458 7.0322 7.437007
7.746285 5.266295 6.992845 6.079509 7.266931
7.268468 8.460072 9.77854 15.51251 16.15568
15.16843 4.772619 8.751916 4.968094 5.645759
9.251336 12.1577 7.168821 8.672835 4.532168
12.08539 10.33174 10.59666 10.87351 6.06763
8.821645 7.252514 15.33088 7.182636 13.90751
13.57727 4.405297 4.752112 8.513075 5.545806
6.780818 8.49142 7.095352 8.854928 6.029283
6.823468 6.133835 7.774054 16.77319 11.98415
7.759901 10.09893 4.87203 6.241328 5.732001
11.30627 8.417374 4.650805 7.441113 7.396044
8.558428 10.45325 9.121846 4.85862 9.057836
9.835381 6.731753 9.335608 4.757499 8.228242
4.938575 7.383134 4.758131 5.743898 7.015574
8.347377 7.449082 6.923841 14.23095 11.5964
6.2513 13.55983 4.902448 9.253085 10.35182
5.637161 7.059575 6.495096 6.707019 4.410871
6.223013 8.362869 5.579981 10.66574 4.616469
9.022327 5.957645 10.02198 13.00953 15.92874
7.635548 16.15376 7.769015 9.216781 10.02114
12.04954 6.728484 5.750602 10.24265 10.60448
4.860985 7.282012 4.462251 10.23552 6.439173
4.386422 11.85368 8.65166 8.023194 8.437763
8.337306 9.198674 6.331121 8.751652 5.089651
6.132052 5.126398 5.240151 5.77055 7.541876
6.225682 10.4014 8.765842 5.403744 4.99528
8.368186 5.931511 9.261543 5.783185 7.956494
10.66951 15.05705 5.856829 7.687038 7.237901
5.817348 4.914366 8.155844 6.014148 5.195766
9.577217 8.423551 5.797658 11.67035 8.703716
9.16204 9.234032 7.068254 10.36966 7.25956
13.58811 4.369549 6.636926 5.845906 6.576427
10.51241 13.86921 4.869555 7.320425 7.251652
8.986149 6.80929 11.52194 10.53502 8.227144
8.070775 10.23433 11.75375 6.870304 7.623799
13.83601 4.763755 7.010086 10.35354 6.555141
5.673705 5.822421 4.505656 9.547511 4.818168
8.325846 9.912334 8.587412 4.633571 5.770553
4.503274 6.553688 6.552014 12.99907 5.85591
5.252171 5.252615 7.487271 5.168153 8.108358
11.76871 8.469519 13.95621 9.497015 8.749366
8.553699 6.508249 10.94235 5.286906 8.169338
4.370578 5.809928 16.26436 7.756216 6.615469
5.528688 11.8066 8.662303 13.29621 7.783461
13.78028 4.801379 12.49835 5.496667 6.109023
9.886539 6.271435 12.79095 7.869618 8.29553
5.53987 9.48295 5.018227 4.537044 6.983505
9.74461 6.913087 6.233784 7.883543 6.149177
6.313165 9.355485 4.435844 13.15921 5.004394
7.555512 5.831397 5.649968 12.30947 6.869573
9.096102 14.47034 6.420745 7.825664 9.851453
18.25089 5.752233 8.903185 5.619959 9.180757
6.516799 5.548379 6.7595 9.754157 12.25216
6.271886 13.76731 21.69718 11.71118 4.50447
6.168254 6.856322 4.758804 9.006202 7.009212
7.759902 7.349357 4.873326 9.61984 9.002789
12.01932 7.874614 16.80511 8.260268 4.722234
7.032199 15.31365 9.149251 5.828586 5.5409
9.498479 8.025202 7.599432 8.104347 6.510128
4.508536 6.763801 6.821683 10.83933 5.527311
6.490769 6.779863 12.64639 9.021205 10.2435
8.261472 6.759526 11.75269 9.506724 11.27342
8.840737 5.750072 8.12302 9.031957 4.50447
10.90126 5.756956 7.015168 8.005558 8.735711
9.097501 6.448402 9.251287 4.396258 6.604012
7.338758 5.758756 6.173357 7.313869 7.77668
6.304929 5.281765 9.204822 4.993954 6.758071
7.582858 5.629134 4.620938 7.005197 15.85696
7.294884 5.106363 8.42681 5.478388 8.971303
8.752 7.101243 12.69099 4.632613 5.511011
12.95891 6.755298 10.67481 9.309955 6.521768
9.852686 6.125646 4.508693 6.616136 8.884153
11.87628 12.9642 12.00909 9.868701 9.215155
5.809529 5.458529 10.2206 8.742187 9.603021
11.01753 4.463264 15.54641 6.594762 6.505035
13.88746 8.135765 6.77025 5.258397 12.93849
5.222488 9.08586 4.514556 7.740407 5.280822
8.295951 11.00245 7.634154 17.08249 5.414033
9.344663 15.54015 9.886306 6.945167 14.75664
5.545015 9.80856 4.75813 12.94686 11.29436
8.784898 8.534798 4.940129 7.089164 6.759242
4.509525 6.530382 4.349197 11.89756 4.745276
12.9579 7.260274 4.536574 10.51013 8.860195
6.117385 6.630155 5.206293 9.737325 5.742015
7.375515 5.244492 13.51737 11.99159 7.378926
5.740775 9.479427 10.38132 15.36457 10.14198
7.875964 8.584857 5.169263 8.511069 6.767117
7.736406 7.374723 5.637555 9.589671 10.41705
8.395169 8.527002 9.181562 6.921329 11.11548
7.14892 9.027094 6.514644 7.600102 10.55546
16.13083 5.504735 5.253144 6.162548 5.495501
4.354765 6.248161 6.592039 7.260564 11.20918
4.461166 4.819206 8.054886 6.958219 4.738456
5.810137 9.981798 10.5846 7.044327 5.913412
13.14125 4.938483 14.85915 8.154436 8.887013
8.822574 6.271435 9.564212 8.749592 11.47029
7.928739 10.02346 10.5846 6.730565 6.362663
4.752629 18.29616 7.302281 8.604888 9.077064
6.404766 15.57312 6.536454 8.755774 5.528722
13.92597 5.808875 9.409935 19.24344 7.444274
7.300697 5.831478 23.57228 7.188944 11.58364
4.502628 6.106325 6.048581 9.511974 15.64624
4.504985 15.98652 5.869368 10.35034 5.758334
7.744807 7.593347 6.725852 12.01365 5.786867
8.410985 5.650706 6.626077 4.369736 8.582857
10.30814 13.29918 7.204249 6.045606 9.756142
5.252171 7.886029 8.754614 11.53815 7.752526
6.514646 16.15658 10.50856 5.24574 7.436813
6.119479 6.279213 8.914536 6.292375 4.932924
8.751199 9.457297 6.688192 7.28799 6.00488
8.46967 5.518225 5.032662 4.945222 7.550101
7.136437 6.43187 8.991142 11.744 11.507
18.69833 6.898703 13.04881 8.00289 8.803074
5.436695 5.49149 4.499452 6.416354 8.075063
5.504735 8.826021 6.22755 4.7787 8.393614
17.75901 5.605929 11.13974 6.501833 6.833572
4.435826 10.55343 9.65522 6.486909 15.27144
5.024825 6.687661 14.63216 9.538265 14.40055
14.68489 5.976182 4.420725 10.566 8.356747
12.65713 6.717483 10.67063 9.472864 4.752867
8.321581 8.276024 4.498784 7.505371 7.158265
6.444423 17.02411 10.10249 5.275134 9.402532
12.52363 5.828931 6.921243 5.258398 8.107935
4.730949 6.645705 12.05952 8.59455 7.555575
12.34247 8.744365 5.300424 5.762881 6.519906
5.865341 13.87831 4.921214 9.112358 7.816374
5.593646 6.433752 5.7995 5.473177 7.575892
6.897588 11.19222 8.382776 4.611494 4.932382
6.466335 4.996384 8.999669 6.168774 4.998526
12.8323 7.791729 9.492206 5.31543 5.593487
8.994161 16.93959 4.995545 20.42028 15.73162
10.29847 4.509795 7.311143 11.51004 5.639077
7.169932 16.26807 9.817293 5.013107 13.56857
5.493076 7.939721 9.880957 7.631224 8.592289
7.558479 6.755007 9.777958 7.933861 18.82603
5.992353 7.282307 10.89141 6.963293 12.75641
8.007333 4.636041 10.57871 6.793193 6.082423
9.126881 9.982866 7.136607 5.622783 6.738464
11.08326 5.835646 5.874658 6.936252 4.502295
10.30547 6.128223 6.313155 6.059097 7.494847
9.648247 7.994812 9.901909 7.257733 6.752
6.752611 6.617797 13.32343 8.89206 5.258397
15.47663 4.75813 12.37492 8.866171 7.374537
5.386858 8.673081 4.652796 4.859484 6.197735
4.451699 13.60639 8.784891 6.152159 5.371925
11.75767 12.48676 15.04901 12.84837 6.139452
5.005666 7.946909 9.14077 5.795669 10.71857
6.269843 7.223609 7.388708 4.670446 5.331522
4.512335 8.285985 4.772618 8.011305 6.239985
5.867336 7.392103 10.84414 6.029287 6.059085
6.068231 12.77548 10.78599 18.11418 8.76066
19.76999 11.12968 14.51741 7.877479 7.271296
7.515727 6.793508 8.506717 10.16454 10.29307
6.066256 9.413262 7.254081 10.79914 8.785985
9.498516 6.934335 13.1473 5.541233 9.029985
8.872713 6.933825 7.884389 13.26979 9.243335
10.42189 6.986128 9.991521 13.13263 8.222059
13.11536 8.822085 4.840181 5.510034 8.622765
7.505371 7.859318 5.722743 6.734479 6.26289
21.41635 6.31549 5.759144 8.626276 17.97891
5.527315 4.767094 7.049119 7.891198 4.623993
12.5688 7.753752 8.104337 5.744896 8.017463
8.112199 8.128023 5.277694 5.744892 6.232841
5.747136 8.419973 8.512508 14.36973 5.047541
9.269843 7.457114 19.04552 10.86972 11.62493
7.259218 6.439204 4.521584 7.499877 6.03411
16.39767 7.172326 6.635882 8.760661 4.870214
7.597645 4.369549 15.81567 13.02512 5.174081
23.7878 4.755799 5.755292 8.101779 5.254394
4.49657 11.02116 7.880407 8.084277 4.7678
7.374712 15.12967 5.257996 14.62093 8.008081
4.78082 14.3051 6.6016 10.6179 4.752905
4.375596 5.290914 4.869627 9.911195 8.314497
6.354128 6.508511 11.28082 11.81126 7.151212
11.55763 6.252894 9.020581 7.797053 8.251389
15.75807 5.544648 5.513658 9.140823 9.277273
5.024209 9.754466 12.73701 13.23382 7.770135
5.808893 7.269147 13.73378 14.05532 4.378026
6.356491 7.26458 6.425218 4.512336 9.366964
5.367532 5.519899 11.57196 8.373011 7.298679
12.36799 4.826096 8.035036 7.754114 7.628297
6.331895 6.249153 12.44809 7.636786 5.261124
9.676452 6.295541 6.752371 7.648195 15.7553
6.638697 11.65804 4.87221 5.000184 7.05758
6.377081 5.007693 9.590672 11.39076 7.249544
4.997781 7.823286 9.716294 16.43804 4.518349
10.04117 9.774066 9.6918 18.6674 12.74774
6.990194 11.3246 4.461208 5.641549 9.387429
8.207425 8.255563 19.88755 6.078191 5.057534
6.629612 9.785767 7.773092 8.279863 10.95876
7.251389 5.488203 5.692266 5.004599 6.240394
4.752038 8.076605 7.12917 5.501832 11.29395
10.00851 8.260231 4.911861 12.57968 8.034903
6.91283 7.015166 6.17962 7.496816 10.60646
7.251624 9.355783 6.514646 8.651877 10.37565
6.520581 5.066914 14.06376 5.692921 4.830772
6.758094 6.930068 12.23033 6.897903 9.543681
12.76809 5.387269 7.997651 9.313426 9.219962
9.048533 7.015623 6.00488 5.764339 5.705167
6.71967 4.554013 5.56078 6.020232 6.282109
6.052008 16.77414 9.707819 5.620711 8.359133
8.383076 4.846923 9.644041 6.640752 4.768469
12.84432 6.251023 4.614598 4.402816 6.649387
7.413736 7.933738 6.71967 5.198451 6.915303
8.492462 10.93073 7.801997 4.796892 5.504736
7.304666 10.25439 12.89649 7.5639 13.14966
6.07819 4.624016 11.39444 13.01223 14.3956
12.51061 4.529451 7.94989 14.02574 12.00759
4.62655 8.716618 6.238496 12.17586 7.114678
8.253264 8.035036 5.009844 11.23743 7.492985
11.70527 9.919351 8.776107 4.761628 9.462278
18.79804 4.816163 9.744167 4.623894 11.2306
10.64067 6.369512 8.285187 5.883462 6.775921
10.74602 4.732722 4.641464 6.416299 5.7248
9.239096 5.004599 4.753518 6.148286 9.546839
8.516967 4.716652 11.69504 10.78869 6.834541
5.869608 12.01483 6.440893 7.546199 5.006341
11.05258 5.830015 4.75094 9.994941 7.269789
9.201685 9.569415 10.76629 5.276553 10.08526
5.698344 8.278904 5.000323 19.57515 7.121118
4.994851 20.15882 6.029287 4.752721 6.860246
8.635242 4.752046 7.845432 10.91448 8.362812
11.98005 7.310635 6.756142 6.948641 10.03103
5.880026 6.506453 8.58771 14.27128 8.858536
12.60866 9.501935 10.15009 10.64744 7.972019
10.03008 10.36253 4.497508 12.45105 6.601579
5.5039 5.847375 6.64487 5.226157 9.008989
7.27257 4.775579 9.012111 5.857684 9.488992
6.060108 16.55959 12.55656 6.667186 6.63332
6.221967 5.287029 7.849522 9.095255 6.470656
8.020159 6.447944 11.48027 11.00851 5.369017
6.553679 5.495498 11.50965 11.36011 7.259566
4.883537 7.430801 9.197285 8.103699 5.983917
9.032362 4.814292 15.65964 5.814677 12.78616
7.154827 7.279253 6.880135 7.255675 6.400388
11.55396 9.443123 4.687391 6.548807 6.242742
9.270634 7.774054 14.73538 7.764771 12.13744
5.311127 5.620974 7.000791 6.251759 8.140803
14.52483 14.87722 8.373036 8.752659 7.763755
9.408348 12.75807 4.350199 7.510813 5.738592
5.713769 12.61756 12.57042 5.343737 5.504736
9.979291 10.12906 9.518426 10.45935 5.083257
5.46938 13.27181 4.507018 7.169728 10.84818
6.368732 5.481204 4.985325 17.3703 4.884176
4.926785 11.15329 15.37992 10.3037 14.27467
6.430401 6.538621 7.443423 7.582777 11.61994
6.00488 10.71367 15.09279 7.787751 8.189825
10.85899 7.295671 5.453329 5.447355 4.649728
7.86979 6.725999 12.63251 12.13645 7.326251
6.623149 7.371294 6.429919 5.620567 12.21994
6.111125 7.446784 4.341289 12.97063 8.809772
5.836593 7.005305 14.35285 6.105572 5.331522
8.604396 6.336794 6.972758 7.500848 8.573893
6.009123 5.004599 5.376756 6.351772 5.453591
13.16503 6.24894 16.79059 10.94651 10.26218
6.684232 5.506452 9.180122 5.385105 6.605366
11.39205 8.875775 8.906837 7.448475 6.786239
10.36958 6.157924 6.610195 7.492953 15.19722
4.999274 4.491711 7.161439 4.683167 12.50851
9.47688 6.534672 10.3985 9.649629 6.320363
4.616466 4.356485 9.269905 7.510392 5.240466
6.147338 8.430603 5.898 13.82298 7.497326
9.814439 6.143429 5.501462 6.251571 7.344252
4.518344 9.14078 5.53059 5.622783 6.528995
6.135547 12.41806 8.513455 9.154211 5.347075
12.77168 6.687136 5.621144 7.137411 9.322658
6.000295 7.738225 15.98962 4.429143 7.42539
6.453632 5.752742 11.57122 7.326024 4.50447
6.610976 6.989648 7.50876 4.611648 10.20803
6.62994 8.181485 11.79179 11.5608 9.17013
6.751054 8.746784 5.305486 13.74255 5.111606
9.463267 7.702013 6.636282 6.385825 10.35561
4.490366 11.98433 12.90565 5.264341 8.126001
6.958189 7.706013 11.96887 5.223984 10.19941
7.51591 4.48711 9.390068 8.250973 12.51103
10.67418 7.508809 6.996869 8.707653 6.546415
5.565302 11.63267 5.255198 6.280068 17.56688
7.113594 7.759902 13.71029 12.69209 4.432364
7.63555 7.008552 11.50769 6.530814 6.924319
8.721382 4.553473 6.623153 8.572621 5.603353
4.985615 5.46701 7.044423 6.363806 6.197372
5.052593 6.495404 15.11162 6.629178 7.490971
5.258397 8.778888 7.000053 8.532363 17.52244
11.29553 7.885064 7.284603 8.644718 6.147623
7.258793 6.398797 5.255159 7.634153 8.815685
7.134399 9.781723 7.011598 8.901205 7.370808
5.291452 9.763112 10.41825 8.12899 5.761899
5.009276 14.92767 4.80026 5.013112 8.486772
8.212209 5.259458 7.859996 4.780067 10.51635
9.660223 5.497618 9.304318 8.022254 12.78963
8.539418 14.28904 4.378024 8.942114 9.279282
11.82955 9.867721 4.752611 4.435462 16.10053
9.526839 13.70475 5.903925 18.94534 12.92375
7.858267 6.574837 11.35328 7.908509 6.737406
7.294884 6.979789 9.285035 14.6262 8.55784
5.808895 9.952349 4.593068 8.253141 17.93162
8.806957 6.639858 9.639575 7.854759 8.370496
6.137797 9.62481 5.868478 6.504451 5.256141
6.01415 11.2939 5.002169 8.99509 6.363366
8.210647 13.73286 7.490769 8.473151 15.44206
12.79212 9.005971 5.198725 7.541584 7.513569
4.668215 7.551702 11.26193 8.210136 12.17224
5.412458 6.860055 14.70684 10.55487 6.484747
13.87665 5.401894 4.770826 5.55643 8.031008
6.005359 4.518376 7.792155 8.6217 5.270569
6.753131 5.540901 5.630578 11.81306 9.150508
18.04344 8.174549 5.834769 7.25896 4.514831
14.0342 17.82781 6.01415 7.823598 11.45377
5.512547 6.09148 6.252801 14.05336 12.92098
6.64603 9.018565 9.408348 10.36087 5.252719
11.2464 8.042079 7.509231 7.40524 5.827524
5.616499 5.008991 8.227428 9.03829 8.784411
6.251047 8.260212 6.56854 6.918306 12.59714
13.476 8.877688 9.502921 9.865014 7.877512
6.258557 7.585793 5.996699 4.458699 10.00291
4.495198 5.010074 10.72604 7.629075 11.7149
14.27474 5.338739 9.399965 5.487817 6.680693
7.512506 9.665495 6.521838 7.369644 11.47909
7.489725 6.628743 7.456681 7.461749 5.360595
8.533634 11.26401 8.084192 9.309744 20.30666
11.82303 5.77055 7.531611 8.40347 6.542862
7.188229 12.11073 5.591465 11.1761 12.25667
5.96548 5.375038 4.45803 4.495589 7.123474
6.359064 4.893174 8.921348 7.58386 5.013111
5.673703 13.51081 12.16573 6.023854 8.268447
6.754958 8.11636 6.533288 11.28754 10.65581
7.634655 4.36967 7.337028 10.52212 4.624529
13.26889 11.43472 8.49899 6.045657 8.169338
11.01398 8.020496 11.30458 7.785286 7.02489
5.526752 9.507472 7.869672 6.2523 5.752234
10.32372 9.494669 10.07755 8.389456 7.891922
8.756077 5.998101 8.926752 17.71742 7.811296
4.369699 7.634671 6.139805 5.712852 16.11203
9.642273 5.252171 4.804914 12.8013 7.500401
6.514646 7.959947 7.309377 10.92206 9.096094
14.16166 7.135639 7.160243 5.119607 9.680517
10.71011 5.964392 13.26699 9.348026 5.563374
5.799105 7.346858 7.418857 4.7678 4.63635
10.84164 6.143089 4.787029 8.005087 5.041848
8.15811 16.12996 7.751346 9.279857 14.89765
6.806939 7.175216 4.50447 10.34368 6.885782
6.969737 10.74602 9.559076 9.748093 6.444821
8.348798 9.536125 4.869681 4.755476 6.170701
8.266929 12.81693 6.266785 7.308558 9.878039
5.860215 7.032798 5.057018 6.891653 6.093333
12.25165 5.5011 5.44398 15.50369 9.690391
13.89437 16.12398 10.49474 4.383272 10.18273
4.616266 8.513247 13.28581 15.79667 9.821655
10.22697 8.813466 6.185207 6.57795 6.068928
6.557207 7.754623 7.963563 9.38455 10.26885
24.70272 12.63252 5.526758 15.48177 13.00302
12.77045 8.265766 6.116036 9.038285 5.383117
6.531844 5.176977 13.16096 10.00825 8.049502
6.399332 7.787227 6.287968 5.506724 12.67844
13.5116 6.020158 8.923897 11.37515 12.29625
9.723118 5.005936 8.411577 8.714987 8.526124
7.251198 6.745332 6.798013 11.03334 5.423836
8.661844 5.234107 5.844806 7.427246 9.281727
10.54661 7.923521 7.885893 6.599828 5.028159
6.165195 9.331271 6.553686 8.639859 13.12232
7.738219 10.09331 8.091924 12.07095 18.23678
8.262589 9.864863 8.912584 5.729636 7.303535
6.728783 4.726456 11.80857 9.178652 9.383213
12.32987 6.111012 9.805002 4.949719 11.20792
10.34735 4.512337 8.251351 5.252171 7.87099
8.525479 8.006259 8.267312 9.374819 7.583973
5.0046 4.59127 8.6157 9.836546 15.07847
8.700935 7.036026 7.280052 10.26205 6.772273
5.000158 6.254528 8.252611 5.774262 7.648778
4.998404 8.169799 7.783225 6.067179 5.149022
19.47144 6.13605 9.122562 8.121226 4.897108
7.234204 8.243385 8.755595 5.269473 6.325734
14.24105 8.737572 12.51547 14.70745 5.737282
5.40876 6.067179 7.754392 6.182311 9.754394
8.323261 6.765387 4.525459 7.253858 6.880159
7.753579 11.11832 10.20819 7.276686 6.395979
4.518349 7.749164 15.66091 4.62667 9.232377
5.414133 7.620142 7.861953 6.029283 18.975
8.364674 4.362213 11.2478 6.855408 9.722748
11.57677 7.691799 12.28775 5.23618 5.276113
5.251317 18.4 8.493158 19.08758 8.248081
9.742781 6.79932 5.559669 8.378116 4.393609
20.5459 5.507333 7.493397 9.931288 4.399146
8.277573 12.96393 6.040558 4.353696 4.370558
12.27131 5.646833 7.559076 8.326425 8.621519
9.052822 8.643201 9.814463 5.411564 6.003985
11.99808 7.262033 6.258945 6.369568 6.74431
10.52623 6.019579 5.20898 9.261086 4.550762
11.65179 10.03058 5.016991 7.369635 10.24811
8.89741 6.926971 11.19222 6.759243 8.381082
7.477152 6.369592 9.751874 8.124614 14.34716
8.864105 11.43566 9.554624 5.032353 6.00488
9.126341 5.186166 10.42854 8.504457 10.9085
7.290107 5.62149 16.96699 9.721888 4.755483
7.272453 11.77829 13.33891 11.03783 11.40587
14.00955 5.120485 8.097351 6.092988 5.532575
6.336794 18.22836 6.829699 8.035032 5.558287
6.004695 4.649193 5.752233 12.64716 5.149826
4.97946 8.852671 10.00066 14.31208 5.789565
8.819654 4.772618 11.96586 6.060334 11.79431
5.651621 7.253579 6.306167 6.530814 6.522208
6.474603 10.49316 8.869939 11.5636 12.19969
5.721471 4.753147 7.477103 9.021208 6.759243
11.98797 5.258397 7.765905 9.662442 6.654137
9.226422 6.445627 8.255072 7.025588 11.25971
13.51483 6.982927 12.00808 5.006326 5.014112
4.547325 6.136667 7.59179 7.33548 4.911039
5.544648 6.153188 10.82958 7.949919 10.1184
4.784021 7.007035 5.041249 6.055732 7.142967
4.556732 11.05044 5.21644 8.175695 7.509219
15.41026 6.529957 6.123601 5.750994 8.239075
10.36311 7.046744 5.575373 8.900678 6.176903
7.141592 7.979944 7.752525 16.12065 6.811091
5.106618 5.934622 8.351397 4.622279 20.2745
5.990184 4.602583 7.909674 4.527617 7.098868
8.749938 12.51871 6.029282 7.239873 8.48615
9.511439 8.283801 11.12983 4.75813 5.120053
5.47753 5.113203 8.751734 6.314361 9.215012
14.31843 11.5042 5.934005 5.30703 9.042537
10.77787 5.594693 5.995548 9.715203 8.035032
13.49407 4.545154 9.126882 4.429432 23.69182
8.88382 9.612414 9.288233 8.801693 7.449206
6.785813 8.057664 14.63697 8.771356 5.810119
6.428811 6.246593 7.789376 5.123171 4.593539
9.116165 6.61276 11.33116 14.29664 6.646568
9.501876 4.348331 6.011592 6.290163 8.492253
5.059176 6.467879 5.752611 11.51348 8.11529
6.744685 6.553509 13.78674 10.56688 7.797053
9.811788 5.006341 8.674473 5.752233 9.506203
6.048588 6.411417 14.80981 5.191424 7.138987
8.019627 7.646933 7.445328 6.491041 13.26847
7.383177 12.1374 6.035616 8.113026 23.40989
12.40686 6.912701 12.00952 13.50846 5.774147
7.145554 9.365381 11.15608 9.988745 4.36702
7.002016 9.407454 6.43197 11.16133 7.132731
10.92802 7.583507 14.82743 4.807218 6.362758
6.016754 11.70586 10.1686 7.699186 4.695534
15.38979 7.64966 17.15236 14.94522 12.67325
5.002085 5.321621 9.199702 12.54217 13.52811
5.862047 7.256397 5.006341 16.26503 6.341497
4.887671 12.19526 13.37193 8.221363 6.157673
10.77123 8.040747 7.076363 10.17532 9.121846
7.862353 8.252799 5.881515 12.61652 6.87815
4.895883 4.558968 6.10233 6.751442 5.991158
9.402338 5.67258 4.858688 7.313596 6.752702
4.911731 7.7599 10.81127 4.889154 8.240511
9.500178 5.610093 6.249687 11.04963 5.544648
6.592788 5.707385 7.756321 11.78322 5.168668
5.016991 8.492463 5.726951 6.277196 6.053475
16.51313 18.43393 9.8485 9.018562 15.40752
6.50863 9.692441 5.252848 8.405785 4.928827
12.6935 7.869583 11.10556 15.94547 7.4412
5.753275 9.26539 4.994959 13.18146 11.12268
4.491725 7.653726 10.86162 7.496762 11.78313
8.615707 5.255775 14.93206 11.09647 11.97724
10.00567 6.643929 4.547319 4.602645 9.099899
7.391802 8.903912 5.876448 5.573873 7.417995
11.28549 7.628297 6.973692 4.644557 6.175547
5.345312 8.850056 6.743685 6.436127 5.066352
5.13947 14.7752 10.25296 5.953569 4.965979
8.430801 12.20172 5.504736 7.218984 6.604444
13.54923 7.262803 5.286023 8.635006 7.441073
6.338845 7.104111 8.501212 6.343844 8.721339
5.97667 17.91724 5.843271 15.09894 6.751087
6.645508 9.686054 5.779347 5.253397 5.980444
13.30134 6.40829 12.26526 10.36431 5.580599
11.37984 6.274477 9.255437 17.56202 4.75813
13.84237 8.17246 8.95634 9.937472 16.32216
8.654459 4.450912 12.78057 22.29939 12.76539
10.15709 4.497508 5.201144 8.251159 5.858496
4.625983 11.74806 6.465843 8.336307 5.503497
4.439325 5.925397 6.603565 6.083333 8.270654
11.21633 7.837846 8.280822 6.271432 8.191801
7.092454 5.027821 6.009525 11.31797 5.315123
9.042224 6.772273 9.004451 4.356435 6.512506
7.027503 7.904455 5.356701 7.207881 9.270956
9.848436 9.795374 9.226809 5.010263 7.600102
9.261088 9.712004 10.85045 9.392596 8.0065
9.539506 5.640212 9.733024 17.159 6.0325
5.52676 5.750994 7.375734 14.72402 5.277808
8.981368 5.236294 8.441585 5.911481 4.932724
11.53075 6.510815 7.326356 5.513656 8.513252
9.526577 5.383117 11.04299 14.02848 5.513656
6.507342 16.46199 12.09714 9.506203 6.169593
8.169361 11.32203 5.140838 5.856833 5.822142
7.00862 5.140091 7.24509 7.865183 6.686332
4.7678 7.821947 4.512336 10.02016 8.615044
4.511598 10.14061 7.751122 8.726231 11.95731
6.477895 9.053365 9.360908 5.722759 8.909092
8.012313 7.860058 7.706251 13.90409 9.778539
13.39487 4.872676 14.20995 12.91018 4.75813
6.894753 11.62756 8.279281 5.88773 5.690019
4.626653 7.566189 8.948849 15.44524 4.95472
5.970535 10.75823 6.188059 5.165095 8.245471
5.252171 7.999064 8.12805 4.469936 7.492217
9.599955 10.33819 10.22892 9.414087 8.580403
8.714555 6.226912 7.395096 9.356918 5.214067
12.2588 12.61792 9.485226 10.83602 6.519907
6.60133 7.309157 5.53354 7.134852 5.915627
6.801993 5.980824 6.145178 4.945738 14.51294
4.709815 5.9716 6.857284 7.513229 5.987943
5.194403 7.600879 9.422945 5.821465 7.909297
8.263624 11.12564 8.26337 14.70387 7.515723
6.332283 8.486651 9.494029 10.07102 4.817597
5.134228 9.071311 13.90683 4.751152 5.997379
6.786933 8.278453 13.07853 5.5872 11.42485
12.01519 6.139927 8.087171 6.452599 6.75815
8.263901 5.680795 8.853337 4.386689 5.741666
7.831413 4.594557 6.207942 6.551472 8.403146
7.306858 6.101048 7.127284 15.45398 14.62835
19.59509 7.456863 5.937178 6.61849 6.175912
4.502293 9.843533 8.870249 9.180206 8.812442
8.76396 5.991303 8.797366 9.494823 8.559866
4.71914 9.053955 9.509263 17.35727 8.906049
4.350821 8.704818 10.88728 4.770669 14.80213
7.979681 10.7795 11.15223 7.390172 6.350165
8.980601 5.024209 5.770553 9.483274 6.957519
5.032468 5.613476 5.817209 8.881541 5.563382
5.75314 4.907412 16.70045 8.779719 10.53251
6.259135 7.273137 5.251443 8.365398 4.583856
15.23652 4.504471 5.610485 10.0214 9.905413
8.558881 8.349922 13.60377 6.153038 5.509461
11.7371 6.096335 10.14131 7.319433 9.163214
11.50095 4.829585 4.753146 9.508512 6.50203
6.164854 8.953911 4.370762 16.7741 16.77773
12.86738 6.290163 6.852613 16.75827 10.4847
5.597817 14.5116 7.267048 7.754394 7.842627
12.12502 9.882439 5.005757 4.767565 5.379248
10.51183 7.011598 11.00988 5.720375 7.315118
6.759124 9.2831 5.004599 16.09325 5.497152
6.588634 10.1174 6.893077 5.920568 4.753865
6.774922 8.788759 10.07968 5.104669 8.850997
7.142964 7.879755 10.00197 7.169318 5.488648
7.62846 8.519269 9.548992 11.94206 4.644305
6.374773 5.570168 6.168675 11.39035 4.853713
6.278888 7.79122 7.462952 7.337141 7.913064
6.009783 5.293195 13.23308 12.42537 8.430752
4.383272 11.396 5.433754 11.85075 4.701354
12.95794 9.285991 5.019899 7.629981 6.500776
16.30806 6.780818 12.36941 7.417494 6.277703
6.5809 12.62105 9.5681 11.02516 6.2523
13.81985 4.999669 7.759902 6.287518 6.650887
4.497508 8.677603 8.01013 4.761522 9.227171
5.007687 10.53146 7.936072 8.53727 10.01307
5.783185 15.39852 7.767313 15.03789 9.732656
13.49494 10.2752 7.999667 14.6854 10.21648
9.109262 5.710622 19.052 7.615448 4.382362
6.558493 7.604203 6.384414 5.506405 8.00338
5.258397 6.131671 6.581621 7.252158 8.303969
10.79706 6.471468 13.06069 7.783162 9.510848
5.383429 4.641743 10.38736 7.061337 13.00041
9.374445 7.180878 12.37262 6.880137 4.562525
6.463225 4.773012 16.94077 7.721921 17.89967
6.445671 7.425588 6.039222 11.01345 6.58403
10.81981 5.099097 5.315166 8.53367 4.858494
9.545824 4.613906 8.463983 21.21199 8.417852
6.606894 9.415664 7.624269 7.089223 12.77583
13.17809 7.561363 7.562001 10.79961 9.776251
8.390644 7.88682 9.411748 5.652228 8.612329
7.344385 8.890357 8.20918 7.360963 7.364839
9.383696 5.006372 4.71516 5.879554 5.973249
8.999033 4.869555 6.194935 6.437447 8.138082
8.631992 12.00953 8.136967 12.79653 5.744896
8.00142 8.201189 7.497594 11.76966 14.75277
6.623285 12.25375 4.512334 6.136211 6.006308
12.03777 8.016352 8.510814 5.254958 8.252611
20.46283 6.772273 5.527315 10.88425 5.252184
10.77649 8.305766 5.004448 5.765991 7.589214
13.1214 9.786705 5.50782 6.316977 12.83551
8.760661 5.540872 14.21866 11.42063 7.758938
9.230369 12.53354 8.054004 4.660367 4.761541
8.895837 9.365584 7.388696 9.353075 6.490028
7.001704 7.05954 17.55388 5.006325 11.61885
5.001656 6.478921 6.759243 4.868221 9.146014
6.254659 7.752526 9.326245 6.594369 7.831424
6.540622 7.810811 5.992462 7.968796 6.568214
5.369684 14.34746 9.879423 9.001237 4.75237
5.116878 14.93149 8.360783 6.856445 9.272304
8.126236 4.753136 17.86505 8.495166 7.307372
18.58915 6.288703 9.506735 7.253183 18.0287
14.08687 5.024209 4.515199 7.000009 5.253838
9.64102 10.2553 7.841697 8.114021 12.02018
6.754454 10.26838 22.38672 9.664267 7.69946
6.636068 8.055397 8.224287 7.389995 5.784902
5.976627 13.43368 5.996704 4.518348 14.57437
8.251835 8.044904 9.369603 4.724482 8.536596
5.564954 8.552128 8.969838 4.739353 4.637443
11.7353 4.801072 5.149022 9.969018 8.977096
7.515723 9.919015 11.51313 15.40798 4.724605
7.253858 7.156227 10.76506 4.857087 13.84425
10.43898 10.87634 9.11321 12.80093 7.369736
7.281891 7.938787 9.358128 10.17618 8.735773
10.51263 10.27147 5.252606 7.980486 6.138441
13.09364 6.51531 8.605584 7.008051 5.06118
4.72865 8.06788 15.05447 9.574731 7.770601
8.816285 14.1381 7.538148 9.487755 5.908326
8.584115 4.70854 6.299189 5.908898 6.997533
6.461176 6.309129 7.272591 7.638926 9.253264
4.818135 6.758166 8.498756 11.41808 12.72723
4.772618 9.277269 8.777323 4.869627 6.710064
10.45568 4.752112 10.04177 6.8945 10.91773
7.45634 5.575448 12.23053 5.591629 18.29475
9.504278 5.77909 5.274591 6.369568 5.250946
4.772619 10.07577 4.736582 20.46283 12.2598
5.504736 10.50226 8.597355 10.0438 9.2747
9.526609 4.922798 7.69887 11.93216 7.129592
5.251633 5.281759 6.422983 4.778428 9.828608
6.077447 8.850034 14.20995 7.46431 4.442343
10.90911 8.6482 6.084033 9.777568 6.530809
6.123191 5.80758 8.505757 6.249874 8.041009
7.388102 16.33899 7.259561 6.261651 4.553529
7.517502 8.209473 9.874972 11.45067 7.067811
8.83096 6.809833 9.644124 4.40473 14.81206
12.49439 6.772276 5.566622 15.82849 5.129789
7.219646 9.299449 6.787503 6.645828 11.88477
13.49563 6.880154 6.770099 4.401551 7.511305
4.952753 7.549776 7.044581 11.81784 6.030087
4.50447 6.869566 7.766057 7.491081 11.75342
11.07543 10.04423 16.18587 5.623785 23.25426
11.87742 14.15592 5.497236 12.58558 5.297086
9.700744 4.43303 6.736858 13.56067 6.258944
9.362675 5.513658 4.75094 8.11904 9.140493
10.82609 4.532366 7.738679 9.786662 7.010079
7.712416 5.408755 6.290169 5.796361 6.772276
8.505757 12.99991 8.683318 6.23845 5.412214
5.144768 9.694035 5.637784 8.875744 8.896744
5.534024 9.74842 4.496575 21.20656 6.213118
4.834702 10.73322 8.76944 7.999586 5.329471
6.602785 10.12834 8.620454 13.06822 13.76731
6.810744 13.75053 5.627463 6.004881 5.544649
18.63644 12.83184 13.51012 12.86324 6.514645
5.030076 6.650888 5.98833 5.755299 12.02996
7.636364 10.08329 7.945062 8.883678 9.287666
5.252171 12.72323 4.596015 8.781446 6.772276
8.792252 4.772914 10.75931 7.959446 12.11096
4.518345 14.55568 20.54445 6.079508 5.254659
4.518349 11.87748 5.622829 6.58866 8.632052
13.34262 11.78975 9.761547 8.153692 7.326345
5.083732 4.423706 4.939864 11.12757 6.162977
23.57566 4.799759 8.8743 10.19424 23.60209
5.097873 13.67451 10.26389 7.053146 5.777811
8.217535 8.75342 5.005658 8.01047 8.89128
8.251949 9.424362 4.824617 13.48241 4.90253
9.251825 11.66403 12.98704 8.517642 21.5
9.525774 8.994003 11.19298 8.903831 8.760262
8.169362 7.620961 8.862912 6.976572 10.39824
7.027962 6.381821 5.786874 6.032556 21.09605
5.75342 6.749647 5.0046 6.255196 10.50703
9.138543 5.755299 6.75359 10.18427 8.107413
8.442952 11.7546 5.787901 12.59151 4.909143
13.97394 9.473851 5.893418 5.269705 7.496816
12.12142 7.869584 9.962816 6.754321 5.606685
4.545607 6.683012 7.032198 7.560021 5.246564
8.253092 18.91841 6.880137 9.123259 9.007296
5.015741 7.634655 9.452361 5.457336 14.60293
6.037456 6.13167 11.67667 7.144617 7.753343
4.55562 5.136179 5.880286 10.38021 9.253688
9.581418 5.53159 7.000492 7.99461 7.932831
15.25902 8.977043 7.753945 4.487127 8.532681
8.517667 8.02613 4.762884 11.12448 12.11782
7.169733 4.752501 12.79313 7.007019 11.05814
9.24991 5.04671 13.67457 5.753593 8.03814
6.543635 6.273821 4.473473 16.52385 22.54439
7.638945 8.249904 8.112317 6.22512 8.256674
12.57217 6.990835 7.258111 9.934256 12.92332
6.728922 6.756141 16.77421 6.290163 4.348582
4.754082 6.268657 7.226969 10.34338 5.493341
6.751447 8.417412 5.527311 5.022589 10.14295
5.954238 10.14245 4.498266 6.759242 6.75237
5.59269 9.008693 7.533506 6.55917 6.555711
5.817813 9.238885 14.60612 9.995039 13.38681
15.17941 7.444552 5.281764 9.751287 11.07698
7.507034 7.252721 7.25342 7.4102 7.994745
9.748728 7.770096 5.237982 7.777464 7.028724
7.015166 13.89035 12.15398 5.278165 9.031022
5.380112 8.128267 13.79669 11.75375 5.963466
8.534458 6.295697 9.560478 7.556552 4.726189
7.563305 9.827124 9.529129 5.758664 4.721292
7.309543 4.349877 6.581636 9.135023 5.501442
10.7477 8.678197 6.386015 6.970747 16.07515
8.656063 8.524449 4.722237 6.50007 8.862431
9.406377 15.91304 10.59971 6.263887 6.317406
6.020544 8.760455 6.920218 7.36362 8.373754
6.258945 7.523568 5.752234 9.776298 10.12696
9.16537 10.44991 6.154019 5.006341 6.271435
9.658698 5.262976 12.98444 5.018019 11.29162
7.0322 6.322501 6.141136 4.36961 10.56274
5.139061 7.651391 17.07404 10.96282 6.278963
7.352506 9.84027 7.374498 7.993604 7.001417
7.56897 6.546162 7.789739 5.527315 9.295477
20.01217 9.410929 6.14392 5.649294 5.527315
4.984028 5.316301 11.03008 8.53354 5.252835
5.116876 12.63406 7.508511 8.143925 6.046863
14.43213 9.057869 8.699551 8.928288 5.507114
5.116465 4.518349 17.27302 9.386585 14.01719
13.4494 5.307374 8.005557 10.3438 5.252171
6.031816 7.515723 4.446727 8.523635 7.619619
10.22908 5.541815 4.428404 5.782035 5.798073
5.32859 7.569689 7.47063 6.75237 13.04643
9.525459 7.760862 5.412322 4.726533 20.21718
7.632721 6.402888 9.252307 6.872141 11.72516
6.252272 8.344676 8.215825 6.029205 9.731917
6.380763 11.53119 12.63827 5.953316 8.781471
4.49541 5.269191 8.263829 9.281545 5.513656
8.897722 7.655146 9.180188 5.478432 7.075389
8.120659 8.777458 5.154438 9.252801 10.14643
11.83309 6.561231 7.973692 8.01854 4.369636
4.78061 6.380268 8.636656 9.945277 12.01251
14.25043 6.048581 6.384219 12.90609 5.363074
7.702258 7.9982 5.18379 7.233256 8.894495
6.398752 6.779898 11.83534 8.580812 4.622911
4.862866 8.252611 5.721611 9.22713 7.964977
8.987338 8.411241 5.142948 15.32118 7.334446
8.51876 5.973263 11.24231 8.486626 7.501605
5.745471 9.243686 4.435843 8.524091 10.26983
10.23447 6.812591 5.288009 11.79994 8.900928
13.29431 7.765991 6.389249 12.08337 10.22049
5.672729 4.773091 8.658736 13.75496 5.964249
10.09426 12.32217 9.03829 6.556469 9.413439
7.508513 6.134851 7.37068 5.284785 4.930153
8.668945 6.868846 5.297073 13.59299 6.103721
6.207746 8.51416 8.389494 9.760232 6.60224
9.862831 12.30051 4.778548 4.346673 7.199248
10.66245 5.887765 8.999632 7.437463 9.548998
5.999666 5.564223 5.010199 14.09371 8.940996
8.991785 6.418584 6.705964 7.025445 11.86077
5.344641 9.071312 9.943578 8.764682 9.227176
9.095257 12.12425 7.160676 7.904814 6.755298
5.540908 5.692691 6.13954 4.874055 7.010742
7.280822 6.912492 5.284796 7.926537 6.926946
9.461683 6.252615 7.378241 7.379609 5.540909
8.38553 8.012546 7.753753 9.171665 4.828554
9.945189 8.650106 11.85187 11.6685 4.780617
13.23268 13.83347 5.069707 10.03443 6.799163
4.687111 7.011735 13.50899 6.336389 6.052008
4.481368 11.4123 6.252665 19.7573 5.880087
9.73731 6.751071 5.351071 6.752611 6.249646
5.345833 8.900678 9.994383 6.771949 7.713811
10.5302 5.541386 11.03511 10.74066 7.480263
6.759242 10.27667 7.664478 11.99927 8.787223
4.973719 7.772602 5.421652 6.616839 4.882297
7.706552 7.075714 6.138153 5.511504 7.963201
6.639859 8.349312 5.255299 11.01733 5.280955
5.506998 6.008869 5.808894 17.25398 6.866045
4.883032 6.306266 10.13802 12.40129 7.774057
6.253836 11.8568 7.174784 4.8706 5.909154
6.075306 10.75375 6.060341 6.915579 9.804212
10.34493 15.91633 11.10368 9.20082 12.88545
10.65692 7.775636 8.500788 6.831699 10.81397
18.29616 5.527311 8.130862 9.522207 10.25145
5.168161 7.29489 9.104952 5.124123 8.602295
16.05819 6.334545 8.055819 13.44185 7.507693
4.912815 7.146118 4.924914 7.464986 5.800834
6.048588 8.839233 6.281638 5.321391 9.635276
10.39321 16.76021 7.908086 6.243511 16.65807
7.505371 5.223605 5.532149 8.105971 4.868713
14.41998 12.22903 4.869552 7.725963 10.48373
4.620551 8.277726 8.767623 8.001239 11.67426
7.536344 11.64576 5.61984 10.75456 12.34326
10.94235 4.820482 5.544507 8.083931 5.024209
6.059151 9.70726 5.028207 7.799189 7.534007
13.06245 5.356397 8.346372 13.21153 8.976563
8.537142 8.635258 19.25164 9.374691 11.75667
6.412713 13.21783 13.45577 7.123337 8.64517
10.35523 7.124368 4.983806 6.412921 9.366374
15.11727 13.18866 4.893247 11.89011 7.648778
4.799744 4.769787 9.521682 5.797992 4.894504
6.690938 5.286804 4.506915 4.637466 9.70726
5.617902 6.356756 6.723547 6.151173 6.792677
6.017933 11.02484 7.317435 6.957912 6.159783
10.0231 5.471776 6.301341 9.261087 4.543051
8.758577 4.508991 6.04858 8.2447 7.534687
5.874772 4.92601 7.662018 7.151403 9.134544
11.42461 7.017983 4.75813 6.871329 6.742026
5.617866 9.501145 5.607335 8.118867 10.57934
13.1082 4.904033 16.52058 5.66788 6.341689
7.068173 5.112826 9.619968 6.540094 8.23863
9.158742 7.715701 7.379589 17.05647 8.600665
5.601497 6.067166 7.79804 8.530084 6.485625
4.484178 7.084156 7.015168 8.509525 5.699564
9.869668 17.28082 4.518374 7.088892 7.25956
9.750291 6.634679 4.71028 6.01415 8.834143
8.310805 12.14051 8.47186 4.919206 8.157843
6.716181 11.81341 5.536444 15.29319 8.006837
8.75258 9.689646 7.279648 19.65991 9.259478
4.589727 10.46461 7.166179 10.6178 5.331811
6.492847 8.202944 6.452518 7.728262 11.80702
10.86815 10.31069 5.163315 8.503808 5.778299
4.904042 7.903261 7.078674 5.494638 7.481624
10.75569 4.69504 11.33222 7.505971 5.651507
4.938255 8.025912 4.752112 5.41012 5.981166
10.91409 11.78349 5.161682 13.11887 5.706811
6.381451 4.475873 12.50851 16.0361 12.8184
7.43629 4.756733 4.752112 6.16485 5.489807
8.991281 8.654897 10.49179 9.063662 7.774053
16.675 15.81989 9.926309 4.933857 11.09526
7.032195 6.004881 13.09624 4.895885 9.766809
5.751488 5.935321 4.758124 6.262043 8.60901
8.519091 9.497085 5.320886 5.23881 14.23711
4.50447 10.37513 10.73951 7.504154 7.825465
8.918155 5.919133 11.46949 15.72715 5.684326
6.785991 5.567533 6.357482 7.032195 11.81468
8.797473 12.79553 8.984067 10.36369 5.869644
14.39459 5.507389 6.5152 7.074248 8.469636
6.789138 6.65218 5.99185 7.010663 6.729663
7.778666 5.494935 9.264504 5.750994 8.638821
9.501479 5.758665 8.693821 11.42766 10.3525
4.508871 11.82561 14.52697 11.9998 8.113478
6.810287 6.72087 4.767797 10.32663 8.66091
4.364172 6.494043 7.750805 9.357596 11.05879
7.139086 7.657336 10.04522 11.36313 8.643743
9.753026 5.975924 8.911466 15.29756 4.847052
6.171577 4.851888 7.515312 7.292394 6.976213
6.924838 18.40935 6.083741 7.999742 5.197177
5.767695 6.204638 5.48756 16.69134 11.78764
6.01139 13.34727 10.83962 4.709558 5.252721
9.720646 7.645803 5.142202 5.384677 11.90182
7.773095 7.548749 5.417217 11.75416 9.001755
7.480383 8.962791 4.923769 8.75342 7.998985
6.953931 7.498048 5.38574 6.655053 8.139861
11.7867 7.166159 6.53165 6.278643 7.311129
10.74222 6.313165 4.664844 11.75907 8.404443
10.25231 10.35304 4.753019 13.03099 16.27652
4.59731 4.580556 7.831424 7.005196 7.265055
7.266719 6.251023 5.560846 10.77929 8.397635
11.41052 12.41299 8.337006 4.64487 7.849519
5.679154 6.268206 6.666019 6.237425 4.774057
4.52761 6.605891 5.932518 25.26603 4.50447
15.21326 7.7458 5.008225 7.963917 9.615422
6.269788 12.0358 9.783772 7.955073 7.560817
6.144344 8.609042 7.671692 7.000871 7.750062
7.249693 9.732639 5.801535 6.868998 5.209606
6.255757 4.62056 8.20936 6.884228 16.02095
7.030211 9.754626 8.570152 4.751096 7.379592
7.389638 6.39153 5.361091 13.9361 4.753854
23.69657 6.694743 4.940183 5.479706 5.506446
19.06885 8.77611 4.644864 7.771959 9.503018
13.02807 6.815118 5.565254 7.838869 5.752284
12.21146 8.634281 11.61823 5.773737 7.602427
11.17909 4.75094 6.254773 6.253446 4.678851
7.060686 5.443014 5.92879 9.610787 7.502179
8.755465 7.377512 10.92797 5.4367 6.643306
8.423885 8.799446 9.06019 6.26174 6.936134
6.752615 14.67644 4.469974 4.401385 6.083994
5.541373 5.371614 5.611764 8.883926 6.38291
5.649346 8.675988 8.184491 5.505024 10.67474
10.07839 11.31863 6.045167 13.5281 10.14763
4.995605 9.243832 7.015166 10.75608 5.242872
4.638732 6.050249 5.758665 5.038893 5.478433
12.22804 5.46217 4.749646 6.633374 8.393973
17.13289 6.6116 7.50778 10.78147 6.258945
8.92451 8.034316 6.290163 14.25496 11.32439
6.166236 9.76205 9.697861 6.769053 4.620559
5.167613 7.007541 5.233847 6.510211 9.82211
11.84992 4.495584 6.347584 7.801409 8.060554
9.253256 8.36312 6.806939 6.639127 9.751652
14.47842 8.634125 13.05887 8.751057 13.19611
7.706834 4.758614 10.49436 7.587958 7.647785
13.17647 8.456883 4.40618 7.583814 12.25366
8.190269 7.262107 14.02632 8.858728 8.559075
6.606016 6.136038 9.368561 10.62843 9.048571
15.98209 7.200688 7.243869 5.135884 5.754658
5.781454 5.290941 6.032479 6.786652 5.171322
10.78671 5.798226 9.468909 5.149022 5.682247
10.52002 5.496781 8.211733 4.816282 6.986982
14.57876 4.350051 11.25328 13.60184 4.510814
5.667555 12.94895 7.939152 9.017669 10.04757
12.37105 8.808568 11.04309 6.195346 6.285894
4.524377 9.095279 14.71268 6.707779 8.442025
6.029287 8.88154 5.915062 8.598792 7.54223
5.287154 9.762495 10.75193 8.064292 13.65075
19.06321 8.375516 8.922459 7.015168 6.553688
