2.496539 2.457155 3.542207 1.318755 2.77979
2.605312 2.335747 2.10724 1.360224 2.111176
0.4286316 0.638651 0.9640456 0.6176482 0.5599789
2.836556 1.240005 8.233172 2.950823 0.5050176
0.7727578 0.4320342 1.482318 6.824931 1.382619
1.355707 3.958595 2.674138 3.094488 1.610213
0.6149649 0.950945 4.919612 5.765269 1.771193
2.353088 1.709717 0.8417555 6.835392 2.738091
0.5344343 7.702918 2.416715 7.331055 1.440353
0.9399618 4.015325 7.261352 3.421718 0.5058049
1.259029 1.313467 2.776058 1.048695 0.6371138
2.436192 2.384387 0.597252 3.166415 0.9723464
5.247005 1.682204 1.012977 0.9355593 0.545638
2.924807 0.5672118 2.53916 0.8401447 2.264524
2.112657 2.626752 1.897939 2.622039 2.838015
2.506417 1.397653 1.484811 2.203774 1.714992
1.253945 5.799251 6.25547 0.9220677 3.097588
0.7904863 1.227049 0.4894644 1.862315 1.525673
0.6990678 0.9583857 4.441924 0.3665426 0.8553282
1.676328 2.158643 1.345637 2.618537 0.4338286
3.345247 7.68871 2.029079 4.115787 1.945261
2.485477 1.25881 4.168524 2.502392 1.217257
1.179299 0.6088283 0.8576173 0.7782823 0.4626637
1.755701 1.415342 2.391979 6.359958 5.875713
0.6846932 1.091491 0.5322029 8.083251 1.235722
1.418208 2.359481 1.279943 2.040379 0.7595441
1.800005 1.342287 0.7922328 2.39398 2.163725
0.7572413 1.313663 2.29631 0.7304232 0.4216808
1.1905 1.002472 2.218648 1.014736 2.352698
2.193027 6.037349 2.236501 0.6138243 1.71239
1.601117 1.827311 1.940504 2.653953 5.218663
3.885048 2.014395 1.145887 0.9754026 1.9464
6.496874 0.7885876 4.33544 0.5193479 3.608868
4.953511 2.703792 2.349404 1.540075 0.4235166
0.9537824 1.994632 8.047171 1.184523 1.404071
1.264606 0.9802221 1.580845 1.391614 0.6277695
1.64711 0.9352771 1.379796 1.633078 0.878801
3.362613 1.444026 0.7652056 2.024658 1.282067
3.031697 1.961967 5.226324 0.6519569 3.553444
0.998743 5.694942 1.520346 0.5322908 1.58193
1.087982 2.589787 1.988073 0.5352886 1.59764
3.466434 1.549908 7.115637 2.951586 1.17498
0.8353776 0.7065635 3.85676 1.35064 4.691327
2.750071 1.88776 1.209873 1.17806 0.4924746
0.9764645 5.810181 1.440743 2.080521 1.762867
2.865529 0.842441 0.5269819 1.642934 0.934576
1.297564 7.529699 1.824763 0.7835395 0.7745344
1.369814 0.8613738 4.38384 2.662231 4.86159
0.8400515 5.603925 6.451321 0.8129654 2.000024
5.588274 0.3739052 1.085048 6.683974 0.4453699
1.794599 1.552755 2.003065 1.535177 2.605505
2.101225 1.472153 3.352432 3.049595 1.154528
1.538925 5.211986 1.336425 0.9069683 1.133645
3.116494 1.674589 1.019243 2.632003 1.499441
0.6409168 1.762019 0.75285 0.6574218 1.277963
1.684814 0.4955583 1.378696 1.510087 1.543955
1.318435 2.703027 1.015523 6.536674 0.8511447
4.931154 1.043088 2.736589 2.023285 3.23988
1.424474 0.3735821 1.534041 1.02845 2.512628
1.554999 2.227996 0.4772004 0.637115 0.6151622
2.627999 3.633978 2.279545 0.8178363 5.463279
3.02587 1.565574 1.331891 1.277569 0.8604409
1.650267 2.709527 1.348637 1.586825 4.278792
5.355143 1.767106 1.692245 1.710802 0.9414092
2.915836 1.046949 1.189107 0.6682005 0.8852883
4.597194 0.8480745 3.32596 5.885468 1.902436
1.98139 0.8443438 2.89504 0.4651636 0.6101398
0.9256686 3.154015 1.787077 0.6849348 7.124608
0.6604357 1.826275 6.386576 7.176524 0.4203322
2.088837 0.9473649 0.5208854 1.175606 1.881254
1.614499 1.133678 2.732014 1.992161 2.273275
0.9300381 2.73073 2.151582 0.4546116 1.509712
2.610753 4.523841 0.5033721 0.6882541 1.996553
1.010878 1.017109 2.304521 0.4679642 1.072391
2.673009 2.906736 3.883852 0.3716412 2.32573
1.612711 1.895388 3.943356 5.987331 1.196336
4.067678 0.9065958 0.4807316 1.04862 8.136282
1.400511 0.8676107 0.4670277 0.369297 1.580497
1.339138 1.876786 1.209057 0.5503377 2.647281
1.608586 0.9875567 2.924321 1.025705 0.6771783
2.09665 1.822434 6.474733 7.556996 0.6273316
1.487921 2.10191 1.802864 3.290538 0.6614172
3.103552 0.6107546 2.740767 1.29371 1.605275
3.272474 0.7704327 3.622872 1.288158 1.547892
0.9837081 2.243458 1.272442 2.365436 1.281602
1.690727 2.713705 1.386966 0.6803689 0.6048997
1.592124 6.157911 1.867758 0.50074 2.300159
3.953029 2.291469 1.603395 0.913636 1.826781
5.462497 6.99709 0.8576892 2.824797 2.901801
6.628866 1.458965 4.511409 0.9193802 1.339275
6.732461 7.617814 1.381554 0.7787602 2.878668
0.6954424 2.082048 0.4612707 1.33501 0.9931253
1.954372 1.270498 0.4593309 2.21775 1.010616
1.171458 2.013827 1.723698 1.277811 1.21055
0.9934443 7.256845 1.861551 0.4122124 1.515218
2.069919 0.8962095 1.079428 1.146011 2.617198
0.982008 1.554639 0.4258167 3.559084 3.415847
2.797571 2.665802 1.130303 2.919749 3.169389
2.336184 1.521006 0.9423081 0.5880306 1.965234
1.472885 1.811626 0.4962472 3.054963 1.959167
1.426293 1.353859 3.796081 2.914851 4.372671
4.907198 2.126965 1.737647 1.899268 3.665105
3.117692 0.6472185 0.889267 2.244782 0.7209608
1.49427 0.7339465 2.282547 3.778014 2.847088
1.492689 1.645799 5.704829 0.5055512 4.076993
1.611023 0.9876572 3.305178 1.307217 1.119845
2.325516 1.407303 0.733905 1.113847 1.903692
0.7638354 0.9325508 1.966667 1.95817 2.010927
3.952953 2.892526 0.5376 1.529196 2.666986
0.6168938 7.525603 0.5183132 0.9339575 1.337763
0.5624719 0.8521871 0.6424861 3.188737 0.8856638
1.94918 7.601595 4.027912 2.83062 1.242148
5.906183 0.8114464 0.7844248 0.7405142 4.49575
1.001323 3.538021 1.351479 1.343618 0.6736515
1.546526 0.5979086 3.141389 2.95736 1.05339
3.528486 1.073081 0.473866 1.489664 1.722317
0.9419289 2.100445 0.9902629 1.191406 1.731736
0.5195614 1.628788 0.4002129 0.5702869 0.4118709
1.411115 6.6108 3.126323 3.117521 1.942654
0.574415 1.551188 4.600682 0.9914904 1.219291
4.075825 2.352458 3.703956 2.414962 0.9157669
1.20072 2.275167 2.266814 0.8505745 1.552926
1.782106 2.493119 1.643474 1.961725 4.075808
0.5339171 1.078313 4.647375 0.6731004 1.43143
0.8713809 2.138886 1.851715 1.504671 3.732736
1.63244 1.465395 2.036808 1.127669 0.9348988
7.210173 1.925379 1.030606 1.774275 0.4243549
3.959081 1.087699 0.667304 1.936344 0.7188452
3.840723 1.408992 1.705935 1.176544 1.411624
0.7139932 0.7985831 0.6556803 0.8375761 1.319449
3.196612 0.8645663 1.501537 1.829335 3.019473
3.742114 1.35592 6.426524 1.655003 0.9959184
0.3968257 2.042208 1.501684 2.070647 3.946671
0.3595771 1.307768 2.006594 2.523213 6.221712
4.296878 1.463237 3.355028 0.3755231 2.7807
1.729996 0.3813766 1.037494 0.541403 0.9002453
0.8642485 0.6789859 6.476569 1.614385 2.053513
0.9371189 0.8427169 1.878702 0.864864 0.3767319
1.858191 7.966269 1.917985 4.9698 0.5032589
1.100297 1.259941 0.4915675 4.022315 0.5802386
2.451661 0.6943594 1.758375 2.235752 3.21545
1.671142 0.9348386 1.6055 0.3800168 1.420242
1.915956 2.216597 1.279157 1.572014 1.051575
1.144784 1.593889 2.057299 0.9784683 2.446192
1.237326 0.5125314 6.78387 4.237415 1.511514
2.897034 2.438024 3.043481 1.557289 1.010546
1.266978 0.9655764 2.038104 1.635535 1.097766
0.7410251 1.015201 1.599127 0.9727773 0.5395426
0.4781504 2.937437 2.393937 5.061967 1.007598
3.566444 3.075756 3.557223 1.212352 2.420475
0.3690248 1.204564 1.134987 0.4007039 1.30824
0.5432435 1.565133 0.9435025 0.4747463 1.875633
3.804952 5.964505 3.959556 2.69791 6.863835
0.3734716 1.448059 1.192618 1.400209 0.5982869
3.712651 1.72597 1.092742 0.557797 2.090084
1.034675 1.021284 0.9032868 2.193487 0.5973167
1.119329 1.652181 4.43837 0.3466878 1.442041
0.9678333 2.085032 1.487898 2.107209 1.930486
0.6254624 0.5055204 1.183478 0.981261 0.3963725
1.596343 1.211043 5.456913 1.108092 0.8333428
0.5135087 2.145692 1.68768 3.45193 3.523872
4.265722 0.6110189 7.17828 6.754096 2.403134
2.090527 4.85126 0.7435673 2.215239 5.588002
0.8244969 7.14755 1.598685 2.553375 0.8710662
1.610098 4.09973 2.750933 1.022822 1.249258
2.770101 2.694051 0.9204391 1.051749 4.264687
3.44204 0.8697051 0.54202 2.547074 0.7486972
1.148602 1.140908 1.257321 1.443378 1.237387
0.5824654 4.517039 0.4109159 1.777184 0.8057989
6.193458 1.235844 0.8690865 0.7653361 1.807581
1.328676 3.923013 6.664994 2.647173 1.157969
0.9253344 1.436519 1.208358 2.321637 2.546243
1.387092 0.7826055 4.539658 1.220646 1.563427
7.199393 1.925092 0.9798154 1.288723 1.078752
4.312061 1.945578 0.7115106 2.988749 1.005401
1.601652 2.538757 1.218484 4.625196 1.180989
1.470003 2.064282 1.232602 2.094644 0.8730276
0.8478329 1.708071 2.753931 0.9765039 1.177011
0.4101361 0.698469 3.094473 2.881342 1.652189
4.497889 3.693094 0.4306 2.209573 2.923244
0.7574766 7.001843 1.531471 4.325237 3.063239
0.8790945 1.551009 0.4673414 0.8169763 1.130777
0.8971619 2.773482 7.960564 2.266597 1.76508
1.485599 2.517773 1.609684 1.470156 2.978062
2.296387 4.704452 3.921638 1.59468 1.477052
0.4732631 3.454718 5.712026 0.548888 0.5025185
2.400595 0.4238599 0.9580985 1.511654 1.706367
1.844431 2.133286 1.449594 0.8148013 0.6464925
1.100246 2.57279 1.364397 0.8212638 2.836988
1.505696 3.40749 0.7145459 1.431371 0.5524091
4.14919 2.805201 0.5209833 2.518021 4.887383
1.785254 0.3753395 1.486662 0.6020585 1.007853
6.486984 2.056092 0.4988542 3.832519 0.8324421
1.132245 1.842761 5.396078 0.7002421 0.7350562
1.838718 1.267041 1.365253 1.05194 3.778807
2.133891 1.581721 5.985844 4.422539 1.1323
0.4832555 2.758175 7.526356 1.414319 1.50547
1.395797 0.7744896 1.94756 3.011131 1.139886
0.9600004 3.587286 2.788187 1.073082 5.563155
5.298858 2.281658 1.670206 1.430546 1.239182
6.133678 2.174732 1.306565 0.6924983 1.717352
3.425652 2.111298 3.432676 3.633566 2.145742
0.6677566 0.9200255 0.8015157 8.220191 1.05152
1.113811 1.063978 0.6701816 2.086015 0.4286912
1.25236 1.755303 2.570292 1.161409 1.176436
1.458931 1.478468 1.194975 7.847797 4.575354
1.404835 2.629677 0.6154804 0.3782201 2.865534
0.9962477 1.667133 1.782151 5.960891 4.732076
1.788646 0.8114025 1.338786 2.789109 1.208561
0.6431946 3.443707 0.4621048 0.6284903 2.375971
1.708344 4.201025 4.377084 0.9979331 2.012663
1.601069 1.878409 0.8643799 8.15496 0.9150246
3.7867 0.5657054 1.078415 1.087561 1.304148
0.9829651 3.105648 0.3888973 2.941923 1.984413
3.860045 2.954406 0.3586126 0.6879117 0.4737566
2.754571 1.072878 1.071058 5.127863 0.3999401
2.045356 2.413033 0.6678831 0.3973978 2.108409
7.167615 2.764039 0.7125547 0.6950596 1.377495
0.7383346 1.8959 1.646321 2.56175 2.1837
1.436246 1.160279 0.8554502 4.526716 0.5310538
0.8288339 4.796962 0.8074142 1.460456 0.5218072
1.534204 7.938392 2.197065 1.184453 1.454193
0.7140279 0.5918448 0.8448697 2.426825 1.285495
0.9992022 1.284511 1.08704 2.509509 1.260138
1.971948 1.108149 1.536596 1.371075 2.628847
0.9078836 0.7423028 5.233924 2.72286 1.29107
1.118194 3.128367 2.519918 3.249149 2.945894
8.169691 2.021683 2.321878 1.508106 0.4578224
4.433455 0.4085235 3.511008 0.5064071 1.736925
0.809215 1.410366 3.460742 4.499242 1.571686
1.639061 0.6968568 1.588906 2.057365 0.9969999
0.6300059 6.646032 0.430586 6.089393 1.858935
0.6420971 1.863463 1.070107 0.9446012 1.131293
1.114689 1.488589 1.114516 8.265017 4.387821
3.771041 1.016262 1.432609 0.6658849 4.610984
2.643621 0.9742029 1.483313 1.526382 2.698327
1.672395 1.129293 1.254237 2.549527 1.938972
0.7279146 2.870704 2.327551 0.374831 3.805288
0.5433532 1.983589 1.027481 1.447652 0.8363099
3.266279 1.790505 2.079639 1.805105 0.9991122
0.8040636 1.06588 2.592801 0.3546892 2.030632
5.236764 5.914317 0.8855397 2.309252 2.721583
0.530729 0.4782774 3.120523 0.5560078 0.3674968
1.049169 0.745196 0.957038 3.477589 3.043987
1.848523 1.163958 1.674599 1.452696 1.556196
5.330075 0.4589135 2.290525 3.155473 1.692937
1.902911 2.021146 0.7008184 3.063585 1.42165
1.885921 1.195771 0.5785615 6.202863 0.5726002
0.4196348 1.036499 2.797625 1.814162 2.8152
1.734138 4.419919 0.4722283 2.035494 5.230054
1.454338 2.312299 0.8150463 2.260938 2.110737
2.801482 1.059821 0.75181 0.500357 1.098865
0.4274045 3.301577 1.439416 1.617291 1.769328
1.474683 0.4835731 2.697361 1.626657 1.800735
2.639862 0.9740368 4.032806 1.71726 2.948568
3.084738 1.824417 1.078451 3.862487 2.306511
1.386462 2.789208 1.266724 0.4191249 0.4511642
0.7083889 0.7213633 0.8235595 1.036935 2.549158
1.408046 1.15366 1.468861 7.351956 1.752223
1.276217 0.706019 1.672226 2.763848 1.066352
4.204457 0.5955228 1.298512 1.069536 0.874154
0.5048815 4.785769 0.3838149 1.871382 2.091003
4.400324 1.074224 2.444782 2.790466 0.6866634
1.467768 0.825217 3.533669 3.840472 1.616302
0.398191 1.117298 4.204457 4.053176 1.054615
1.160969 1.350872 2.392608 1.807668 1.383861
0.8098779 0.6007949 5.113244 1.652463 7.352305
2.242157 2.742752 1.706284 4.407304 0.5887041
1.048766 1.541855 0.8233759 0.5003524 6.232106
2.987051 4.00594 2.736577 1.22018 3.010368
0.6604643 0.4433893 1.120862 1.817557 5.115775
1.188015 0.9667159 1.982545 0.5967127 1.07717
0.7564588 2.450567 1.471494 2.513269 2.73636
3.195133 2.259796 0.4619213 0.940282 5.510663
0.4928085 2.759206 6.254927 1.914587 0.945991
0.7958531 0.4673514 0.5788297 2.319133 7.672098
1.6417 1.814566 1.5264 0.4881452 2.317397
1.324172 1.474726 2.222304 5.156865 0.5181761
3.307849 0.4805593 1.726686 1.563985 0.4865085
1.034668 1.609687 1.969457 2.319755 1.487147
1.161407 2.511333 1.864099 5.249786 0.9058093
2.862929 6.364593 0.9169304 1.232444 2.305137
0.8570396 1.631402 1.947533 0.5314445 2.742896
4.337771 6.416927 0.7771328 4.323317 1.396395
2.001017 0.7102358 1.949502 2.5628 0.9205758
2.648012 1.192559 1.706073 0.8975459 0.8235914
1.220065 7.82886 1.298345 4.717898 2.718999
0.7618075 2.313148 0.5886069 5.938524 0.3469653
2.407887 2.509522 1.01053 1.562393 2.804808
0.8932501 5.898165 1.620703 4.947845 0.5758762
2.35676 0.6003132 0.9974447 1.00011 1.373277
1.374054 0.7190083 2.919659 1.789235 2.761769
1.890366 1.993957 5.265145 1.207454 2.260944
0.4522114 2.600697 1.111958 3.307353 1.649999
1.669346 2.980838 2.649912 0.4041228 5.201962
3.606204 1.758547 1.57482 2.943676 1.680345
1.219586 5.596004 2.366585 1.928203 1.179181
6.730742 0.4890657 0.3776694 1.397443 0.6014404
0.869656 3.723329 1.232486 5.870339 0.5894326
5.040653 1.12382 1.58082 0.4529012 1.830871
0.803863 0.6282676 0.8486113 0.919139 4.490408
2.347541 1.23536 2.103435 1.013525 1.220858
0.4895292 1.432774 0.5950364 1.958563 1.359072
3.788386 1.5701 0.5638952 1.326811 4.916046
2.860981 3.910841 0.703275 0.973928 4.364351
2.568749 2.555823 4.672353 3.597497 5.954728
2.110105 1.888545 2.086433 3.7826 1.394515
0.9973482 0.8326232 0.8792248 1.36867 1.18334
2.646749 2.765976 1.109377 1.738796 0.8830923
1.905855 0.6880566 3.080001 0.7669654 1.159283
2.423278 0.6513001 1.90802 0.4190277 1.322704
2.014373 0.3931231 1.108172 1.098852 3.255559
0.3470382 0.6311357 1.127168 1.408374 2.693481
6.228309 1.671394 3.198122 2.174164 1.457311
1.837724 0.6942893 1.711737 2.781884 1.483954
1.302788 2.463977 1.003246 0.9163541 0.7696276
3.952844 0.5689306 2.423584 1.263645 0.5531123
1.659653 0.9267386 1.627867 2.999328 6.939095
0.8627284 1.597824 0.8793615 0.9994062 1.744211
2.244116 2.191568 1.514482 0.4981752 1.601695
0.8852781 1.614546 2.533295 7.114557 1.692117
1.737578 0.8053581 2.923072 5.871341 1.841945
1.161022 3.629744 1.420613 0.5089847 0.9265048
1.381833 0.9555728 2.671846 0.5409403 1.139996
0.3961282 0.7915101 3.466923 2.939327 1.571746
1.773889 2.714073 1.451099 2.063197 1.409711
6.077694 1.152844 0.4310363 1.452997 1.327013
0.5196778 6.363856 3.442265 2.861852 2.31403
1.386302 3.540015 0.7368827 0.7601179 0.4807977
3.196364 4.53082 4.0488 1.039796 8.133133
2.032435 2.822699 1.837385 0.6906201 0.5225395
1.020566 2.923292 1.484982 4.54998 3.934394
3.951286 0.4604739 1.540878 1.502731 0.7904236
0.3498739 1.369784 1.001061 0.3996475 1.573336
0.7502499 1.815224 1.862723 0.7739357 5.208222
1.326775 1.160068 1.506711 4.954663 3.465793
2.623483 0.867377 1.171901 1.336256 5.643838
1.495324 0.6770659 1.025704 2.294056 2.412508
5.22075 0.3557532 0.3625921 3.16976 3.016181
0.9615895 1.020048 1.267114 1.784916 5.84505
0.7303239 1.597014 2.616069 2.496288 3.516108
0.7043286 2.916614 0.8443027 2.094924 4.351013
0.4223071 0.5922921 7.695956 1.131342 2.882368
0.9531683 1.937341 1.767389 0.6602533 2.573409
0.7380604 1.135432 8.181935 6.676671 1.722275
0.7001628 1.628977 2.618456 1.621743 0.5212163
7.154897 1.899991 0.5084543 3.391978 0.5677961
1.040667 0.5295211 1.466757 3.392367 1.833567
1.845419 2.201119 0.5494173 1.543467 4.949202
0.7870013 1.417494 7.564363 6.329502 1.437728
0.8386126 2.0685 0.8101497 0.9627744 0.5291073
5.968386 4.90236 0.9307669 1.601886 1.070584
1.75787 1.788908 1.591856 1.496401 0.7232523
8.081929 1.21605 4.368883 0.481811 0.710931
3.877433 2.292198 2.012004 3.250244 6.065556
0.9852986 2.807352 2.5142 2.16758 5.227785
1.823952 2.140126 1.000216 1.721522 1.957927
0.7705707 0.4750268 1.412005 2.109429 2.125611
0.3643494 2.221684 1.013357 1.608952 1.293247
1.413996 1.463056 1.343195 0.9235904 4.815798
1.704017 1.242072 1.003018 8.020019 1.121109
1.21278 1.408928 2.663894 0.8259223 1.801467
1.869017 0.8379804 0.5584028 1.61008 0.5055988
3.133322 1.419851 3.338997 3.622732 1.656372
2.002266 0.9558601 4.770253 2.760624 1.46169
3.552874 0.6848028 4.393382 5.802263 6.252266
1.25575 1.239491 0.4096015 0.9027651 1.838362
2.692779 2.218302 2.000289 0.5104679 0.6218541
2.091429 2.359797 0.8662289 1.508492 0.8276724
2.271866 1.597845 1.078065 4.718197 4.332349
1.339722 1.381402 2.890365 0.5683636 2.056273
6.750883 3.31368 0.6340156 2.657934 1.128028
2.660884 1.161616 2.318863 1.091078 2.263283
1.556358 0.8588518 1.092895 2.229548 1.40637
2.389466 1.481404 1.706529 2.580282 1.012599
1.578122 2.195793 1.210957 3.254762 0.9491008
0.5730945 1.184381 2.047415 0.4850754 0.8999882
2.400061 1.345246 1.774228 1.397551 1.88393
0.7926931 5.650661 3.47886 2.220374 1.231974
3.353756 0.3529574 0.5976451 1.261907 1.45688
3.930891 1.254677 1.956966 1.017148 0.9972058
3.340864 1.780035 2.224204 0.4714721 6.964589
3.805652 1.78992 0.5691892 6.339318 0.5522839
4.383292 0.7164865 2.764043 1.967307 2.95605
0.6500603 0.4055455 0.7353439 1.766466 1.780382
2.007956 0.4800391 3.720088 1.525127 1.046939
1.606172 5.434735 3.880293 1.72638 6.869394
1.35482 2.184844 5.630605 5.174299 0.3485786
4.810649 0.6577907 3.157048 1.092098 0.648516
1.053424 1.326536 2.584429 1.00478 1.752126
0.6642059 3.3829 3.284866 0.6848156 1.717082
5.059718 1.948999 2.893948 0.4316683 2.885449
0.5413352 1.180203 5.401839 5.630283 1.313939
0.4190165 0.6834388 2.579535 0.5555684 6.60941
1.31636 1.083791 5.148057 3.740357 3.51934
0.5267925 0.7064097 4.522891 2.199973 1.331362
0.6439607 2.150501 0.9576366 0.4845425 1.331473
3.00546 0.5743564 0.4681948 2.164474 3.523394
0.6044479 2.054255 6.982694 1.444905 0.4585051
4.181286 1.393596 0.5766166 0.4787533 0.4162099
2.408719 2.081043 1.089435 1.576521 1.625309
3.651255 1.49397 0.9206854 1.390802 1.200665
2.200004 0.9225002 3.501846 7.261146 6.03784
3.620821 0.737749 0.7414136 2.876107 3.382287
0.3735239 0.5721141 2.68314 1.151516 0.7778185
0.5317265 7.08379 1.684477 0.5574133 3.544165
1.38228 2.703956 2.162705 1.697917 0.5258537
1.87252 1.611088 2.266353 1.100515 1.978154
2.751123 0.9250898 1.345171 2.42447 0.6969294
0.6674751 0.9666789 0.4626023 1.384657 3.052496
1.210935 0.4488604 1.93167 1.274047 4.297307
0.5326675 1.902414 1.840298 0.4098588 1.738587
4.948747 3.569165 2.037946 1.630822 1.849193
0.5192035 1.074893 5.530089 2.360014 0.6119535
2.968089 2.220967 1.907466 1.367137 4.107668
0.9404575 1.648828 5.919898 0.871308 2.025499
2.442682 1.634595 8.267458 4.114247 2.533906
1.307425 1.593627 3.135572 5.232154 2.876347
0.5739352 2.547879 0.953118 0.7792216 0.7865631
0.5326011 0.4533168 1.39269 0.4027981 1.531207
3.444142 2.411552 0.6956328 0.9889178 1.184028
1.899414 5.923742 1.147015 3.750769 0.8124869
1.085973 2.075045 1.730725 0.5465892 1.125021
4.764539 0.9042237 1.162541 3.545322 1.684904
5.832438 1.270808 2.798375 6.622255 0.5979286
0.3965369 0.440093 2.665727 1.606416 2.399827
2.744179 0.9215057 1.920123 2.470857 1.453506
1.933374 3.631611 0.6821528 0.8271948 1.919185
0.7163185 0.5567037 1.240215 0.8436204 1.007207
2.229561 1.750055 0.688158 2.888753 1.078302
1.79601 2.048477 1.626597 1.069532 2.648804
2.055565 0.8117368 1.112077 2.41612 1.161974
1.715812 0.818848 4.873842 0.893984 2.958285
1.353804 0.7828141 0.8200857 4.596911 6.696946
2.607615 0.3492774 0.6471248 2.322357 0.5074794
2.302488 1.279141 1.714203 0.7109633 2.066311
1.989805 1.167904 2.710744 0.5794524 2.760826
0.849098 0.6307177 1.546505 1.745603 3.921663
2.605472 1.396565 3.558342 0.5759498 2.777287
1.085969 3.900154 0.6531484 0.3542301 5.506386
0.7013154 0.6388449 6.534671 1.77498 2.466256
1.195544 0.8357374 0.4431556 2.990947 6.782292
3.926623 0.9793052 6.96794 1.950085 0.8636621
3.441325 0.7053441 2.603408 1.23396 2.233151
1.699097 2.445691 3.557513 1.029999 2.714965
0.4137347 2.236653 0.8678096 2.216735 2.194266
1.114959 2.571162 0.9086546 7.71112 1.867405
1.53316 3.371939 0.7897045 0.4358086 0.8361682
1.591745 1.119342 1.49294 1.265148 0.506477
1.144629 1.41685 1.377781 2.034345 6.961484
2.525131 2.985303 2.834265 0.6521151 3.45707
1.998114 0.5635 1.412875 0.7477243 3.17771
0.3740426 2.213004 0.8014971 0.4711381 0.3519393
3.696718 1.876442 1.278639 1.0657 1.338293
1.587849 1.657914 0.9308461 2.463516 0.4255007
0.4466718 1.221293 0.9856432 3.405734 1.810905
4.372712 1.974086 0.8931973 3.280139 4.963263
1.898101 2.477119 1.389452 0.5207831 0.5025445
1.630351 3.95309 1.242637 0.6328038 0.5348904
0.4492947 1.521476 1.365426 6.510281 1.266953
3.664663 1.103855 2.586303 2.95109 0.372802
1.278647 1.173724 1.210225 1.866728 0.3910622
4.891573 1.092943 1.401099 4.172313 4.040447
1.56296 0.6983849 0.8181381 1.618193 0.4498004
6.654435 2.324705 1.064756 0.465259 1.12169
2.846405 2.419855 2.016868 1.655772 1.345792
0.3773351 1.896065 2.937923 0.7289855 1.724407
0.6133395 2.876129 3.669802 5.80979 0.584656
1.860601 2.349955 5.627849 1.449349 7.15035
1.303624 0.8351504 1.305386 2.397145 1.57346
1.030763 2.172396 2.406802 1.251421 0.8123077
1.694751 2.646199 0.42118 0.4913727 5.13742
0.596317 3.458075 1.408135 0.555947 1.524916
1.340274 0.5263399 1.745841 1.840541 1.424764
1.8807 0.7641212 3.602547 1.547382 3.842482
1.218834 2.314102 2.325991 5.002624 2.00924
4.797429 0.5106421 1.855885 3.14998 3.785277
1.28293 2.6037 2.6705 1.242765 1.906722
3.35678 1.52265 0.9942255 3.440878 0.747043
0.599409 1.133975 2.999273 0.4547386 1.512991
2.174918 6.020083 0.8348888 2.735024 0.6488863
0.6645455 4.108052 4.509961 0.6412667 0.4377669
0.8872474 1.633134 6.633015 0.3693967 2.356986
5.983896 1.28593 0.490449 1.500544 4.738687
3.303998 1.680048 1.919496 1.621943 2.681949
1.02665 2.110205 1.564199 2.360938 2.594265
3.712612 1.085631 0.5435093 1.183102 0.4464934
1.96465 2.783476 0.8614769 0.9263555 1.635417
0.435999 1.408544 4.856146 0.3453084 1.990245
4.008537 1.145082 1.470328 0.7873916 1.228536
0.9933039 0.7927371 1.46552 2.831259 2.881102
0.6751802 2.714845 0.90462 2.273428 1.195005
2.037591 1.359457 0.6502047 1.016766 7.677838
1.216412 6.591609 0.3849165 1.9627 1.246447
0.5622311 0.5891081 3.015863 1.061913 2.410608
2.249297 0.7823113 2.516265 3.133661 1.686539
1.605761 0.4815295 2.403444 2.037264 1.175289
1.82298 1.992574 0.816743 1.564075 0.9684268
0.3950782 1.731761 1.305103 2.624227 1.241001
0.855509 5.923893 2.599852 2.913505 1.452881
0.520748 2.66452 1.297224 0.4242948 3.022431
4.436085 3.976114 0.3932964 3.78275 1.752139
0.922958 3.396662 4.121519 5.475081 1.046227
1.001305 1.882365 1.923791 1.476631 1.566721
0.4058554 0.4478322 3.69629 2.091314 1.389626
1.272622 1.478973 2.622362 7.602417 1.081193
0.8898596 1.27135 0.9131812 0.9888369 3.430536
1.380819 0.779456 3.608442 2.454753 1.934424
2.207713 0.5059502 7.968641 2.857054 1.801872
1.991911 2.102331 1.259944 1.624311 2.627403
0.7022513 0.6576812 7.037334 1.298525 0.6056928
2.436378 0.8819813 0.8598036 4.438094 2.477553
1.154013 2.80527 1.082406 4.266218 1.934199
0.9841255 0.9670719 1.463521 2.32948 2.691241
0.8700016 4.020544 7.813222 1.608918 4.548838
1.504174 0.8334368 4.988796 0.8225684 0.8555476
0.440587 0.5348495 0.6909922 3.336542 1.507077
2.438387 6.229279 1.119782 2.625377 1.891661
5.382197 1.938234 2.887391 2.128609 2.208246
2.58696 3.941322 2.973516 2.016341 7.252268
1.452387 0.6926375 0.7016104 0.7681208 3.387548
1.91079 2.64337 1.725464 3.985975 2.186297
0.6154427 3.636652 0.6311494 2.143461 0.5883526
3.822732 3.871236 0.8841599 1.855583 0.5089107
4.499933 2.71459 1.967832 3.37013 0.4389126
0.7315265 1.699388 0.5334713 0.3905608 0.6852666
3.868147 2.084614 0.6239366 1.306577 0.7492453
2.4574 0.7418149 4.087726 1.959876 1.566749
2.989456 0.8969579 0.9355946 0.4628989 0.450603
2.265899 0.8284297 2.482535 4.076045 0.3966335
1.786 1.845294 0.477369 1.4803 0.982677
3.697625 1.21338 2.376674 1.818546 2.017263
3.428244 0.8601405 2.345984 2.520712 1.615904
1.783331 1.382951 0.8367885 1.421843 0.8161811
1.350683 1.019224 0.6744201 0.6967744 2.940977
1.0703 0.5397051 0.9290041 0.8220583 1.585956
2.418716 3.448513 2.725018 3.381966 1.56854
2.627839 0.5062913 1.568793 0.5193344 0.6067991
1.225806 1.107922 1.729688 2.206322 5.732439
5.679635 0.3479775 1.713036 3.104776 1.70007
0.6080494 1.247192 2.871459 5.130767 3.364704
0.9378766 0.9075986 2.814747 2.407475 3.133314
0.9933671 1.474622 0.439045 0.9120397 1.333905
1.789154 1.95833 2.387821 0.7341931 1.481548
0.6388316 0.9381485 1.595525 0.798266 2.982655
1.536959 0.5662784 3.471931 2.441214 4.275392
1.073238 3.073034 2.2365 2.248941 1.722048
0.5317999 1.675655 1.0704 2.078183 1.471657
0.640976 1.087061 0.3761307 0.6298269 1.289505
1.890361 5.747467 1.105272 2.836356 6.107399
0.5854693 1.800174 6.446264 7.589317 1.767851
2.817072 5.41196 0.63585 0.8906953 0.8906019
2.514292 5.850663 1.785855 1.138137 7.739376
0.8449402 1.413135 0.4335347 1.475002 0.6040482
0.7432259 1.618294 2.609903 1.428647 1.139705
0.7843419 1.51541 0.8238219 0.7109624 0.8837121
7.571027 4.966595 0.7832459 1.764086 0.4563051
3.763239 0.4913769 1.616471 0.7440903 1.385841
2.019397 4.269395 0.584486 3.294175 2.832577
2.565619 2.787623 0.9620683 1.890823 1.914603
1.509344 2.289266 1.182498 1.988324 0.719061
1.733067 6.852215 2.845714 3.242789 2.470114
2.022105 3.584691 5.486161 3.850083 1.959277
4.485906 0.7963207 1.350133 1.022177 1.134349
2.582441 4.890265 1.344647 0.9795046 2.376892
1.087326 1.134432 1.691352 0.6099599 0.7221277
4.319733 1.335667 2.438422 1.766576 5.030073
0.8397884 0.8913169 2.295781 6.353831 1.003322
0.7416974 6.013554 2.270298 1.774322 1.646947
1.335061 4.262944 1.099371 2.098135 1.925103
3.855267 1.271681 1.778652 2.287171 2.618231
0.5128308 1.263266 0.3990734 2.7231 0.4359633
1.194566 3.979786 4.739367 1.336619 0.4562711
0.4476545 2.487883 3.320417 1.389973 5.24982
2.979783 3.632517 2.960461 0.7576498 0.56291
0.7823929 1.590595 1.375276 1.234891 3.808163
2.283172 0.4449418 1.41065 5.055973 3.61426
1.317963 0.8758782 1.326596 1.269708 2.614317
1.335408 2.699111 1.034716 1.759452 2.648923
0.7307296 5.767952 0.4854208 0.626 3.363058
0.4683843 1.07559 4.690726 1.120126 1.496795
0.4272762 0.5733178 1.516447 2.119561 0.9493117
1.40665 2.672838 6.779643 3.311302 0.9245315
1.441399 2.822381 3.961206 0.7525577 6.080475
2.097224 0.4133434 0.3799405 0.8710604 0.7620837
1.461655 1.518034 1.586561 2.044793 2.016852
1.042238 0.6024378 2.298699 1.735924 2.546466
2.566896 1.154906 4.485085 1.873545 7.829917
2.374678 2.681481 0.625603 2.878784 2.781551
1.318779 0.9973226 0.9765436 0.4046502 1.52405
0.982306 0.5277252 0.4388613 6.452064 0.7314601
1.080987 1.944318 1.225413 3.862624 0.6316648
0.5677212 1.709681 5.393793 0.6922983 1.704719
1.572166 4.746057 0.9867628 1.582543 0.5725968
3.909355 4.627813 1.798468 1.728297 0.5215813
0.9389645 1.145683 2.537703 0.5028997 1.381904
1.583067 1.515295 5.270711 1.846461 6.805352
0.6173948 0.3589446 1.478586 4.53644 7.204825
0.6894403 1.161283 3.935293 1.603971 0.700739
3.038395 1.081655 0.4672893 3.549701 0.762081
0.8134303 0.3474618 1.047831 2.404518 1.674239
2.102762 0.419383 4.00131 0.7593872 0.6057262
1.996962 2.313113 1.411584 0.3728772 1.420587
0.6834848 2.407114 0.3531164 1.788027 1.007206
0.4694702 1.457652 8.222983 0.7649631 1.112751
1.482024 5.86975 1.130985 1.782144 0.430199
0.8841144 1.739291 2.506393 3.388867 0.6764787
1.784753 3.990032 2.619929 3.839388 1.648881
5.600285 2.685297 2.276076 1.139997 3.155443
1.843863 1.590121 0.4959557 0.9280258 1.418847
3.569993 1.214733 0.5178265 2.95821 2.067746
0.8646192 2.953212 0.4838348 3.083918 3.430551
1.453594 4.220052 1.983865 1.539359 0.6297306
1.767854 1.559923 7.687609 1.767448 4.85191
1.690539 1.42803 0.9737724 0.8253992 1.661391
0.9570665 0.4752061 1.245151 0.7710364 1.550406
7.896605 1.220262 0.6810877 0.636684 2.607241
2.225645 0.6148376 0.8779396 6.517474 2.293647
6.236487 3.831974 0.3713996 3.525171 1.394929
1.290129 1.368881 0.812357 1.706628 1.593491
0.4099647 1.080028 2.339577 2.204234 0.7668448
4.90843 1.749847 5.909449 1.25393 0.8544057
1.877708 0.7435947 1.790224 1.698251 0.7673729
1.162564 1.242751 6.754418 3.24769 0.6988803
0.8362604 7.886608 1.832909 5.581136 2.160431
2.159233 1.253234 0.9717587 2.785296 3.007535
2.695499 1.626029 1.044905 0.6159926 1.538981
0.9286555 1.910926 1.76666 0.7866286 0.4387966
3.422315 2.991692 1.234919 0.5435971 1.498359
1.566895 1.197709 1.975582 3.941961 0.9130621
1.815794 1.648196 7.101599 3.565045 1.8007
0.481888 0.3988162 1.20185 0.8434735 1.154274
3.032008 3.773621 1.779917 0.5888956 3.362893
2.872242 0.7815565 6.411822 1.967533 1.354521
2.418342 1.238632 1.64043 0.9165128 2.197547
0.555867 0.6182193 0.7920151 1.189523 1.481605
2.90266 1.650436 2.972726 1.873232 4.590604
2.193235 0.9945108 1.205048 0.9797723 1.110793
0.8731069 1.303843 0.7358848 6.253852 2.096587
2.663582 1.27069 7.061794 2.784748 1.906916
1.243603 2.093032 1.307011 0.5461489 3.568523
4.06703 0.922632 1.537634 2.33757 2.911611
1.506379 0.3882569 3.847934 2.88209 1.613452
3.994521 1.365845 2.653668 0.3450167 2.58937
1.418763 2.188292 2.769572 1.393316 0.3497471
2.657352 1.003894 2.508481 0.5225902 4.998742
2.145334 8.115269 2.473762 5.077379 1.135101
1.512197 0.8049032 0.9718231 0.6410808 0.6360908
2.070007 1.122747 1.683927 1.447479 2.874622
0.766095 2.582936 7.09737 3.422695 1.007786
1.859526 0.3917715 2.788499 5.901593 3.632087
1.053235 3.694659 0.8297509 0.6441616 2.971831
1.469459 1.516817 0.6809037 4.85913 1.320914
1.219535 0.9045763 3.801958 1.316781 0.4840476
2.079602 6.601701 1.688318 1.246623 2.957316
1.480569 1.096486 2.999948 1.243513 0.5921918
2.259379 3.101983 1.862455 2.623495 1.206785
8.020654 3.517772 0.8507655 1.086549 4.648103
0.3818689 1.485133 1.773455 0.629295 1.593389
0.4870382 1.771782 1.834765 1.895681 0.4538324
0.766865 1.707893 5.044566 0.401547 1.033356
6.478314 0.8229714 2.592832 2.675597 3.970449
1.040553 1.422849 1.286102 2.316293 0.6853386
2.608174 1.632975 2.656218 1.373137 2.023035
0.6155868 3.182799 2.188455 1.41473 4.010281
1.627154 0.8473567 1.464719 2.068204 0.6847686
0.8879269 3.44827 6.139287 2.177463 2.729161
0.804119 0.5911556 4.994616 1.293948 3.516785
0.5253493 4.258414 1.651717 0.8866756 4.705901
0.9480246 6.993733 1.035556 2.383208 1.521563
0.8613121 0.7447252 1.641991 0.6740653 5.959787
2.13608 5.341638 0.8234484 2.854651 0.9334643
0.4910889 1.572553 1.995231 0.7136632 1.894914
6.36768 3.079206 0.7370956 2.282349 2.651482
1.311167 1.188856 3.445083 2.34178 0.7084252
1.116727 2.89721 2.571762 0.5870966 1.318717
2.528918 1.031519 1.368874 1.125444 0.9880295
0.5041783 0.4448861 0.6144848 2.100193 1.510479
1.333403 2.32634 1.518014 1.837318 1.362933
1.606518 1.044611 2.997638 0.7808978 7.135075
5.328819 0.4939843 0.6571652 0.4294953 2.625599
1.442543 1.703873 4.394681 2.146506 1.973935
3.103422 1.003313 2.075614 5.147145 1.840652
3.13214 0.5582466 0.8611709 6.2951 0.3521205
5.253667 0.9911623 0.427976 3.69114 1.43589
0.6182095 2.888422 1.706955 1.148756 2.557294
1.831931 1.15895 1.891298 1.349257 0.5748244
1.014865 0.7938082 0.6901369 3.552188 3.504533
0.7685286 5.805571 6.245122 3.9413 0.469452
1.53753 2.298699 1.005666 1.380445 0.7469329
1.055165 1.377386 2.679733 1.039355 1.727269
7.34493 7.354763 0.4120532 5.288048 1.642332
1.053829 1.718573 1.57726 1.102433 6.609597
2.670701 4.223977 2.857819 2.270135 0.8809482
0.8229684 2.605427 0.9431969 0.5748085 0.8705708
2.783013 1.153947 3.006025 2.218519 1.096601
0.7368123 1.218891 0.756218 0.9380399 1.510377
1.467498 5.204324 1.513443 0.541584 1.387994
1.287348 1.588296 1.895363 1.826174 0.6389275
0.654487 0.621387 0.5689488 0.7586301 1.635905
4.376475 4.835347 0.4013713 1.410365 7.974228
3.579116 2.059792 1.096048 5.589066 1.651251
1.294994 1.804528 0.4744301 0.8801788 0.8964413
3.270131 5.050718 4.926676 2.430927 2.275913
0.9846393 1.6016 0.9701856 0.4427861 4.975943
1.300384 1.824649 2.604737 5.217655 1.473428
1.003211 1.398167 0.4642301 1.970996 3.154479
1.862674 1.365585 1.133565 1.377339 6.547124
0.5399415 0.666364 0.8802693 1.45678 1.519824
2.28614 1.736083 0.7403859 7.007213 1.862981
3.076401 1.922756 1.429623 3.622734 3.874433
1.715411 2.406821 3.036135 0.4050178 0.5560184
1.472012 1.18132 2.269872 1.05557 1.069376
0.5324409 1.175775 1.012894 0.8481309 1.645011
1.010401 7.891844 1.310754 3.114535 0.6228468
0.7209824 1.411836 0.6013857 1.183039 4.762418
3.951118 0.8961505 3.970111 1.237894 1.336279
0.5854864 1.71116 2.205202 4.362659 1.09224
0.5413715 2.456967 2.876753 1.121637 2.200311
3.206918 2.405794 1.719697 0.3513296 3.770178
0.3735137 0.5422055 1.281194 2.894203 1.747994
3.432434 2.706823 0.6351041 1.376489 5.078573
0.8000444 0.8515922 4.991044 0.4509737 1.490144
1.790013 4.184172 0.6328272 8.151524 0.3697116
1.082226 0.8771444 1.93714 3.64817 1.847449
1.347539 4.250177 0.6329113 0.6844537 2.759343
1.402547 0.8336591 1.913363 0.8030702 0.8026882
1.859387 5.203211 1.715319 1.227327 1.88008
0.8038245 8.215834 1.120262 0.560248 1.025046
1.589151 2.757158 1.770681 3.938162 1.498286
2.780374 1.653648 1.691573 7.391245 0.6917179
1.904789 1.145021 0.396342 2.423175 2.312596
4.918357 3.411856 0.4632054 1.493297 3.457701
1.158653 1.525197 0.5729308 5.756108 0.8110778
0.6685 1.708074 1.323377 1.612436 1.20016
1.472316 0.4014231 0.9985732 2.169231 6.068272
0.3862437 2.994724 1.856328 1.125101 1.922214
2.809731 3.906393 5.785448 0.3562435 4.550988
0.9729615 3.705925 2.383246 1.219179 1.652461
4.100835 0.4205125 1.713871 1.000961 1.588596
1.941389 1.751868 1.503385 2.013475 3.950889
1.222483 1.546917 0.5846496 1.562111 1.828166
2.355237 3.956062 3.21335 0.4418395 0.7061144
1.686046 0.9289668 3.888552 3.665391 0.811204
0.4823211 2.568871 1.675104 0.915286 1.646892
0.6765045 0.8287014 3.670026 0.6875497 1.353774
3.272202 1.888805 1.081525 2.889914 2.421573
0.874095 1.83214 0.9440592 0.5056325 0.9305855
1.471754 3.565519 1.932721 1.878563 2.437571
1.418446 0.99856 1.977835 4.193416 1.587671
2.728873 0.4535211 2.017694 0.6865856 0.5327877
3.32749 1.889619 2.796689 2.136743 1.085917
4.037682 8.107533 0.6692456 1.031116 0.5039564
1.88012 1.326681 0.4828725 0.3983228 0.6411212
8.115552 2.546252 1.311965 2.724774 3.602774
1.281776 0.9876936 0.3782576 1.196679 5.101881
1.578561 2.259479 1.764201 1.054615 1.897049
5.573485 1.855577 0.6812369 0.7302593 1.243261
1.388811 3.533682 2.468224 3.362837 3.204596
3.000852 1.718444 0.684043 0.5972448 2.381449
0.462029 1.973965 1.13569 2.011041 5.245392
1.001902 1.464482 0.8672814 0.986982 2.280778
0.6774869 3.919689 0.7858805 2.097999 4.111142
4.835773 0.9777483 6.258505 2.115601 5.506173
1.692934 1.917894 1.481798 1.602848 0.7467159
2.65605 0.4047978 2.722046 0.6728732 2.437234
1.667876 0.5946279 3.049708 1.505733 1.404365
1.846624 5.925396 3.886574 0.4563302 0.5841721
0.4200685 5.941632 3.364137 1.035373 0.4377389
6.248432 1.239014 0.5956825 1.276571 2.767507
3.097777 1.445856 5.279984 0.8733799 2.704979
3.478651 2.40303 3.247177 0.880856 0.691535
1.356886 1.14168 2.092154 1.177499 1.475807
1.742488 0.4779819 1.040568 5.238263 2.515987
3.443237 0.769458 4.866005 1.936722 2.457573
0.5592114 5.273586 1.400787 1.597543 2.452332
2.624154 0.9200839 1.571255 1.791818 0.6457175
0.7387819 0.6431382 4.210149 2.510133 0.5590085
0.509944 1.775524 2.042605 1.628922 4.510275
5.312414 0.7589031 1.036822 3.407622 1.08649
1.674328 2.457575 0.3788692 1.19167 0.6950206
1.378091 0.866148 1.229589 0.6734306 0.7932373
1.191962 0.3486122 4.153356 0.8012263 4.067343
0.4705256 0.6372749 2.714638 1.151813 1.837362
0.6667718 1.407096 1.136629 6.521252 1.268076
2.885435 3.156582 0.625462 1.950806 1.896545
1.439791 1.92439 5.960305 0.7839694 3.394666
2.238325 0.6646158 3.802088 0.9651942 5.300937
0.6433826 0.7915454 3.12356 1.867164 1.632371
1.571803 2.739224 2.737079 2.613012 3.195098
0.7915993 5.418465 1.943688 0.5380844 1.340313
5.228157 0.6320066 1.955543 1.372781 1.240762
1.321868 1.494212 0.6239873 5.440575 1.61529
2.537762 1.617195 7.988937 4.429516 1.278075
1.413965 0.4118211 0.6417 1.446089 0.9662398
1.228412 0.6426985 0.7530738 1.323894 1.87486
1.116614 0.903996 0.8042447 7.273933 2.267095
0.5543733 3.246173 2.520193 1.752609 0.9858308
1.717679 0.7535484 1.265312 3.410204 1.588842
4.451752 1.861878 0.76099 0.6957047 1.949542
0.998555 0.49499 2.591962 2.692416 1.42986
2.649342 2.60691 2.033028 3.591618 0.7065359
4.350213 0.7489905 2.324683 7.311412 2.622075
0.8273655 1.695325 0.3761494 1.465493 3.281239
1.245914 0.6891139 0.492767 4.501936 0.7240905
2.006434 1.473995 5.153652 2.503303 1.070692
2.953227 1.772678 0.5540835 1.259789 2.235681
1.91061 1.382877 1.672992 2.395543 3.158814
2.826281 0.9411855 2.578783 1.773327 1.578533
2.913216 0.5098721 0.6282473 2.175516 0.8470586
0.8346639 0.3483258 1.991865 1.479375 1.91933
1.859199 1.07285 7.081087 1.082901 1.038593
1.081585 1.205738 5.684873 1.416631 1.528445
4.348782 0.8165568 1.56283 1.679808 2.928605
0.4516666 3.028664 0.9352983 1.944183 3.026045
1.938174 0.5779185 0.4275254 1.084031 6.460208
0.7887664 0.9529336 0.8381724 0.9856942 0.6707199
6.607083 0.5135107 1.125918 1.264439 1.40935
1.934387 1.707489 0.9174524 2.601749 2.948121
3.262609 3.38221 1.935943 5.160606 1.650824
6.928143 4.466946 1.319073 1.429127 1.218677
1.587015 2.555253 2.31631 1.042864 3.222893
1.328595 4.07185 0.7637081 0.5888793 1.490536
3.571912 0.874257 0.4108871 7.703558 1.390327
0.6557515 6.602191 2.051771 1.573212 5.976347
1.243333 5.024127 2.002426 1.877007 2.317609
7.71206 1.039792 3.630033 1.293214 1.522703
1.149153 1.152787 1.923582 1.680936 0.5934861
0.8192202 5.555082 0.9451219 2.332945 0.9181986
2.745616 0.7456446 1.245295 2.180834 1.256424
1.420215 0.9905449 1.441348 2.03237 1.924113
2.06658 0.4041957 1.712357 1.401863 1.940992
2.735091 0.6861777 1.565035 0.3973876 0.9525597
1.341814 2.411542 1.06638 0.6154838 1.693346
2.530077 1.617196 1.515447 3.003242 0.6490332
2.621195 3.27777 0.3518338 0.534699 4.02428
3.344078 1.949299 1.677703 1.244458 2.857974
1.832557 1.207326 3.809121 1.535442 0.4776253
3.977933 4.027763 1.302269 8.121099 3.745882
0.491069 0.876696 0.4171173 1.623044 1.72726
5.36691 1.650665 0.9976718 1.291474 1.939446
2.941119 0.5382039 0.8900944 2.290199 1.932244
1.2466 2.845035 5.884179 1.188173 1.150234
1.018354 4.586054 5.034866 1.254715 1.539547
2.217669 1.47571 1.879474 3.03623 3.871576
1.998086 0.5126341 1.147371 1.216137 4.193947
1.060492 2.578361 0.4585287 5.036042 2.548199
1.056835 0.6481811 2.573546 4.631811 3.137439
5.682228 1.711919 0.6477632 1.235869 1.140108
1.210408 0.924895 2.028079 1.144868 1.330245
1.792382 0.6630368 2.732038 1.884026 2.845007
2.178098 0.3723328 1.475526 1.478379 2.300599
1.249327 6.910656 0.7380517 1.923724 1.748236
1.082695 4.092748 0.7827386 1.833748 8.243366
0.7954223 0.639647 1.475526 0.6128903 1.523334
0.7211131 1.782541 1.259717 2.93042 1.421267
5.791361 0.5382969 0.9998157 2.656263 1.385763
0.495666 1.386442 4.885682 2.387937 3.424764
0.9202834 6.542475 1.80707 1.536204 1.808063
0.6067461 1.079805 2.877991 0.7181213 2.032017
1.09349 1.063766 2.496828 1.605222 1.406056
1.94848 0.3831849 2.124931 6.524564 0.3771289
0.593373 1.186757 6.207489 1.708174 0.7045239
0.5108351 0.3997774 7.041921 2.49034 0.3561972
2.419718 0.7805276 1.837695 0.9473412 1.66902
1.464441 0.4600949 2.069644 0.6837589 0.3505687
4.021767 1.4523 2.015145 1.312408 2.108661
1.930001 0.9493169 3.516822 7.186253 6.81906
0.4943243 2.81749 2.172243 2.443172 0.9871064
0.4247877 1.10765 1.286374 6.093586 1.119881
4.299826 1.531887 3.95463 2.053685 5.413834
3.42187 0.653871 4.850626 2.203599 1.730702
6.084726 0.3696187 0.3757427 0.5789089 1.564775
5.760864 0.8008573 1.501884 0.5505259 0.7361928
0.7938903 1.106906 0.521964 2.744685 1.7979
3.448102 4.088117 1.808743 0.6351268 3.124557
0.7179463 0.5610044 2.139869 2.751935 0.3485727
0.7334272 1.333159 0.4693635 1.523452 2.452031
1.500959 0.4611618 2.40194 1.622982 0.7399815
0.952604 4.576796 5.732148 1.449838 1.532213
6.31077 1.463671 1.115882 2.584617 2.726433
1.962004 0.4542803 1.513667 5.827369 1.019801
1.798056 1.323048 1.697256 8.014619 2.415415
2.871581 0.5794366 0.5284843 2.608866 4.046234
2.7941 2.47251 1.072407 1.079842 1.160275
0.4599104 2.722404 3.185753 1.301322 0.956748
6.081923 5.950475 1.473599 1.528631 1.223471
0.5899674 4.46337 2.117796 0.8553611 3.422539
5.653797 2.688381 2.73384 1.458278 1.049249
3.983182 1.311688 1.678166 0.5231774 0.5344122
0.3822892 3.548373 3.184505 4.727936 2.150052
0.5301661 4.084819 4.443653 2.729452 0.8297632
8.076896 1.330384 0.7559102 2.430713 3.670434
1.086034 0.4880722 3.900553 2.533454 1.015107
1.758373 1.069093 2.068732 2.913488 1.077291
1.690816 0.570982 2.535366 2.183868 2.137239
4.130855 0.5443681 1.225043 3.656743 1.237855
6.112955 1.273723 0.616059 1.27445 1.493301
0.7875292 1.565514 2.137576 6.91824 0.3747793
0.4863467 2.695942 1.919622 1.872772 1.07299
1.379654 1.617669 2.127704 1.251472 0.4498827
4.16279 1.756693 5.922862 1.04973 2.922262
3.467291 2.792144 1.54511 2.53916 1.291079
5.661761 0.816485 0.7130572 5.740503 0.7618366
0.3686876 0.9768715 7.602023 1.647935 1.535389
0.7205009 0.4718581 4.187759 0.6462414 5.617164
0.8176639 0.9027839 3.824845 1.566492 1.223649
3.295089 0.4958153 1.918793 1.352021 1.991525
0.6474563 1.126517 1.034501 1.723049 2.298006
1.989185 4.808414 0.6249352 4.590533 1.809695
2.245659 2.164085 0.642551 1.353798 1.227834
2.876432 0.8201264 1.487312 0.4629911 0.4105361
3.424423 1.061928 2.000634 1.357366 1.599933
1.148261 0.5295537 0.9030168 2.63367 2.528797
6.025285 3.301773 4.874897 2.060471 2.127656
2.228344 1.714888 3.467463 2.557823 5.009434
5.597535 0.5801141 0.6136809 3.226937 0.6716894
1.491719 0.8982562 1.601028 0.6000155 6.702611
1.590125 4.907775 1.542716 0.7393964 2.591998
5.262787 1.27026 1.342064 2.626861 0.8036435
7.109999 0.8461468 7.41599 1.572497 0.8468713
2.337711 2.499262 1.413728 0.7789867 3.08223
4.211262 1.779976 1.882196 1.372039 1.275912
0.8309717 1.111062 0.4573601 6.066519 1.164675
0.4169527 3.027478 1.822549 0.857658 1.506805
4.053128 3.633455 0.893291 2.60067 0.7166175
1.287678 0.7972191 1.068534 4.581979 0.4713445
7.482343 2.192898 2.387648 0.7177652 3.59984
6.018016 1.573628 1.570837 1.848303 2.392659
1.256041 2.673545 1.405417 2.508793 0.9694545
0.897191 0.8309978 2.124764 3.742955 1.088576
0.9300082 0.8660505 2.724979 1.855746 1.892563
3.688341 2.49653 0.5759529 1.378091 0.5359819
