24 17.78677 21.80344 16.87578 19.4534
17.7823 24 14.10768 22.92825 22.04227
15.10619 17.77625 24 16.97406 20.34528
24 24 15.28011 12.02813 12.11814
17.99694 24 14.18645 20.37038 18.07797
22.98646 24 22.47295 24 24
20.41928 24 19.0112 21.47285 15.7926
21.52004 18.69594 23.06028 24 22.55992
12.43178 17.35422 24 15.40915 24
24 13.17858 24 24 24
22.71227 20.86842 21.61976 22.0368 22.65737
21.66593 24 24 24 24
24 23.19526 21.44109 24 24
21.33623 17.23382 24 18.19563 23.65626
19.36298 24 24 20.86498 24
24 19.24928 17.31485 11.9102 20.45415
16.15569 17.36415 15.99469 14.25637 23.659
24 14.96706 23.38787 14.39467 24
19.47554 12.14926 24 14.52724 19.71952
24 21.52968 21.62406 24 16.68595
16.34857 24 18.44754 14.99764 24
24 24 12.92715 19.2559 19.8823
22.07275 24 24 24 16.64171
15.77815 15.3704 16.93126 24 17.1134
17.54109 21.86244 24 24 24
24 23.42652 21.54832 17.24991 20.90647
18.04986 12.05603 24 24 22.09723
24 19.96774 22.95416 12.43955 19.4966
24 17.28285 14.65163 24 19.26698
24 15.80697 24 22.07877 24
10.0038 20.64098 19.22971 23.83801 24
18.20997 16.55617 15.65457 23.2975 14.02856
24 23.12278 16.11486 18.56243 23.0524
24 24 21.94489 24 23.14151
24 24 13.74283 19.49046 24
23.53186 21.78103 19.11802 14.86039 24
12.21277 16.47849 19.68146 23.36469 24
24 18.51548 21.56167 14.90194 20.97135
24 23.38202 24 24 17.76715
24 11.96876 15.35022 12.80902 22.88136
24 14.67621 23.8113 11.21617 24
24 24 13.65699 16.99288 24
16.14324 24 20.51899 22.41203 24
15.66559 13.94884 18.59631 24 20.33965
22.02586 15.85668 24 21.72246 15.05065
17.50005 24 24 20.3289 24
24 24 23.11414 15.14154 19.81761
19.1841 16.59603 14.9255 21.95856 24
24 24 14.59746 17.9522 24
24 19.81548 16.60591 14.28255 11.0036
23.45434 14.3661 24 19.0727 24
15.2456 13.05451 17.16563 24 24
24 23.3226 24 24 24
24 16.40294 20.72231 22.15903 23.19941
15.66993 18.15946 22.05893 24 24
22.00023 23.22841 16.16799 24 24
24 24 14.56872 24 24
18.79141 18.7171 13.31859 23.72792 24
22.2403 21.30957 17.44811 21.93069 17.18652
20.10825 24 18.355 22.26059 21.07954
19.41289 24 20.70441 24 24
24 15.7745 15.16675 24 17.59397
17.05682 14.71659 24 23.46196 24
24 24 24 19.56304 15.58171
22.9421 23.58779 19.67285 24 15.39475
21.72046 20.08955 24 24 11.72006
23.89983 23.78548 24 15.04267 24
22.95215 24 24 13.21101 16.0182
13.47792 22.13262 17.77697 20.50991 24
19.05855 24 24 21.29394 24
24 17.81041 22.25987 18.8242 18.68868
23.5445 20.6096 13.30851 19.81156 24
22.60915 17.95041 24 24 17.05628
24 17.49929 24 24 20.25009
24 21.81332 24 14.76761 24
21.00575 15.74022 21.28698 17.75283 24
18.02427 24 24 13.56256 22.1202
14.92438 17.90042 21.70346 24 17.23412
24 19.11633 24 22.14317 24
19.85781 20.11599 20.52555 23.14068 24
23.24269 24 20.81507 15.66514 23.01323
22.23976 20.0014 19.39127 23.0444 22.90726
24 24 13.89029 21.31634 14.69604
15.843 22.79159 21.77905 24 24
19.1011 24 24 19.89849 24
19.37437 15.93279 20.58297 24 15.63529
20.89958 16.62398 24 24 14.10961
24 24 23.38188 24 17.10543
24 19.82733 24 21.77241 20.1864
13.93452 24 24 24 24
18.19138 24 16.1254 21.21379 18.19051
18.63254 15.89732 24 22.25634 24
24 24 24 16.38231 20.54529
24 20.18372 24 24 18.07853
24 18.96722 23.20802 19.75265 16.39649
16.67083 18.60225 22.77281 16.15404 16.06379
23.60858 16.64324 24 20.74082 17.24162
24 24 14.62948 24 15.7924
24 15.52336 24 24 24
24 24 13.68692 23.26901 19.60321
24 19.95831 24 16.28373 14.19845
15.15668 24 20.16427 24 15.98638
22.77628 24 14.74075 24 24
16.2145 19.11137 24 14.20906 21.69409
13.78009 24 24 18.03154 22.51825
16.04072 19.25295 19.2248 24 15.1011
24 24 22.07515 21.7132 18.48415
20.26525 19.38461 24 17.16785 17.28952
20.40351 24 14.06778 21.97346 24
24 18.68342 24 23.55401 19.39502
14.03876 13.26476 16.53048 22.13403 24
20.02993 24 24 24 19.68089
21.73869 24 24 16.26403 24
22.17457 24 22.53195 20.01472 21.31339
23.09925 24 24 19.2015 24
17.04963 24 21.996 23.45648 16.71256
24 17.75376 18.69197 20.44049 24
22.09343 24 21.7654 24 24
24 24 20.26718 16.77062 24
17.68239 15.03464 24 20.25274 16.02423
9.953743 24 16.63057 24 24
22.67526 24 24 24 20.57047
21.18101 21.52058 21.96214 22.98486 24
15.79185 13.48811 18.82895 18.43289 24
14.71646 24 24 24 24
24 17.55104 23.6345 24 20.67561
24 17.23563 24 15.49912 22.24027
12.25503 24 14.34316 11.67699 12.54679
21.52195 24 12.04983 24 24
24 13.08012 24 24 21.03061
22.42383 18.64798 22.0058 24 24
23.23501 14.81411 24 21.45623 19.21816
24 18.71747 14.74706 12.58864 16.13234
24 16.78969 19.3664 24 16.22427
21.98102 24 20.84968 18.81601 16.86523
20.79694 13.6188 22.54543 14.85129 24
21.47369 24 16.72915 24 21.7268
24 24 15.72422 21.85686 11.88643
24 24 24 19.92726 24
15.98637 20.7074 12.85651 24 20.15326
17.4578 18.78371 24 19.62931 23.81184
24 19.91702 24 11.79458 24
14.42952 17.83585 24 20.44927 24
16.55455 13.38378 24 20.13105 20.092
14.98264 24 15.74958 24 19.34468
20.35767 24 16.24705 14.11795 24
16.58656 16.21345 23.34302 24 16.21786
20.78168 24 18.89343 14.61095 24
18.33573 23.00806 24 24 21.7515
21.15644 17.20829 24 14.5398 18.5357
24 21.79333 24 24 24
21.90757 24 18.66238 16.89584 24
17.59721 19.35092 16.58085 24 24
24 24 14.78513 24 15.44242
24 21.1806 24 18.62794 24
18.07649 24 22.8697 18.47987 23.04418
21.84382 24 24 23.16006 24
20.61233 23.50127 24 18.70921 15.24887
14.28625 23.4107 18.91272 18.82171 17.68227
21.99848 24 22.17539 20.56893 14.04452
21.58809 24 12.1497 19.60021 20.8266
24 12.87387 24 13.06041 24
16.84771 24 24 16.75094 23.94784
22.23655 18.48959 24 20.28993 20.1089
21.71933 24 22.87355 23.39664 24
14.39456 21.01391 19.54892 13.57049 18.06661
24 22.92318 15.15237 19.57625 16.95884
24 24 22.90489 14.40474 24
24 23.29846 22.18148 14.27299 24
17.41196 22.23659 24 17.10691 24
24 24 19.413 16.51606 24
24 11.36463 21.65957 21.71089 24
24 20.05127 21.84175 24 21.86979
24 24 24 20.0913 12.73505
15.34554 19.93934 14.50823 24 24
24 21.27189 20.18228 16.27415 15.95973
22.85943 24 23.04885 21.89915 17.82283
24 19.45962 24 13.8537 22.48674
16.26206 21.08537 16.24521 24 22.55071
19.76335 24 12.87183 24 18.49354
24 22.35405 13.70423 24 24
22.41234 23.47187 16.26623 24 13.31199
24 23.86464 22.78326 24 18.60718
17.73135 24 18.05514 24 24
24 24 20.14499 21.38355 13.69104
21.55209 21.09693 12.48185 14.84838 14.47697
24 22.70637 15.08025 21.2737 19.94087
16.29937 17.10862 21.15779 13.89317 14.79564
24 21.91645 22.33067 24 14.14251
24 24 18.38457 24 16.25739
19.50982 21.20757 16.5853 24 12.50361
18.74943 19.70959 24 24 21.72157
13.84352 24 18.25675 12.09786 19.63304
20.30945 22.40306 24 24 23.23554
15.97154 24 18.6694 21.36161 19.26434
17.4498 20.37141 19.77926 20.77676 22.36091
16.77799 24 18.8667 24 23.41865
20.76288 24 19.68403 16.73352 19.80187
22.71287 21.85659 17.37114 24 14.55719
24 24 21.29918 15.00112 24
14.69562 24 24 16.9365 24
17.10727 20.95895 21.69022 24 24
22.44718 16.35542 24 16.17799 24
17.64726 24 21.78728 24 19.3028
24 20.499 17.42528 16.92277 19.88783
11.45265 17.24628 20.96492 24 24
21.33038 19.95804 23.33014 24 17.69912
16.90673 11.30145 18.47645 21.96078 23.81102
19.60491 24 24 24 24
24 15.48201 24 24 17.58563
24 18.49921 22.24095 24 12.48925
11.82031 23.33395 21.97262 24 24
23.28734 13.59274 17.89953 17.18339 16.1626
24 18.67423 21.92572 24 24
16.95901 19.64547 21.82665 20.46079 19.70192
22.48456 15.09074 22.19216 17.57932 15.04359
13.5585 22.49496 21.51058 22.06958 11.93786
24 24 24 23.85503 24
20.96218 18.24988 13.46087 24 24
24 19.03746 24 16.95079 18.02287
22.87052 23.17279 16.37463 24 22.98346
24 13.33771 19.41415 24 24
22.51934 19.27427 18.95374 24 13.05533
20.98971 15.0954 14.90441 24 22.13489
19.44745 24 16.36992 23.85305 11.53354
22.42243 17.81095 20.80931 20.16055 24
11.61785 24 24 13.58792 24
24 24 17.69371 24 24
24 24 18.29945 22.49113 22.4811
24 24 13.46982 21.09978 15.03722
24 24 24 22.80067 24
15.89857 22.52056 24 22.77449 19.89024
11.91513 18.95706 24 18.83871 18.85845
13.55717 17.89276 17.62463 17.88741 24
14.24699 17.3486 18.14977 14.29005 15.68247
21.85558 20.55154 14.5347 24 21.36715
21.48314 24 24 21.30541 24
24 21.404 23.59675 24 21.81467
24 21.13509 18.49072 21.41079 24
24 19.39351 20.21412 24 19.74049
14.45415 13.49171 19.77615 10.80559 20.32058
22.39927 24 24 18.15742 24
18.07811 20.15625 13.8283 17.56443 19.19611
21.39995 24 24 21.07714 24
24 18.59689 24 24 24
14.05507 16.86323 22.53042 14.45123 22.29811
16.01776 14.28379 23.68261 20.68911 24
23.64253 24 21.82977 18.9762 24
19.47443 24 24 17.09376 24
16.82513 16.33299 22.6497 24 17.82584
24 24 15.61573 15.85732 18.59978
20.87251 24 24 24 20.15964
13.99043 17.56264 12.01763 21.03845 21.90103
20.8515 23.47317 17.5868 18.76576 17.25067
14.4116 24 19.892 24 24
24 17.10793 24 17.55336 23.06077
12.27068 18.48838 24 24 24
22.03233 16.51741 19.5226 24 19.45822
22.30299 24 18.9219 18.43112 17.70402
14.11567 13.72347 24 11.54645 24
24 20.06432 24 24 19.88855
13.19085 20.82246 20.37701 19.58824 21.13019
18.27499 12.91848 17.19642 24 14.4643
21.48095 24 24 24 20.97279
17.01737 24 24 16.77649 24
16.16229 16.19545 16.9062 13.00907 24
17.15628 19.83003 23.80731 24 18.99956
24 24 19.23176 19.72719 22.21354
21.46751 24 24 19.5834 22.63183
24 24 18.04436 22.53016 21.64214
20.85319 24 21.64012 18.95022 15.16778
20.04459 19.32487 24 18.74363 24
20.2624 24 24 19.02516 22.15607
22.17067 21.53781 20.38195 24 19.83515
24 24 12.5451 14.21056 23.23271
20.50386 24 24 20.64214 11.31865
24 15.64265 20.95725 17.41272 15.06115
19.61699 19.09027 19.62235 16.44162 24
24 14.00885 24 24 16.58538
16.91679 23.31871 21.51122 17.61744 24
24 23.4371 24 24 11.30489
19.17225 24 24 20.3378 18.00224
21.26297 22.65423 24 19.18163 22.1991
24 10.79786 13.97941 16.55066 24
22.01036 20.25311 24 23.05785 15.8432
22.83307 24 24 20.45747 21.82071
19.98236 24 24 20.99177 21.13559
20.4328 16.24395 16.52681 24 19.43167
20.82818 14.67946 21.80177 16.6051 24
16.83239 23.44694 24 24 14.1439
19.9676 16.80028 21.40011 24 20.43557
21.53353 20.9849 24 21.72926 19.90297
24 24 21.7514 21.39301 17.73731
24 16.31096 24 13.29277 23.25073
18.29253 24 23.41652 13.92729 15.12973
24 24 24 14.71199 14.25928
24 24 24 17.92125 16.34804
18.01341 24 22.30395 21.33616 24
24 14.86563 18.98509 16.78444 19.5225
22.67632 24 24 16.09418 19.63443
24 18.56444 24 16.41441 24
16.69436 17.0978 23.09993 24 24
16.88352 23.27914 24 24 24
24 16.06225 17.40954 19.5716 24
24 12.88507 24 23.27116 24
12.05585 23.33649 23.65841 11.48101 19.95794
16.94275 24 20.27446 24 20.38061
24 20.36925 22.62615 21.66584 15.08895
20.09105 12.46507 12.22494 13.74899 24
15.77254 24 16.70544 22.61176 24
24 16.83833 17.34556 13.07152 15.05488
24 24 19.15912 24 12.56792
24 19.47613 23.40754 16.57979 24
24 24 15.98123 15.18666 16.21725
24 24 24 24 24
20.70745 20.70317 21.40328 23.35445 23.30555
17.89861 19.61673 23.28012 24 18.97197
20.57341 15.04531 13.07497 24 24
22.15859 24 12.88811 24 17.15698
14.77161 17.47512 24 24 23.27401
21.06816 11.46417 24 24 18.42859
24 16.75544 18.35529 24 24
24 22.42976 24 15.67195 15.89543
18.38138 13.57347 24 17.70785 15.98686
24 18.81953 12.88612 24 24
21.89187 21.54956 20.42842 24 15.3444
20.90803 19.27295 24 15.8989 16.22656
14.24566 18.22277 20.39152 24 24
24 16.11758 24 24 24
24 16.85178 24 12.59338 19.46436
24 21.52008 20.81134 22.49897 24
24 24 16.22204 16.91159 24
23.50247 24 17.10435 14.54672 24
21.4905 17.8334 17.41687 14.59836 12.99418
24 19.62038 13.41984 24 24
17.53966 18.7439 21.27009 20.0148 18.31059
14.94326 21.05763 24 17.77334 21.11202
15.8588 22.08772 18.2034 24 22.1762
24 24 22.76766 24 13.13839
23.45199 18.87315 23.39017 24 12.28946
24 18.31891 18.09739 24 16.50181
24 24 20.27638 24 12.04347
24 24 19.70215 14.04692 16.05323
24 24 18.46166 18.0409 24
21.71156 24 24 20.38357 22.76331
24 24 24 24 20.05978
24 22.69048 15.18937 16.76242 13.92523
20.67523 16.65542 21.30852 24 17.78608
24 23.5199 13.31831 24 24
24 19.74987 17.33596 24 17.09438
15.04632 24 24 20.33327 24
24 18.17651 24 24 18.74074
24 21.31059 20.5281 17.01265 23.43241
24 16.87286 24 24 15.27043
21.78897 16.25999 21.41039 22.03417 17.37562
24 13.58015 19.56846 24 24
24 22.15249 24 21.39485 22.87188
19.89513 24 24 19.95097 18.06528
13.53144 24 13.80956 19.94171 12.26803
24 23.92066 22.45297 24 15.61249
19.62159 24 23.22342 24 19.66666
22.97829 24 18.17517 24 14.97407
24 19.62732 24 16.95774 22.81469
24 20.91602 19.28568 15.88113 21.38139
21.9747 15.57217 20.30248 24 17.73888
24 19.11018 19.90773 24 24
20.14583 24 24 23.13715 23.63264
23.40309 24 12.03717 20.77545 11.74464
23.26413 20.63198 24 15.88639 14.57201
18.36216 24 21.2316 23.49537 24
20.37357 22.62878 24 20.34132 16.69891
24 18.89271 17.41737 18.15966 24
16.6987 15.40596 24 24 19.49779
23.53428 24 17.96908 14.5116 17.85267
23.72927 24 23.71732 23.00798 17.66851
24 21.82249 24 16.28703 21.08332
20.11755 21.88513 21.39654 20.79543 12.97186
19.01791 21.30196 17.34635 24 24
15.26237 24 16.04191 17.97655 24
18.80596 24 22.91947 15.07796 18.38102
17.58854 24 17.47536 24 20.34337
20.56597 24 15.78186 13.33441 24
24 24 16.21973 18.17093 18.63716
24 24 24 24 19.19875
24 15.33502 17.72335 17.96679 24
24 22.32526 23.55643 24 18.07815
15.57015 17.58905 19.00047 22.20046 21.50959
24 15.71858 24 20.68762 13.48874
24 23.85413 22.7182 24 24
21.12415 21.69932 24 14.6693 17.98671
24 18.11732 13.81985 24 24
21.95892 22.01469 24 23.11126 18.68851
19.97928 13.50101 24 18.35584 20.85415
14.74101 14.5483 19.05675 15.65831 15.96613
21.07621 24 13.48792 21.57621 24
24 17.29647 24 24 20.01412
23.49901 19.09738 14.55571 18.77853 23.20939
22.6169 15.26893 16.30979 24 17.61927
24 14.5945 24 24 24
24 24 16.60947 20.46343 14.4713
24 21.67111 24 22.73056 24
16.62219 17.87683 24 24 24
13.4762 24 15.72894 21.22303 20.26525
14.41047 19.69481 15.29732 24 24
18.34522 24 19.38024 15.8763 22.10063
24 19.0622 14.12366 24 24
23.50892 18.51529 24 18.77845 24
16.09024 19.73492 17.97673 24 21.5544
16.86992 23.29503 14.56167 21.76642 24
18.19906 24 24 21.99981 24
16.5694 21.8198 16.76432 24 12.55974
21.13055 18.43014 24 17.0178 22.38274
23.75629 24 24 24 24
24 24 18.66948 13.24118 24
15.07178 24 20.19418 19.16818 24
22.27549 19.3881 19.18307 24 24
24 24 24 19.5737 18.1517
22.79836 22.70012 22.74223 24 24
24 14.90331 16.09372 24 24
18.04044 17.23765 24 24 10.78798
18.87631 21.4862 24 21.81318 20.78407
17.50009 24 23.03717 19.68796 24
21.91339 22.92927 24 24 16.10784
19.18507 16.64906 20.37227 15.66093 24
15.89091 17.1447 17.62547 12.23338 22.39415
24 24 24 24 17.9907
13.23383 23.28936 18.46093 20.91479 24
24 10.55437 24 16.78623 23.25368
24 20.41714 24 24 24
24 22.55669 24 12.55106 24
18.93991 22.14772 24 24 24
22.10357 24 24 20.06805 15.74188
16.80892 24 18.0982 24 12.50101
21.72221 15.36718 24 24 17.60398
24 24 17.41058 13.90929 19.36487
24 17.88451 14.67091 24 24
19.58426 21.8161 23.62213 19.3492 16.18378
24 22.01532 22.0011 12.14811 24
24 24 12.98605 24 16.53492
16.06799 24 16.22651 24 24
21.08861 20.29106 24 24 16.82839
23.01968 16.09217 20.20311 23.09715 24
19.84658 21.13478 14.46522 19.09179 24
24 18.27991 24 21.60391 13.70707
21.19851 21.62968 24 24 12.4295
21.0122 24 14.23211 16.12575 21.67425
24 15.87902 21.49944 12.69979 19.39157
16.79503 16.42824 24 24 24
21.35523 18.42489 16.50525 24 16.63933
19.66097 20.43957 24 20.0679 18.75746
13.64372 24 24 24 24
18.83431 18.24213 24 19.59296 22.06625
20.9212 24 23.58811 14.49748 24
22.86043 24 15.17314 24 19.73256
16.80719 24 21.63721 23.34609 24
23.13177 15.41784 22.55957 13.5357 17.75235
17.91742 24 20.04076 15.22586 11.27022
24 17.35029 15.59094 24 24
24 24 24 21.7592 24
24 22.76076 23.72825 24 16.80402
15.93872 24 19.86767 24 22.1744
15.83703 19.35974 24 24 18.86899
24 22.50114 14.7251 18.53753 20.12709
24 24 19.24316 24 24
21.85871 24 18.27641 24 24
20.46786 20.1519 15.56201 20.19573 17.45391
20.69421 18.85698 23.18426 24 19.02277
24 24 21.33623 13.34868 19.58186
24 24 19.64818 24 20.40959
13.82295 19.50753 19.46362 18.64799 19.8911
14.48588 24 24 20.2203 17.43898
24 12.71711 24 24 17.3961
24 16.43483 24 24 17.77846
13.36837 24 24 23.50283 12.54253
14.63295 20.92431 19.5496 18.42403 22.9602
23.38897 24 17.30766 24 24
20.31887 19.28133 24 12.5626 24
24 24 18.03746 24 24
20.92088 15.50556 19.69417 24 24
22.144 15.21634 24 20.13969 19.37257
15.6567 24 18.32778 24 24
24 24 24 16.66223 24
21.19839 19.15166 24 24 24
24 24 22.40556 22.99318 16.94228
15.75553 19.03399 16.6717 21.32369 20.57483
17.75444 24 17.65373 23.29487 19.21644
24 18.31582 14.43257 24 23.31074
24 20.13468 21.412 23.11226 18.26968
19.91756 17.09785 22.74592 22.91072 24
21.04068 24 24 24 24
24 18.54855 21.04558 24 16.54158
20.85533 22.30875 18.49687 14.44448 23.24123
13.34802 24 24 19.87353 24
17.49323 14.65628 22.08445 24 24
15.32642 15.67753 19.37932 12.75744 14.87998
23.678 24 24 21.02859 17.42224
21.78603 14.31154 14.76928 24 13.46467
24 22.36557 21.85339 16.04509 15.49677
22.72023 24 18.70167 19.88526 14.93506
18.14256 24 22.77887 23.84356 24
17.09006 19.30385 24 24 24
16.98219 19.82352 24 24 24
19.66876 17.75036 24 22.70007 24
18.5339 22.9553 24 16.5773 18.31633
24 24 11.84903 18.63582 22.9083
20.42716 24 15.87444 13.96028 22.23006
24 24 13.26103 24 17.29466
20.22077 17.54519 24 16.5108 24
21.9511 24 24 24 24
24 15.78885 19.85735 24 24
16.92367 22.99846 17.04965 22.56588 16.04059
13.17346 19.31928 24 17.22518 14.75462
22.86506 24 20.85662 19.57485 24
18.37364 20.62044 24 20.57695 16.83912
15.40834 24 20.81639 24 12.84886
18.47556 16.54464 23.63579 23.13989 22.61764
21.76504 15.21099 24 24 24
21.83855 19.78388 16.50921 17.99445 24
24 24 24 20.2478 24
24 24 15.21431 24 14.54952
12.18026 22.90775 23.44661 13.48016 12.8424
22.67609 22.30976 24 11.88131 14.52251
19.83829 14.08536 15.13675 21.7822 24
18.51883 18.96227 15.73191 24 24
24 21.93174 24 20.87598 23.0768
24 16.90194 14.61556 17.10344 24
24 24 19.00107 19.08572 24
18.892 20.09112 17.56153 21.61394 24
24 24 21.61257 13.49296 24
14.16808 24 24 23.19956 24
13.95476 24 24 24 16.33619
18.52821 22.3925 17.49849 24 19.59979
11.46374 17.1212 17.17583 20.9517 19.62096
21.24323 22.40023 14.76156 24 20.40722
24 24 16.15107 24 24
12.45526 24 21.94587 24 14.28483
13.0702 24 24 15.66298 18.25014
13.70713 20.18464 22.2743 16.18115 24
24 24 24 13.35766 18.24621
17.6862 18.89866 19.46578 19.60748 24
24 24 20.98387 18.14964 24
17.98138 11.40607 18.13539 12.46344 14.8488
20.21443 15.29183 24 24 11.85638
24 24 24 16.43523 24
18.76704 24 16.82331 24 14.9105
24 23.24752 14.32826 24 19.92833
24 24 24 16.56393 17.25069
24 24 24 24 18.30374
12.79212 15.80228 24 24 22.76182
24 24 24 24 18.49957
19.59184 19.32487 12.39854 24 24
20.9155 24 24 19.20206 24
14.32711 22.51441 17.86196 16.68159 16.78421
24 24 18.01158 18.05015 15.96827
13.05195 19.11492 12.79901 17.93132 23.57931
24 19.25984 24 24 24
24 20.0028 22.89959 18.19818 13.85154
15.36319 20.41237 24 19.01074 20.58537
22.98702 13.33312 17.46887 14.91656 14.83843
21.07643 24 15.63907 20.56106 12.23981
24 12.8118 22.72239 12.91392 21.8863
12.24936 17.71068 24 17.02482 18.08151
24 15.2642 24 19.13809 24
21.4025 23.31111 15.12697 24 24
19.35497 24 13.01335 23.07147 13.50907
20.67418 24 18.9431 20.56693 24
24 16.1899 15.79828 24 24
22.88835 24 19.52239 15.7826 24
19.97189 24 23.11175 24 24
24 15.2775 24 12.2948 23.69372
24 24 24 18.3991 19.82345
24 16.58668 13.41259 24 20.14174
24 15.30224 24 14.61948 20.64724
16.83691 15.17135 17.54057 21.32199 24
11.70403 24 20.90696 22.94655 21.9889
17.13958 24 24 24 22.99095
23.95289 24 17.58049 24 15.14518
24 24 24 22.64157 24
15.18571 15.28618 17.86598 24 24
21.09849 24 20.04752 24 14.86111
23.18255 24 24 13.76516 14.46324
20.11588 24 17.22347 19.20724 20.50603
20.40621 16.43783 16.31983 16.21657 24
15.92179 12.53255 24 12.70349 16.59455
24 18.64713 24 20.49675 24
24 16.52837 24 17.15827 24
22.10795 24 24 18.23452 11.53589
16.81423 22.81088 24 17.42222 24
21.6225 24 20.6342 24 24
17.04565 15.28009 24 15.01318 17.69327
23.29187 24 24 24 24
19.98854 19.18755 17.05589 24 24
24 23.55176 22.53278 24 20.83609
19.70397 23.10429 24 24 14.09417
19.72123 12.32719 20.06437 16.94041 24
17.92175 24 18.80171 16.06206 24
17.43766 15.92057 18.70284 24 24
24 24 18.32104 15.39106 24
24 24 24 20.5433 24
24 20.2098 13.00694 12.70262 21.411
21.99133 13.2883 21.37009 20.58222 15.53321
22.18318 22.38386 15.74386 19.24561 24
20.47531 14.75423 24 12.0922 24
24 24 17.46991 19.23264 23.26356
17.13023 14.36797 18.82404 20.35167 18.12071
24 22.24876 18.38044 22.56072 20.61312
24 17.97925 17.48458 22.27875 18.00256
19.20972 24 22.97327 15.91426 24
19.29915 22.97808 24 19.46887 24
24 24 24 15.39215 22.75782
16.36223 13.88225 24 12.59415 16.72945
17.98328 24 20.48492 15.54211 20.71917
19.96532 17.43892 24 24 20.22708
20.65938 21.31143 24 15.56138 24
24 16.70027 24 22.75442 21.55951
11.01362 13.04829 24 23.32288 17.87662
18.13252 12.36357 24 24 11.30456
22.64928 18.34235 13.92654 24 16.91079
24 14.47595 15.38402 19.49451 22.38991
24 24 24 24 24
24 19.78815 24 16.78316 24
15.30518 20.20088 17.81431 24 24
19.85729 24 17.19533 24 16.36384
18.63931 22.31599 16.12736 22.2924 24
22.37038 15.3449 24 13.28209 23.30466
23.31223 23.49349 24 24 17.42445
14.53626 14.2851 17.77158 14.01904 24
24 24 24 24 22.45177
24 14.67827 17.98339 16.60062 24
24 21.36934 12.95555 18.59161 24
24 18.48503 24 20.39305 21.61981
23.58315 16.24587 19.17788 18.48414 19.22896
24 24 14.2477 23.62104 18.32289
22.96557 18.12699 19.41537 24 22.7788
20.80306 24 24 24 18.45336
15.74589 24 22.88945 16.82385 24
24 19.28413 13.37498 16.99465 24
16.07863 22.18927 23.8519 22.93696 21.82377
14.94948 24 24 15.90716 24
15.21591 24 24 24 24
23.6702 19.9119 14.5285 21.44033 16.6353
24 24 15.18174 19.47762 21.97347
15.37851 18.45066 14.64445 15.51366 14.03015
12.61483 19.6124 24 22.37032 15.47013
19.89543 24 24 17.05024 17.44728
24 22.44996 24 24 23.20087
24 24 24 12.49349 24
18.6115 17.20432 21.95789 11.23022 24
23.80007 24 24 21.79535 20.61465
24 18.3508 21.74896 16.04943 24
24 24 22.08707 24 22.55014
18.01914 13.28492 21.78849 15.9204 16.30748
24 10.48792 20.36116 17.09014 21.38429
17.97119 13.76359 19.86604 19.02215 18.48432
14.15199 22.23045 24 24 13.52926
13.95136 16.14226 22.41082 20.47975 18.17552
24 16.77035 16.24658 24 24
15.11152 17.87162 15.76525 16.44566 21.61938
24 15.45918 24 14.62915 21.70096
15.89581 24 20.39568 22.02876 19.53448
24 24 18.17334 17.96409 24
13.92975 24 14.67421 17.35785 19.96234
20.54368 14.92434 17.3523 13.71427 24
21.91221 13.67051 15.29745 24 24
24 19.34438 12.82454 24 24
24 24 15.92355 20.21565 21.5076
17.54777 13.43576 24 13.01046 22.49631
21.86878 24 22.32901 20.14619 16.30501
15.63045 18.25228 24 16.97645 11.81731
24 22.66081 24 18.87096 24
24 24 24 19.84118 24
14.16677 21.69961 24 24 20.62659
22.57222 24 23.21692 21.53534 17.57551
24 20.65539 22.2242 13.78192 22.01074
24 24 24 24 24
24 23.25158 18.75093 17.0429 24
19.13563 24 16.1603 17.6513 20.93578
24 19.85929 24 13.85304 16.09872
24 19.20951 16.38099 24 24
24 17.10724 24 13.98893 24
24 20.00626 17.98204 24 17.48435
24 16.10306 24 23.23322 24
24 24 24 21.36682 24
20.6148 24 12.07395 18.80374 24
16.82089 24 24 24 24
24 22.20101 24 17.50475 21.33262
24 24 17.14714 17.41087 24
10.00737 11.71408 24 24 24
24 13.30507 21.34208 24 13.78429
13.52635 18.84938 19.92235 18.63187 24
18.30827 19.25464 24 24 24
24 24 23.09074 19.93378 24
15.08195 24 24 13.91028 19.76773
18.44829 14.84181 20.77785 24 18.90042
24 20.6692 16.47877 24 24
20.71814 21.45339 24 16.66854 15.60222
24 24 21.72129 24 14.68208
24 24 12.42497 24 21.4341
21.04303 24 24 24 24
12.79577 24 24 20.93834 12.82097
24 15.53682 11.70815 21.44617 24
16.76634 17.58971 18.30215 24 18.96097
24 20.89773 20.11717 17.06744 13.19087
24 24 14.50907 21.43583 15.89582
19.56721 13.27015 24 22.3755 24
23.16941 18.84318 20.65706 18.46661 24
24 23.03563 16.65741 24 24
13.19961 15.36555 24 24 23.61165
18.01851 21.35881 24 19.19335 23.28165
24 14.19481 21.63172 14.38824 24
16.39119 20.01103 21.2689 12.98924 12.31192
16.76524 18.35217 18.18919 14.19514 24
23.03997 24 17.34985 21.4964 18.81521
24 13.32997 24 16.6886 13.80846
20.7761 21.76483 24 14.95808 21.44375
13.49154 24 21.50183 15.57991 24
15.04067 24 17.22265 24 19.28942
13.49305 24 24 24 21.85044
23.17409 15.54376 15.14696 21.42051 24
20.5008 18.2814 18.34396 18.55064 24
23.34668 19.11041 24 22.59064 24
24 23.62466 20.89102 20.1414 22.63443
22.91718 24 21.07207 20.83764 16.78871
21.44176 21.32909 18.66959 24 24
21.85865 21.99126 19.51456 16.64202 15.19977
17.47672 18.41946 23.26595 22.37144 24
19.57036 13.90934 19.23789 24 15.43706
19.32877 24 13.42992 20.11755 24
19.6272 24 24 13.79137 22.9021
22.55663 21.75768 24 24 24
19.16873 19.47886 24 17.41776 24
24 17.10028 20.71856 22.37022 22.68667
19.87318 19.19591 24 24 21.68045
20.00083 21.40098 19.33624 19.96085 20.95597
20.27591 21.62214 15.94813 19.71793 20.00243
24 18.65649 21.06506 24 19.11716
19.18966 16.10159 20.75225 22.99442 16.34456
18.06952 20.23443 21.62853 19.10504 24
17.02421 24 24 24 19.01472
20.06605 24 24 22.75136 21.54584
15.01793 16.15883 24 19.91385 24
18.72935 19.66739 24 20.86954 22.85269
19.96151 22.32223 24 22.17532 15.41337
21.51198 16.19547 23.60551 24 24
24 21.80817 24 21.79193 23.57595
18.39634 18.83144 16.53897 24 24
17.32808 24 23.31411 24 24
24 19.94025 24 18.30973 21.38557
24 18.11952 24 18.35757 23.34122
24 24 24 18.08693 21.25226
24 24 14.27973 24 17.94056
24 24 16.6152 24 24
24 24 21.35534 12.79949 18.92265
14.95439 21.90187 18.68692 24 19.06932
24 22.14614 15.50277 20.9686 24
13.26366 24 22.6794 24 19.7496
21.10208 17.78954 24 20.22135 24
24 24 13.88485 13.39463 13.79315
21.56325 18.02944 18.1939 24 24
16.65998 17.67832 24 24 20.80519
19.16203 21.17989 15.99441 24 19.33793
17.89986 18.51244 17.60842 23.47347 22.41605
24 24 24 22.46743 12.43313
24 16.07263 22.14162 24 15.52238
15.44716 16.20505 20.40547 24 24
22.44544 14.28266 24 24 24
15.59322 21.11956 14.75682 24 22.65554
21.82481 24 18.3252 16.31485 16.82653
24 24 22.20182 24 19.96993
21.99512 24 24 23.85493 24
22.78137 22.65784 18.37289 24 19.12759
18.47165 17.62364 24 21.07412 24
12.91633 24 24 20.99868 24
22.87859 22.80375 17.95764 24 15.1219
24 17.35478 24 22.09136 21.49978
20.69645 24 24 24 20.47557
17.72889 17.69308 19.67527 22.8376 22.97595
23.80456 18.75195 14.60309 16.7855 18.00849
24 13.15962 12.87045 22.52843 12.95725
18.52601 20.17139 24 24 18.03048
18.48351 19.20145 20.02921 24 24
22.46554 19.13498 15.12409 23.77309 24
24 24 19.66844 19.93853 24
16.33963 24 24 24 24
17.78668 19.45131 24 12.88304 23.52784
24 11.69481 20.50962 17.94491 13.41287
23.62053 20.42747 24 22.54567 22.0162
22.30829 24 24 21.31698 18.03448
24 19.76941 16.74684 18.21512 14.7948
24 24 24 21.80289 19.79112
13.80412 20.62813 24 24 16.83552
13.14128 21.36017 15.02283 24 24
24 20.69103 19.01946 18.61212 24
13.89159 23.65412 21.31919 22.22152 24
22.00328 23.49308 15.22504 16.41796 21.1047
24 18.79917 24 20.65332 12.86098
23.28929 23.22473 20.49099 24 22.02919
13.47295 22.30602 15.63267 22.4109 20.69737
24 24 21.2864 14.56689 24
24 24 18.40133 17.59889 24
24 22.92664 19.39556 17.79453 20.49072
24 14.35514 13.30887 24 24
16.13246 24 18.98938 19.84028 11.39972
19.80781 14.98565 13.80226 20.86961 13.78159
16.40085 22.62418 24 17.50953 24
13.58996 24 18.61859 14.00478 24
24 24 14.19116 24 24
16.02401 21.75384 15.57541 16.00441 17.57692
23.44634 22.16638 20.1126 16.99645 22.65009
24 16.81672 20.20767 19.80541 24
23.39276 24 24 21.96014 22.79227
24 24 13.50871 19.3156 24
22.44053 17.98378 23.84138 23.43745 19.5804
24 16.82295 24 22.43606 17.37516
24 21.19692 16.98325 24 24
15.25103 21.29378 24 16.4663 17.21162
24 21.76284 19.96469 16.57481 13.95332
16.51715 23.35588 24 15.81848 18.8522
24 15.59486 21.43712 21.41786 20.74734
24 17.37311 16.53051 24 18.88527
15.22668 24 24 20.92081 24
16.71331 24 19.02627 17.1007 17.47708
15.33105 24 22.58577 17.92489 19.41582
17.26268 22.40013 24 22.00567 18.59175
24 23.39214 17.79902 17.26277 22.10617
24 24 15.22169 17.81316 19.90912
19.7944 23.85285 24 24 24
24 13.78998 24 17.15319 14.93898
17.94838 14.47331 17.27518 15.97704 24
24 16.11486 17.10999 24 24
24 22.74479 18.1487 24 14.79777
22.67907 13.47073 21.86943 24 17.88433
24 15.03958 24 24 24
17.75748 24 16.82729 20.62642 24
17.33885 21.56589 24 24 24
24 24 15.01628 18.22484 24
24 24 21.88925 21.25793 18.33935
24 24 24 20.98775 24
12.29143 18.52759 24 24 23.33715
16.93397 24 17.20228 18.63279 24
18.88193 24 24 18.67095 18.06551
21.42276 24 19.00898 24 24
21.99074 18.43357 18.61664 24 19.04991
24 24 22.17904 24 24
17.60987 24 12.1292 24 14.31259
18.63143 24 24 21.14052 15.82412
14.5582 24 22.10509 24 15.03011
14.66633 11.45666 24 12.82102 20.89687
22.92975 21.05922 24 17.35253 19.7611
24 24 17.23245 18.11771 17.75801
18.47064 20.77759 24 22.49199 18.25705
13.85135 18.85618 24 24 24
19.16998 24 14.49629 23.04349 13.88944
13.43942 24 23.8383 20.85865 24
19.92162 16.39803 24 24 11.05092
17.36841 18.2507 14.05192 21.45495 24
14.49821 22.48519 18.1628 24 23.82247
24 24 24 24 18.13383
21.52609 20.66577 24 19.73324 18.74305
22.48985 24 19.26905 13.84844 24
24 23.69458 24 20.34054 19.87684
19.06196 19.15314 17.65056 24 10.32243
17.88039 12.69237 24 24 19.8975
17.33174 22.70613 24 23.59526 18.12423
22.54544 17.67531 16.79384 24 24
17.96813 21.83568 22.1507 15.37769 14.17239
24 19.37948 21.79217 24 22.99698
24 24 19.23893 24 24
24 24 24 22.25725 24
14.89445 18.62129 24 21.61943 22.34638
17.45438 24 24 14.03004 14.27604
17.29065 16.44177 12.9975 20.65962 23.72331
20.12964 24 24 20.48971 15.40014
14.35157 15.24163 23.05642 24 24
23.49244 24 12.43858 15.73483 12.32411
24 14.75803 24 23.43824 22.20021
19.29162 17.86878 22.71679 24 19.40655
16.08543 24 24 12.1842 22.77855
16.13257 19.16798 24 22.24261 16.45926
22.74108 20.92281 16.77069 20.6769 22.94411
24 16.71867 24 15.41742 21.11766
20.80006 21.77332 15.80849 24 17.79691
21.92281 24 24 18.32034 18.05947
18.74638 17.67705 18.40439 24 20.92936
17.34038 15.75298 24 24 18.29903
24 24 11.56304 23.7048 17.54653
21.89416 19.01031 24 24 24
15.43835 16.80555 14.1197 24 13.67281
17.16428 21.30388 20.1913 23.40508 24
20.67385 14.50288 21.57299 24 20.60034
15.69711 15.08606 21.11687 18.46286 14.73783
14.84899 24 20.67194 10.96753 15.85934
24 24 12.67429 19.9497 24
17.80977 24 15.60778 24 23.38652
24 24 24 24 24
12.97361 15.45669 17.21297 24 14.27868
24 21.65098 24 17.01334 19.07627
24 24 24 23.18997 17.12071
23.80661 16.18377 24 24 24
13.08173 9.832959 20.80418 15.61877 20.05924
24 24 13.79501 11.86921 24
24 24 13.92105 21.18281 18.43897
19.72296 16.92279 21.9901 17.33614 12.23488
24 18.87802 24 24 24
21.53007 19.89325 19.46791 24 24
24 15.89499 17.44189 18.43391 24
18.79052 24 20.70937 18.02448 23.60911
18.33361 20.88852 19.00356 24 22.91123
17.65263 12.07055 24 21.99556 18.39736
17.02752 14.78089 24 15.95624 24
24 24 19.63025 19.53324 17.18696
23.36921 12.92933 19.19316 24 24
19.46926 22.0255 24 23.07873 24
12.86309 23.71595 24 11.6917 24
24 18.63271 24 16.20633 24
20.10486 24 24 24 22.23419
13.60717 16.77803 24 15.52148 21.32456
23.26842 21.41064 20.32934 18.99951 21.70108
20.38321 20.26063 23.15759 24 24
24 24 16.77638 20.00075 22.99356
24 20.61833 24 24 14.81173
24 24 12.5694 20.13663 24
22.02559 24 18.64104 16.49807 15.19111
15.64971 14.33722 15.79952 15.48606 20.42
22.31088 24 20.95771 24 14.66324
23.53036 19.46778 20.39307 24 16.07593
24 24 24 14.54394 13.71736
17.79289 22.55738 24 24 18.07764
23.35897 17.43488 24 24 16.04215
17.56951 24 21.14199 24 18.81844
24 24 19.04779 15.89227 11.04157
17.21884 23.15383 20.4592 24 24
20.88925 21.51487 17.66352 24 24
