0.4916667 0.5246454 0.5096939 0.5166667 0.506383
0.5195736 0.525 0.5 0.5173913 0.5321429
0.5314626 0.5138889 0.5136364 0.4983333 0.4982456
0.531383 0.5175439 0.525 0.5166667 0.5181818
0.5309524 0.5326923 0.4959459 0.5234496 0.5075758
0.5069106 0.5310078 0.5166667 0.5159091 0.490625
0.5 0.5154762 0.525 0.525 0.425
0.4666667 0.5197154 0.5319149 0.4861111 0.5154762
0.5 0.5201258 0.5237589 0.5037879 0.505
0.4965686 0.4981481 0.5263514 0.5233333 0.4903846
0.5297297 0.5303922 0.5208333 0.5289116 0.4837209
0.4948718 0.50625 0.5083333 0.5138889 0.5079932
0.5240196 0.5211538 0.4666667 0.472807 0.5113636
0.5326531 0.5027778 0.4683333 0.5166667 0.5257576
0.5291667 0.5122549 0.5208333 0.4778986 0.5181973
0.5166667 0.5287736 0.5295455 0.53 0.529845
0.495098 0.4694444 0.5140351 0.5085271 0.5
0.4628788 0.5166667 0.5083333 0.4960784 0.4732558
0.4583333 0.5253623 0.525 0.5134615 0.5142077
0.5095528 0.5285714 0.5258865 0.5 0.5205285
