0.3656199 1.014461 2.119436 0.8569873 0.4789636
1.586921 0.7965366 0.4748832 1.607152 0.598262
0.397536 1.093814 2.774261 1.204535 3.688959
0.8029728 1.846582 0.3972145 0.8924433 0.8653076
0.5352888 1.020684 1.078749 0.2265699 1.604333
1.377683 0.6401962 1.484537 0.1873641 0.1471435
2.770991 1.829413 0.5940768 0.7498247 0.4619975
0.2986994 1.083601 2.77046 0.3475035 1.391125
1.060727 0.6273086 0.7045224 0.3356805 1.296902
1.403853 0.6028084 1.074646 1.598076 0.5876294
0.6823826 0.9494481 0.5319294 2.773026 1.951248
0.3279792 0.6314874 1.403833 0.8365065 0.6823001
0.1556727 1.204314 1.068127 1.846589 0.9044412
0.5109523 0.4157037 0.1928246 2.771456 0.3578876
0.3576086 0.4200122 1.845613 1.320059 1.379403
1.073271 2.850702 0.5207259 1.511337 1.366539
0.9492227 0.3191059 0.2667096 0.2270692 0.6755107
0.9426373 0.1752606 1.180677 0.6014127 0.8328575
1.374096 0.7015398 0.2582342 0.4853154 0.7706194
0.8776966 0.6734186 2.193349 0.6433124 0.9001108
1.054953 0.1695422 1.433419 0.9105644 0.904456
1.771923 0.9145544 0.6762242 0.3190554 0.8934232
1.351922 2.7768 3.412846 1.101461 0.6738159
0.7721577 0.900231 0.4455625 0.1632796 0.2655871
2.773217 1.345608 1.204924 0.1622998 0.900401
1.381754 1.392145 2.773804 1.426894 0.5699636
0.5283867 0.2208719 0.6000604 1.450216 0.7804713
0.9135591 0.9048332 0.7984137 1.345028 2.769663
0.9160918 0.6318507 0.5364346 0.5944257 1.415549
0.7899138 0.3504735 0.7747708 0.7533021 1.630012
0.5649759 1.375949 1.782647 0.1822398 0.2891605
0.6278844 0.9293342 1.821434 1.262604 0.3987877
0.2869354 0.7630036 1.257721 1.824291 1.798285
0.900497 0.6879332 1.820946 0.5113959 1.8463
0.4333745 0.6762153 0.258424 2.774158 0.6813701
1.784134 0.9104284 0.7640449 0.4474504 1.190073
0.3301625 0.3340182 0.7259201 1.205307 0.5977212
1.84738 1.094883 1.839724 0.5354171 1.009737
0.1721888 1.022119 0.2090474 1.846585 1.658419
0.5423364 0.4843899 1.647065 1.783376 0.7246332
0.6079981 0.2658707 0.6898761 0.3723718 1.570664
2.286325 1.846525 0.3349658 0.5881241 0.4544741
0.3136542 0.9135337 1.44521 0.954954 0.5904291
1.316335 0.6557974 0.9757347 0.9154325 1.088819
0.6476035 0.4269983 1.381448 0.3652072 0.1687324
0.4564091 0.6496597 0.782312 1.059291 1.81995
0.3819339 0.1999068 2.58821 0.5777069 0.918602
1.194646 0.8002833 0.5954111 1.421646 1.417828
0.353831 0.1660383 0.3062414 0.3746469 1.847321
0.222117 2.769095 0.1538748 0.2620536 1.591274
2.734047 0.578103 0.7783757 0.4694244 0.2790341
1.20497 0.9178738 2.060983 0.711034 0.3689117
2.777055 0.1571297 0.5004518 0.9135596 0.9969739
0.1306353 0.6443667 2.68363 1.804153 0.2250853
1.839089 1.557182 0.9993616 1.101991 1.2303
1.374026 2.775368 1.094614 1.846829 0.6796379
0.9162466 0.8016995 1.082727 0.1428089 2.776803
0.1861891 2.76908 0.6079067 0.5857844 0.5753631
1.096734 2.774967 2.226513 2.773213 1.616024
0.7741148 0.6308165 2.773808 0.5621202 0.5005931
0.8217975 0.2537376 0.186935 0.7827219 0.2378811
0.6848368 1.374232 1.805517 0.3872462 1.370617
1.372092 1.447174 0.9134814 1.833921 0.1214504
0.155594 0.6697151 0.5998264 0.5048861 0.584373
3.697301 1.32635 0.6793599 2.222114 1.113503
0.6070939 1.184213 0.2611913 0.2025724 0.4345761
0.9351367 2.77568 0.6633022 0.3952016 0.2047136
0.766686 1.361557 2.777501 0.5221004 0.4220735
1.359914 2.085241 0.8716119 0.3109293 0.7823347
0.9534466 2.431732 0.915438 0.3876698 0.4376075
1.380549 0.6320833 1.436783 0.6188987 1.118693
0.755074 0.8417107 0.3876142 0.6723837 0.1912385
1.323353 0.2115341 0.4876133 2.205781 0.9587313
0.3425826 1.14827 0.661826 1.281068 1.813217
1.353232 1.083534 1.382031 0.40727 0.3143696
0.7765227 0.4485404 0.6609946 0.2035619 0.5982317
1.041524 0.6617822 0.6266497 0.2626187 0.4728417
2.420611 0.7704601 1.800513 0.5092373 0.8155298
1.630842 0.9050232 0.4271318 0.4541693 0.6162107
0.2219048 1.000114 0.2780167 1.839086 0.1827608
1.438019 0.5937341 0.5441789 0.3516228 1.09809
0.7456751 0.2704484 2.324432 0.9936204 0.7346162
1.110639 0.7814536 0.5076957 0.2832813 2.133767
1.267482 0.6549317 2.207221 0.7920931 0.4950911
1.278486 1.208818 0.9028294 3.694977 0.2554804
0.4585373 0.5907087 0.8554956 0.916135 1.085103
1.381131 0.5301767 0.2832482 0.6336365 0.6886396
0.5870534 0.4308153 1.378825 0.4135277 0.3751983
0.1875361 0.2542845 2.196019 1.092358 0.3578941
0.3482231 1.320975 0.3997051 1.102572 1.314352
0.2456149 0.2567291 1.87239 0.7219568 1.452813
0.5856813 1.127074 0.2438004 2.441601 1.380886
0.6865707 2.441996 1.449905 2.24461 1.72156
0.5407079 0.6096155 2.442007 0.5097597 3.694965
0.7136165 0.4355223 1.091076 1.089431 0.2243456
0.4945352 1.613955 2.771555 0.3676666 0.3715491
0.3811354 1.375918 1.783728 0.9397091 1.11413
1.554664 1.093942 0.4608412 0.3479568 1.362
0.3304381 0.3475736 0.3127589 2.432613 0.9161083
0.5769229 0.6022071 1.07876 0.5252364 0.5325752
2.777386 2.771385 0.9155014 1.528019 0.527912
0.2695747 0.1885481 0.2701354 1.206152 0.6423848
1.77007 0.871282 0.4993711 0.6973012 0.4042407
1.006678 0.4095388 0.1184879 0.2189249 3.454633
0.5038833 0.6551829 0.8595106 0.712218 1.562908
2.6746 0.6759392 1.078942 1.206326 1.208202
0.3563822 0.9162193 0.892111 2.44175 0.9059767
0.7797794 0.4817755 0.6756352 1.10728 0.3792595
0.2739841 1.322797 1.192488 0.4388522 2.837518
0.5357964 0.2872402 0.4402224 0.7451903 1.828897
0.2501556 0.888283 0.9468285 0.8483088 2.441931
0.5986118 0.1822542 0.4108156 0.9556122 0.5574388
0.1305501 2.777155 1.011609 1.426869 0.5129126
1.100123 0.8366423 1.207812 2.770069 3.691211
0.65508 1.373231 0.932166 0.2338122 1.84782
0.6160789 0.8503106 1.378764 1.844821 0.8968557
1.380507 0.2852895 0.5392611 1.572157 0.9040214
0.5925205 1.455788 1.336633 1.380148 1.631922
0.7827228 0.4207743 1.50652 0.250248 0.5961257
1.204697 0.751057 0.3170201 0.6843359 1.838041
0.3644251 0.6635366 1.358123 1.104687 0.781132
1.768025 1.655932 0.310687 1.19337 1.18288
1.368854 1.274379 0.363855 1.843895 0.2224211
0.2240145 0.7804787 0.1805168 1.088829 1.84782
0.3841915 1.153708 1.101991 1.845901 0.5619784
0.4484264 1.340711 3.697626 1.383243 0.4675211
0.5353195 1.593276 3.068179 0.8928971 0.9122078
0.5541825 0.6762153 0.3726356 0.8161801 2.755561
1.782082 1.802291 0.751289 1.846525 0.2042429
0.6823009 0.7576958 0.8460333 0.2998541 0.4206337
3.228113 1.287019 0.4059005 0.8924965 1.086426
0.924961 2.765859 0.2299776 0.7516678 1.09537
0.5387384 1.811328 1.836923 0.5445254 1.056656
0.2009553 0.7087298 0.3415701 0.5539121 0.2449436
1.842872 1.25221 0.2798362 1.184143 0.6024967
1.364862 0.443294 1.082227 0.7630039 1.846829
0.5863571 0.9754822 1.896112 1.381971 1.264411
1.631636 0.264737 1.775703 0.8448659 1.359866
0.3335298 0.2211409 2.430672 0.287943 1.321526
1.409167 0.5292847 0.2294106 0.5689873 0.2909948
0.4012186 0.9002039 1.382072 0.3169089 1.954015
0.3412474 0.9007515 0.4854901 1.137845 1.381198
1.839085 0.8288802 1.365795 1.342513 0.8894687
0.4393795 0.3123902 1.189778 1.83798 2.186942
0.4002655 0.6533274 0.7708379 0.5272479 0.8957876
1.454532 0.9923857 0.2368409 0.7316974 1.193357
1.15378 0.4962141 1.022653 0.1498066 2.404341
1.005896 0.3071856 0.7679763 0.3497265 0.4094837
0.6960744 1.455224 0.7682287 0.2498268 1.231616
1.802563 0.353632 0.2310929 0.6531895 0.1453547
2.839216 0.6609536 1.10233 0.4869744 0.2241591
1.189833 1.847383 2.773746 0.6073182 1.799603
1.827669 0.5800643 0.8751704 0.5039166 0.1611279
1.247016 0.4216363 0.4429379 0.521723 1.326966
0.5392222 0.4263739 0.6004453 1.645106 1.256225
0.1361071 0.7251704 2.206078 0.3872288 1.398749
0.3292051 0.9162193 0.1731881 0.4817274 0.6018981
2.40432 1.191266 0.6004454 0.8415275 0.4538029
0.9491292 1.345073 0.6445398 0.6717994 0.3726494
1.360538 0.8752809 3.616453 1.824351 0.5038666
0.5581954 0.4257275 0.167657 0.649812 2.672621
0.3406516 0.8903557 1.487675 0.3685406 0.9244559
0.800605 1.818559 0.6000785 0.4081637 0.2680951
1.846244 0.153842 0.7905473 0.8004514 1.139159
0.6946755 0.5095695 1.325294 1.189659 0.67966
1.015943 2.209627 1.8103 2.441292 0.2076949
0.2626173 0.9043433 0.4530994 0.3621928 2.762685
2.777284 0.5454516 1.350409 0.3004557 2.77598
1.102293 0.2210735 1.057289 0.862362 0.9784284
0.4760884 1.656479 0.4516355 0.9072661 1.06482
3.698312 0.2635394 0.2075049 0.3590522 1.847074
0.3708217 1.823944 2.453574 1.811722 0.9036518
0.3993397 1.302526 0.351973 0.5447091 1.824288
0.1990411 0.3609798 0.5633629 0.8847922 0.22699
0.9492419 1.766644 3.402423 0.5010586 0.3893514
1.847383 0.6463575 1.284018 0.6824013 0.2302314
2.752125 1.043509 0.3180879 3.446704 0.673117
0.4402351 0.8965697 0.1869864 0.9319737 0.5680872
1.095779 0.8125642 0.2248813 0.3114552 0.6563066
0.5330862 0.9895856 0.7860485 0.1951137 1.823563
1.217143 3.633613 3.159644 0.1931 1.192158
0.6086299 0.9141809 3.406736 1.846287 1.423217
1.18793 1.034281 2.036648 0.8764969 0.7537866
1.81465 0.5147649 0.4227013 1.381931 0.6330746
0.5217913 0.6652141 0.3296395 1.480006 0.6843816
0.1929013 0.4633916 0.4048488 1.341672 1.765989
0.6688412 0.6427285 0.5553081 2.587715 1.037391
0.2727498 1.83969 3.31161 0.8123306 0.6689935
0.4050614 2.377777 2.667859 1.244575 0.3548204
0.4399449 0.9618785 3.401037 0.8287881 3.399309
0.8859309 0.8221239 0.5137304 1.068627 0.4904003
0.27391 0.3906058 1.799483 0.5353648 0.7051685
0.3953517 1.084739 0.7708122 1.270062 1.131702
0.9250784 1.246905 0.3307681 0.5120277 0.5449732
0.8353372 0.6433426 0.8882436 0.4656123 0.3096572
1.016291 1.825574 0.4462142 0.8575578 0.1834542
0.6014608 0.4186771 0.241924 1.075634 1.823066
1.842765 1.561573 1.056607 0.4725014 0.5964421
1.807576 0.2049241 1.040948 0.7993408 0.7038698
0.2331989 1.560507 1.454136 0.4354637 3.446157
0.3079946 0.6342052 0.535812 0.7587589 0.7908273
1.144235 1.796692 0.9252344 0.9897456 1.174571
2.775761 1.029976 0.2085852 0.3657744 1.381972
0.2386474 1.382077 0.4224428 0.1975362 1.138112
0.9985067 1.522349 0.7614951 2.189253 0.2854604
0.6358697 0.2750837 0.909727 1.035408 1.690479
1.820104 0.1783284 0.3193971 0.396525 0.8246272
1.826677 0.2599835 2.230767 0.4513079 1.382808
0.8890995 1.629995 0.7446621 0.4951597 0.9177665
1.101461 1.049156 0.6697161 2.982628 1.444026
0.5737394 0.7670874 1.273685 0.7823123 1.074397
1.068892 0.7297687 0.8991156 0.1438127 1.379802
1.041989 0.3866455 0.2577356 0.8977585 1.369016
1.101659 1.350726 1.843775 0.3926638 0.4165159
0.6200951 0.5070512 1.35097 0.903979 0.8991163
3.408374 0.5146733 1.436919 1.501552 0.6307275
0.2342757 1.839665 1.276069 1.370745 0.7742194
0.2565989 0.6429818 0.6297129 0.5914609 0.4925836
1.433437 0.8569413 0.8012972 0.8688094 1.422916
1.846225 0.3849442 1.631272 0.9385829 1.367377
0.3727335 0.6107166 1.34561 0.2389136 0.1851368
0.7811073 0.4156078 1.148149 0.2363147 1.420936
1.068277 2.771434 1.284767 0.8941865 0.3873866
0.982441 0.2767381 0.8543141 0.8941882 1.206909
0.6894285 0.7882764 1.83386 2.441267 1.033591
0.8890993 0.3723247 0.1665098 2.441293 0.8013058
0.8055859 1.135345 0.8897503 0.2816836 0.3989059
0.1368449 0.7920578 2.424852 1.3798 0.783515
0.5040246 2.441997 0.2242436 0.4018692 1.080317
2.988599 1.34721 0.5468175 2.009295 2.769095
1.205196 1.098199 0.4424899 1.267983 0.9135333
0.3058534 0.5160856 1.21144 0.5046554 1.841583
1.359801 1.33668 0.4401284 1.009976 2.774685
0.5515058 0.6476037 2.441716 0.2915052 0.4227773
0.5434307 1.840844 1.359872 0.2380256 0.25783
0.581924 2.774389 1.819862 0.6821388 3.69691
2.755515 0.4706927 1.102649 1.444055 0.9140166
0.7783754 1.850821 0.4482386 0.2434107 1.216898
0.4257157 0.892619 0.1519252 0.560773 1.032895
0.8765019 1.375913 1.43979 1.101427 0.9027996
1.364444 1.766023 0.8708102 0.2518397 3.342854
0.4264922 0.8172246 0.7821259 2.155771 1.80448
0.4877173 1.782647 0.1458751 2.421839 1.376452
0.960857 0.2112553 2.776548 2.742376 0.2292307
1.211705 0.3534475 1.327923 0.5879197 0.6032807
0.5238155 1.842256 0.7171438 0.976931 2.732152
0.4425028 0.5580714 2.136483 0.4336191 0.7726658
0.7726757 0.4175631 0.4349892 1.904653 0.5686457
0.5828909 0.1706799 1.246943 1.443864 0.4988479
0.4158906 0.2536004 0.6662243 1.345312 1.052547
0.4356859 0.3082603 1.367525 0.7875416 0.4288179
3.69691 1.401657 0.299177 1.847616 0.8692232
3.692141 0.8089537 2.277153 3.446817 0.6055857
1.840764 1.377344 0.5100406 0.9542387 1.088568
0.2696898 1.102023 1.293066 1.206346 0.2675219
3.230109 0.3829543 1.102299 0.7369069 1.452753
1.819867 2.118929 0.5909249 0.6298812 0.6834023
0.8777079 0.2570374 1.195907 0.3809989 0.896654
1.3695 0.5518979 1.204168 0.3050711 0.5527955
2.59145 0.5550191 1.847075 1.806847 0.798845
1.100103 0.7691912 0.8174227 0.9142664 0.6499997
1.078769 0.2612739 0.5387661 1.381702 2.18973
1.399771 1.36687 0.681124 0.5474196 1.372032
0.3486237 3.699603 0.5541819 0.3461952 0.9064463
0.9586815 0.6183729 1.100103 0.8269841 0.546962
1.806306 1.349772 0.8583897 0.2374521 1.847319
0.4270997 2.769197 0.8149156 1.275059 0.2774495
1.345287 1.303811 0.305326 0.2218849 0.2847763
0.764905 0.647161 0.3689227 0.5854783 0.4408591
0.5662375 1.185537 0.7896739 0.5495835 1.236841
2.772918 0.7821259 1.087792 0.5687632 1.230086
0.577955 0.4547386 0.9145541 1.37595 1.015789
2.6154 1.340777 0.6998337 0.7957808 0.6822767
1.521012 2.435524 0.378925 1.403492 0.4734104
0.4036161 0.5710061 0.6718634 0.499194 0.6320991
0.8960141 1.847612 0.512143 2.843344 0.2780557
1.100892 1.803543 0.4443023 0.3267953 0.2694467
2.441764 1.829887 1.660211 0.2721409 0.4589441
0.2708941 0.80937 3.70021 1.800845 1.370727
0.3271565 0.7083859 1.374177 0.8988423 0.3177407
0.3492976 1.657679 0.901664 0.208892 1.039597
0.812728 0.1917556 0.7823117 1.352357 2.187244
2.42423 2.773497 0.5455736 0.2855028 1.385312
0.1706349 0.4874535 2.762641 1.177477 0.1646029
1.031497 1.84441 0.5397806 1.19968 2.894848
1.256188 0.444318 0.2503982 0.5283349 1.094107
1.092544 0.2912219 3.414666 0.5119447 2.009885
1.829782 0.9232011 1.439709 0.8380519 1.840007
0.9008669 1.134547 1.77341 2.210046 0.2752042
0.5863361 0.2365589 0.7752396 0.9807096 0.3017807
1.56505 0.9088026 1.078517 0.5734972 1.140547
1.098864 1.47486 0.3819182 1.84078 0.9267436
0.6022273 1.799583 0.3427231 0.9556867 0.5889759
0.7967163 0.2729689 0.4054726 0.9241177 0.7346025
1.091096 1.151368 0.1690256 0.8974707 0.2288166
0.3985176 0.7195909 1.036417 0.4231276 0.6571912
0.2692964 0.6320447 0.2820724 1.180474 1.18103
0.2629214 0.915438 0.5724094 1.147365 0.3668234
1.024089 0.913835 3.460226 0.2940906 0.5260279
1.616699 0.2074866 0.7318795 3.687575 1.375919
0.6528539 2.755624 0.8054319 1.836833 0.4853765
0.7069284 0.2340431 0.4087143 0.4541508 1.84738
0.2929196 2.084961 1.099967 0.5896217 1.026889
0.2109308 2.704971 1.843432 0.3492486 0.3492224
0.7918913 0.5214748 0.5555642 2.160401 0.8006672
0.7607092 0.6780999 0.6971878 0.1681212 0.6897291
1.239593 0.527702 1.167843 0.7316299 0.8548863
1.847074 0.4916326 0.5318942 0.566019 1.531939
1.015039 1.16647 1.186318 0.460163 2.212108
2.440374 0.695859 0.2920663 2.42296 0.6585945
0.8013903 0.8994321 0.6576247 0.7472735 0.5496355
0.513931 0.809963 0.9128912 1.445255 0.3851926
0.8339451 1.827268 2.780244 0.5552717 0.9177665
0.3148682 0.4330861 1.090627 3.393455 0.7927878
0.8703466 1.847613 1.195275 2.560345 1.078767
0.7906385 1.783117 0.5942663 0.4740842 1.207638
0.9826051 1.844388 1.069764 0.8735367 1.55592
1.284494 1.371506 0.2037056 0.5483025 1.238143
2.435287 0.7717531 1.440852 0.3814665 0.3411276
0.7991191 0.4540845 0.4830829 0.3968455 1.840824
1.065816 1.738818 0.2647656 0.3373018 0.4431706
0.616211 1.60511 0.7781063 0.5414226 0.6532022
0.6258366 0.7047054 1.014293 0.2652971 1.303771
0.8955026 0.5506642 2.737142 3.695158 1.109313
0.7726706 2.230826 0.6013474 0.7993407 0.896035
1.438019 0.4648756 1.777678 0.3187546 1.051217
0.2114711 2.589732 0.5418875 2.416886 0.5829232
0.6113318 0.297091 0.3939391 1.07512 0.3855419
1.80746 3.224128 0.2474807 0.1357373 1.847821
0.4196578 1.1439 0.8376606 2.591584 0.6722149
1.037394 0.5407316 0.771678 0.628272 0.6956048
3.699375 0.2525553 0.505438 0.1645188 0.5550238
1.204193 0.6448086 2.420723 0.3291185 0.3593331
1.768846 0.5945574 0.1820474 1.337866 1.023933
0.5217317 0.9404997 0.3804121 1.327604 0.3095179
1.773273 1.698551 1.395907 0.295323 0.5032193
0.4726955 1.154661 0.4926576 0.5541116 1.148216
0.7714885 0.591304 1.349761 1.655494 0.9593516
0.4798215 1.380507 0.2835865 0.2690771 0.9926138
1.438008 1.057319 1.84226 0.7827245 0.4244377
0.2832715 0.7045149 0.5255802 0.3558853 0.2990555
0.2861264 2.104999 0.7790894 0.2773453 1.259536
0.457965 1.799824 0.2295655 0.7993843 0.9064014
1.381971 1.657818 0.4132813 1.091112 0.479533
0.9058775 1.401733 0.2634982 0.4393547 2.186258
1.15251 1.014086 0.9799717 2.430689 1.159822
0.9257665 0.9072719 1.835491 0.5672102 0.6962572
2.630055 0.3318528 0.8063787 1.326278 0.6215485
1.785164 0.4133402 0.8780556 1.102442 0.2690268
0.4635317 3.339694 0.7343373 0.9422921 1.827249
0.708011 3.41397 0.6807205 1.097518 0.9085785
0.4504292 0.1506781 1.032888 0.6172559 0.4653062
0.2066055 0.8271371 2.775762 2.142658 0.3565867
0.3196883 0.2533958 0.9444861 0.4196475 1.245437
0.321601 0.8688702 0.3596316 0.9955963 1.581854
0.6822996 0.4224469 0.6931694 0.2016582 0.3165919
0.4257149 1.112787 0.5120047 2.773786 0.4980944
0.7728869 1.151095 0.9733837 0.6170654 0.8979556
2.245076 0.7769731 0.3520945 1.06014 2.762744
1.102537 0.7059178 3.443563 1.800482 0.3102996
0.4519159 0.3279028 1.768057 0.2525979 1.337391
0.8963081 1.845241 2.320816 0.5078116 1.832077
0.6145139 0.7730476 0.1382956 0.4117847 1.405627
0.7251233 1.17051 0.2350873 0.3488946 0.5837087
0.5172987 1.338166 1.118135 1.31507 1.085184
1.042847 1.099646 0.7150151 0.3265092 0.2844241
2.7734 0.5961247 0.9772736 0.6419201 0.5822584
0.2127348 0.436663 0.6403268 0.4800485 1.829891
2.448107 0.2167295 1.102536 1.48502 0.6323326
1.77932 1.297365 2.775029 0.9049667 0.3540617
0.4430073 1.093272 0.6528538 2.182526 0.504122
0.3442959 0.2060637 1.835982 0.6198346 1.087415
1.311608 1.839956 0.3194708 0.7811418 0.7562644
3.699011 1.151423 2.163625 0.5095181 1.052378
0.3271368 1.002444 3.351641 0.7055716 1.451815
1.211172 0.9042065 1.206396 1.592733 0.8628485
1.79581 1.783712 0.4162042 0.9802662 0.669976
0.8358024 0.4221442 0.6470448 0.5829186 0.5606586
1.833919 1.91995 0.2866487 0.9948508 0.2094015
0.735834 1.80331 1.000853 0.2747654 0.5280317
0.5568877 1.052528 0.3974721 0.3422647 2.823072
0.2607959 0.9161342 1.431255 1.071809 0.3746807
0.2735611 0.2346166 0.5580947 0.4049566 2.760682
0.5808634 0.7403394 1.074066 1.799379 0.881682
0.353831 1.39241 0.9212502 3.79039 1.102475
1.554677 1.836854 0.7825043 0.7692436 1.371873
2.767011 0.4772294 0.8798342 0.5064003 0.3952158
0.9760742 2.441552 0.2899436 0.5708741 0.4687966
0.198377 0.6738159 1.033478 1.101806 0.4042402
0.6670072 1.448431 0.4672631 0.3346182 1.08919
0.8955014 0.5603045 1.671472 2.776912 2.777049
0.4070168 1.800591 0.1914409 0.4270245 1.393212
1.823752 3.48576 0.1437878 3.810723 0.6734069
2.441435 0.8297168 1.553548 0.7532684 0.3132249
1.443198 2.777385 1.082876 0.4907987 0.4836302
1.10233 0.2969829 0.3927751 0.2182936 0.6742807
0.5781216 2.425718 0.5715072 1.028681 1.378498
2.412939 0.4631858 2.722631 0.6781055 1.242271
0.3433398 0.882197 0.3823908 0.9135335 1.501571
0.1760198 0.9915058 0.9088037 0.7268084 0.6810955
0.7983707 0.6550654 1.175204 0.9124822 1.387544
1.713199 0.7772035 1.847819 0.4213429 0.7095111
0.4433143 0.4036168 1.074452 0.8668102 1.60431
1.632433 0.3594356 2.441472 1.153394 0.9936429
1.370647 0.2681028 1.366809 0.9002808 1.216646
0.9960165 0.9510355 0.9359143 0.4743151 0.4455695
3.694977 3.457264 1.609431 0.7027321 0.5861905
0.1621229 0.1514603 0.2770571 1.041242 0.3803718
0.7774568 1.085498 1.084818 1.874896 0.5146246
0.3634159 0.522898 0.1965161 1.003684 1.011579
0.8823873 1.826673 0.6149964 0.4963426 0.421615
0.1409947 1.555174 0.3763106 0.3503572 2.729956
0.6527817 1.097761 0.5917421 0.7811671 1.403853
1.800261 0.5566759 0.604683 0.7836891 0.2271594
0.3420367 0.2868158 1.439915 1.843938 0.2314366
1.835493 1.098851 0.9116946 0.5355324 1.312391
0.6707302 0.9258336 0.6119715 1.570762 0.348117
3.6983 1.123272 1.871542 0.3024136 3.209658
0.8999469 0.7746156 0.6600712 0.3657941 0.5156716
0.2917101 0.4348248 0.2313298 1.333047 0.8903255
0.9863819 0.2531701 0.6022135 1.446216 0.23252
1.095381 0.2195553 1.286152 0.7580525 0.9206178
1.377832 0.8062649 0.4236869 2.088191 0.4816524
0.8366756 0.6126558 0.9001859 0.1893868 1.277527
0.1614263 1.340043 1.337158 0.9342794 0.3286262
0.2357164 1.101423 1.310266 2.777386 0.3528456
1.060749 1.35672 1.373214 1.764848 0.3792364
1.847577 0.7635547 0.468831 0.2993879 0.606551
0.2511105 0.4253842 0.8224847 1.37843 0.9160917
0.8629323 1.829555 2.775664 0.5288584 2.840144
3.409051 0.4125189 1.142364 0.4780699 0.7952825
0.2648328 0.7705546 1.42321 1.413044 0.3127815
0.8987282 0.8961106 1.273246 0.9154392 0.6587705
0.5486286 0.4411376 0.3367048 0.1911533 0.2056195
0.7870387 0.4780698 2.769172 2.407613 2.769093
0.4778199 1.375028 1.077371 1.828309 1.000661
2.772196 1.028578 0.4285926 1.662039 1.389445
0.7726658 1.862998 0.3877791 2.30386 0.7946451
0.855386 1.02849 0.3814252 0.7823347 0.2319009
2.175577 1.592121 0.1958864 0.4378268 0.2744165
0.764869 0.4349897 0.2472633 0.4839262 1.601315
1.353826 0.1724127 1.76345 0.3217119 0.4004867
0.8479693 1.247863 0.766737 0.7370456 1.01031
0.7157603 1.842763 1.498735 0.7722862 2.41953
0.6220843 0.4539877 0.5147289 0.6184846 1.475877
1.369263 0.6536995 1.074449 0.5539951 1.424653
0.3393327 0.5211883 0.7211744 0.691385 0.9032433
0.4696235 0.4879596 1.381468 2.441955 0.8954024
1.094099 1.311954 0.8225772 1.379381 0.6375803
0.3900485 1.184825 1.196296 2.441669 0.4857232
0.546309 1.328428 0.1727253 1.381152 0.6383971
0.7048282 2.435203 0.2462866 1.814173 0.5582371
0.5107926 0.2067831 0.506793 1.090996 1.847073
1.604782 1.824184 0.4968402 0.8736797 0.7335624
0.415365 0.3614312 0.2594464 1.388246 1.153388
0.9114322 0.1838721 1.054121 0.2313063 0.8926253
0.2116342 0.5822451 1.28079 0.839237 0.3700336
0.4330862 0.2465617 0.8553804 0.7821486 0.777989
1.274358 1.069325 2.77716 0.320288 2.211862
0.4617562 0.5293074 0.8860363 0.228405 0.9082026
0.655622 0.6697163 0.2875025 0.6612998 0.9015742
0.9598545 2.772203 0.2894472 0.7827237 1.097224
0.2059682 1.763443 2.44049 0.5900908 0.4137822
1.208073 1.172575 1.066435 1.193361 1.381158
0.5885583 1.381971 1.371643 0.4607284 1.060979
0.2280677 1.385146 1.676872 0.9963975 0.4877797
1.829887 0.783522 1.841588 0.4589567 1.084923
1.098258 1.450217 0.9716203 0.3747307 1.324591
0.4706924 0.7988125 0.6187493 0.3689119 0.2800402
0.594058 1.839768 2.178924 0.7767176 2.226445
0.8808681 0.1413377 0.3905072 1.09303 0.9580537
0.320319 0.5720815 1.42174 3.699816 0.4730673
0.3423047 0.71908 1.236777 0.4435855 0.4634041
1.154084 1.022516 2.776077 0.7555535 0.4147381
0.839128 2.147157 2.787981 1.420304 0.3028627
1.769185 1.348977 0.8267583 1.356073 0.4087871
0.521812 0.627034 0.7823356 0.8127202 1.417994
1.781322 0.8763964 0.7658612 1.382071 1.055692
1.146818 1.337615 3.694373 0.8883662 0.379302
0.6399289 0.3589236 0.5313966 0.7980583 1.413492
0.9310236 0.6498112 0.8783935 0.294092 0.7821493
1.802744 1.05856 0.5306099 0.4691645 1.992974
0.5305428 0.411953 0.7275624 0.6813314 0.6719718
0.331169 0.2553905 0.6709413 0.9008325 1.029027
0.3713794 1.419489 0.2470027 0.7960959 1.295358
0.2701518 2.58553 1.563107 0.6098594 0.9694355
0.3831657 2.582875 1.83538 0.6813716 1.17373
0.4326942 1.079779 2.77576 0.7237174 0.404715
1.115888 0.8845092 0.7833834 2.119069 0.6821388
0.5954941 0.4589441 0.9918313 2.777158 1.844841
0.6000617 1.006164 1.993856 0.8743797 0.5042632
0.8286543 0.7689463 1.052712 0.5288282 1.372087
1.444164 0.3668367 0.3342389 0.8310542 0.9938645
0.8618462 0.6626034 1.838977 0.3069495 0.2747954
2.450162 0.596178 0.2269775 0.305294 1.009223
3.445038 0.7657748 0.7372183 1.213796 0.5905383
0.5313509 0.4890578 3.913767 1.881344 0.8727656
0.5926142 1.560063 1.390026 0.2273556 1.174224
0.5173273 2.827946 0.295398 0.4685525 0.3005989
2.732536 0.6040765 3.28639 2.626725 1.093779
1.655978 1.827511 0.4589442 0.1473703 0.6210723
0.931116 0.210034 0.2833062 0.32778 3.537406
1.368507 0.7348165 1.58331 0.9731515 0.4876135
0.9039775 2.775043 0.4357817 0.2266333 0.8702267
1.013204 1.387284 0.5372563 2.339083 0.6885495
1.569509 0.3379127 0.9058522 0.3282353 2.775431
0.9597215 1.380551 0.960548 1.257424 0.6319662
3.465884 1.341126 0.2723769 0.2591116 0.4706927
0.7024495 0.8911534 0.387266 0.8398354 0.6841051
1.196295 1.806374 1.284692 0.8651016 1.121283
0.2309102 0.8667934 0.7427388 1.093304 0.1695053
1.470084 0.8271588 1.173469 0.7282839 0.4030068
0.7398099 2.441894 0.5188987 0.1947905 0.5568739
2.773317 1.375126 0.6983412 0.4440234 0.2754524
1.051286 0.378272 0.3198002 1.302405 0.2326364
0.7707777 1.82436 0.3223607 0.4173079 0.2678944
1.826673 0.9689743 1.098258 1.261279 0.3986942
0.2854662 0.5140235 1.447213 0.6772686 0.9609036
0.3389667 1.804478 0.6338816 2.193306 1.167006
1.06854 0.4356731 0.4238476 0.7896085 0.436702
0.7480251 1.365445 2.770107 0.5176563 0.8231359
1.86828 0.6603393 1.847322 0.5584247 0.6384412
0.858251 0.5075571 0.8846733 2.427541 0.546963
0.7308726 1.341691 0.5452007 1.084112 0.4256499
0.5936186 0.4545897 1.084355 0.3460318 3.69911
0.587765 0.3166845 0.7734459 2.768375 1.044251
1.67168 0.258892 0.4722481 0.6578109 0.7512548
1.448662 0.9044006 1.008328 0.3083054 1.382071
0.2513718 0.9479502 1.042269 0.3185552 0.8944541
0.2015682 0.4399406 0.1698647 1.17334 1.375131
1.021858 3.414666 0.3279473 3.698604 0.4389028
0.4954059 0.7854098 0.6077994 0.5402828 1.538689
0.8527465 2.11736 1.28236 2.116631 1.143376
0.5632155 0.4053813 1.359871 0.9162467 0.434989
1.29643 0.5891284 1.839083 0.6774237 2.388523
1.783377 0.9160919 1.06014 2.197022 1.833919
1.752062 0.2857901 2.196377 0.2297867 1.366641
0.3570622 0.905103 1.623708 1.056122 0.4869749
1.379339 0.4052458 0.1580024 0.5593632 0.2603596
0.2690498 0.4747843 1.616025 0.1512955 2.454157
0.3763096 3.699817 1.001674 0.4823962 1.055628
0.3713566 0.5381045 2.042429 1.371662 1.061278
0.3376669 1.836796 0.5396198 1.102681 0.6727972
0.2558382 1.403842 0.3992758 0.2780964 1.102681
1.842824 0.4533262 1.052377 1.844841 0.5713004
0.4042282 0.6747495 0.5273845 2.196017 2.38575
1.374526 0.8136094 0.3531532 0.3998761 0.2747761
0.9135336 0.4727042 1.101427 0.8418488 0.378027
1.835492 0.1897887 3.698878 1.819907 1.219916
0.9741326 0.2883678 0.5119958 1.631233 0.3393649
0.2224647 0.9583801 0.2467808 0.2082659 0.9134822
0.7833979 3.869645 0.3282657 0.5067308 1.382073
0.6565588 0.2468853 0.4653066 0.7460626 0.4787342
0.9740606 0.5911585 1.464244 1.91428 0.4579704
0.7218531 1.819336 1.003297 0.7813376 0.870148
2.777385 3.404519 1.805125 0.5346195 0.4508455
0.2442297 0.309747 1.282464 0.7532658 1.06178
1.289871 0.4481225 0.247131 0.6620785 0.8876881
1.11194 0.3940647 0.77404 0.206889 1.765996
1.28544 1.326117 0.8495916 2.425528 0.7646261
2.710985 0.6103546 0.3099621 2.532239 0.7053881
0.6323308 1.137493 0.735973 0.4642748 1.054355
1.864947 0.3306291 0.9489326 0.569494 0.3224675
1.158353 1.811436 0.2549178 0.300384 1.101679
1.278614 0.3335355 0.6154083 0.7076128 1.188438
2.427644 0.6028214 0.4782376 3.698203 0.5481873
0.793017 0.8941606 1.663689 1.091562 0.2462314
1.774504 0.608832 0.7821834 0.3185047 1.152985
1.203779 0.358706 0.9700398 2.504989 0.5781278
0.5402102 0.6783855 0.7999145 0.2004713 1.011459
1.88241 0.9762778 0.1554056 1.709064 0.4594731
0.612031 0.5228177 0.9113392 0.6364868 1.551539
3.446264 0.3219774 0.3352826 0.4837588 0.366229
0.4124742 1.056668 0.6926481 0.3378796 0.5992577
0.7817064 0.3078242 1.546942 0.303044 0.3400354
2.791025 0.4505956 0.2314547 0.9768373 0.9993808
0.8688024 1.775958 0.648989 0.3636067 0.3529878
1.061172 0.7783749 0.9161077 0.7833385 0.4359632
1.183793 0.6659592 0.6670262 1.035501 0.6884917
1.35192 0.8419831 0.1971772 0.3283696 0.7554662
1.380495 0.9158031 3.231017 0.4789132 0.452657
0.7254178 1.847762 0.5909619 1.123474 0.3299571
0.6967643 0.4799423 0.3232607 1.137556 1.784841
0.1724206 0.6300366 0.528278 0.2523333 0.233136
3.458673 0.570493 1.172551 1.840764 3.448598
0.6476685 1.396429 0.8596051 2.252402 1.362953
0.334936 0.6813713 0.4173764 0.2248622 0.6351684
0.8161893 1.835436 0.8694854 2.769095 0.3512876
0.4830202 1.03489 1.845551 0.6738046 1.036319
0.3576144 1.835493 0.3982634 0.7695665 0.539796
1.378445 0.8496872 1.847612 0.2078888 0.8666815
0.5139193 1.430519 1.177812 0.7502488 1.832577
1.264797 0.5006802 0.7304917 0.6861515 2.790091
2.226496 1.622431 2.734799 0.6716685 0.9942694
0.7236253 0.4154388 0.8172745 1.337394 0.7899135
1.764519 0.7760521 2.10809 1.434727 0.7385271
0.8920681 1.1273 0.2774278 0.9178693 0.3286096
0.6297817 0.5520549 0.6242366 0.1375989 0.2148562
1.041242 0.2942852 2.150078 0.4627405 1.681292
0.2131733 0.8990897 1.766024 0.6648343 3.43927
0.3402376 1.359915 0.6651493 0.733615 0.8542906
0.4787762 0.4704153 0.6975353 0.8996082 2.776909
0.5606781 3.40103 1.380509 0.2815935 0.324401
3.414666 0.6494534 1.837983 1.378719 1.505266
1.842096 0.5397969 0.7879621 0.6774106 0.2275446
0.4135278 0.210155 1.373233 0.4991304 1.278247
0.9528311 1.365447 3.401052 0.4694522 0.4045218
0.4169077 0.8627566 0.1818178 0.4840813 1.403948
0.4121499 2.051428 0.2902708 1.843836 0.4189977
1.381971 0.977326 0.4826643 0.8790312 0.828345
0.3310928 0.9235509 0.7739138 0.2898793 0.9059869
1.2604 1.299074 0.486888 1.168397 0.4070652
0.6808004 0.7919318 0.41803 1.036424 1.714345
0.7616841 0.9370031 0.1996212 0.5167101 0.1301016
0.5361625 0.6404906 0.4559335 1.77769 0.621775
3.695892 0.5079085 0.6669618 1.908636 2.202686
1.122494 0.7723395 0.5912494 0.3849598 0.6415327
0.8902474 0.7920413 0.8003231 0.4451119 0.4019774
0.1393289 0.5930884 0.7779151 1.301718 1.204314
0.4433338 0.5453411 0.2388424 0.6973424 0.2230032
0.4919229 0.914362 0.3119332 0.5791181 0.3288465
0.2887633 1.1569 0.7689037 1.036565 0.7169559
1.81783 2.442007 1.245019 0.3941632 0.5401906
0.5869101 1.839008 0.3871986 0.5739904 0.8941865
1.062241 0.3307142 0.5784711 0.3581501 0.5050915
1.41886 2.77143 1.10146 1.679574 0.9020068
1.047084 1.827249 1.836854 2.767013 2.775762
0.5744633 0.916092 0.7811072 0.2490622 2.772879
0.2456177 0.8518446 1.060168 1.204448 0.3498118
0.5935503 0.9077503 1.739307 2.606009 0.229777
1.3798 0.5598179 0.2477126 0.4156404 0.4800621
1.00139 1.797757 0.7604771 1.482737 1.378867
0.7428386 0.2343958 0.2621236 0.4036258 0.9822863
2.735893 0.2789949 0.3182169 0.4589574 0.5860488
2.734525 0.4948098 1.381156 0.3230657 1.438523
2.768114 2.776035 0.838425 0.3574156 0.5401943
0.6810037 1.025423 1.80637 0.8933117 0.3733157
2.441497 0.5600537 0.7682366 3.455972 2.776529
0.3940192 0.4114779 0.3697083 1.033752 0.9960118
0.7465962 1.172555 0.1394341 1.800327 2.833605
1.137889 2.209712 0.468012 1.535251 0.1826939
0.4069085 0.7783749 1.774542 0.4834556 1.827976
0.4961093 2.765733 0.2732839 1.43535 0.5274054
0.270747 1.371318 0.2061466 0.952935 0.8845369
0.6535027 0.5501439 1.628995 1.029732 0.6964104
0.6578664 1.839972 1.206409 0.7726701 0.1839539
0.4215427 0.4306902 2.441817 0.6078715 0.781668
1.488254 0.5913145 0.2573839 1.000448 0.2913274
0.7393071 1.6901 0.7952825 0.5645912 1.066325
1.101679 3.762704 1.024281 0.5294398 1.825284
1.828309 0.351573 1.205306 1.683662 1.109319
0.479975 0.4388512 0.5160174 0.4413221 2.441291
0.3774137 0.3050739 0.759853 0.33853 1.163625
0.3944619 0.1521746 0.5492459 0.2347588 1.542512
0.8471197 1.672229 1.346196 0.9981944 0.6968558
0.4183189 2.166821 1.400537 0.6904656 0.7602184
0.5993995 0.270937 1.087419 0.3740605 0.4543905
0.3048356 0.7093873 0.9042701 1.261438 0.3344877
1.054332 0.6724887 0.3114206 0.7502802 2.773022
0.444305 1.15296 3.406466 1.002086 2.677684
0.6697162 0.9140438 0.3719801 2.441716 0.800126
0.1889065 2.777505 0.6696648 1.391054 0.5708669
1.042265 0.7613508 0.1490086 0.6622728 0.2233114
0.8948013 1.247868 1.140257 2.441952 2.343677
0.6697157 0.9110521 1.189611 0.5744632 1.440132
1.84738 0.16394 0.3149356 0.8316981 0.8899969
0.2151319 0.5165701 0.1731814 1.578672 0.7353779
1.152509 0.6762344 1.575913 0.21863 0.4580184
0.7676381 0.4170633 0.3282659 0.5213271 1.794514
1.327812 0.2749055 0.3143189 1.221752 0.7827493
0.7175877 1.161737 1.845612 2.730875 0.6371114
0.5309091 0.1250061 1.380845 0.6911158 1.117311
1.09964 0.8395582 0.628009 0.7647342 0.423697
0.3389539 0.5236461 0.9697033 1.566432 0.5987045
1.802079 0.9160653 0.5413675 0.1616744 1.180431
0.4028322 0.4970666 0.363544 2.859592 0.5341266
0.4745546 1.000651 0.4248381 0.7310945 1.371759
1.078396 0.7773835 1.102826 0.2148303 1.09251
1.84782 2.435341 0.4585285 0.3047842 2.772682
0.3701038 0.4460112 0.179976 0.5188131 1.337681
0.3720405 0.1192088 1.201804 1.333932 0.4774127
0.2481711 0.6550462 0.3154499 0.3933401 1.381491
0.3682827 1.102649 3.70021 0.3756961 3.517116
0.7577179 2.454674 0.4489564 0.2988308 1.783755
0.7119173 0.7870443 0.6813507 1.738736 0.9160657
1.845599 3.399529 0.4051876 0.8987324 1.321319
2.220028 1.154542 0.8263971 1.125904 2.12957
0.5331339 0.5464281 1.205209 0.1648744 0.4075849
0.7820173 0.4618116 0.3052446 0.4256163 0.8546566
0.3412993 0.7992026 1.425966 1.068949 1.373231
1.022639 0.9520723 0.6480547 1.84707 0.4706922
0.1561801 0.3190568 1.837932 0.5694945 1.10231
1.092409 0.3244008 0.5889801 2.765753 0.3772791
3.581326 0.838189 1.231507 0.4872913 2.902876
2.777388 0.7931011 0.5848262 0.4069025 0.9160635
0.4937059 0.9150576 0.8404814 0.8135657 0.2961683
0.7726864 0.826658 1.49886 0.3872468 2.768117
0.7726658 0.2376561 0.4195754 1.67092 0.4585374
0.4600416 0.4006956 1.37892 1.916796 0.5396367
3.791665 2.123434 2.089479 1.318606 0.8398729
1.60377 0.5244615 0.5147935 1.580141 1.541404
0.9774701 0.2216501 0.4124908 1.239739 1.656917
0.2591078 2.772784 1.842173 0.3674039 1.0578
0.9950476 0.2329108 0.5887053 0.6932845 0.1803884
3.693707 0.1406331 0.5108793 1.09387 0.9989276
0.9962042 1.798497 0.7091954 2.845693 1.209657
0.4042281 1.381332 0.2353186 1.581789 0.3736181
0.6326033 0.6511859 0.6796376 0.205041 0.2048145
2.77266 2.731659 1.847553 1.3498 1.839826
1.44789 2.765754 1.351485 0.1414432 0.4876928
0.6302865 0.4014782 1.129424 0.2967414 0.3829651
0.1459367 0.359515 1.153538 1.369978 1.206346
0.5926259 2.441893 1.944244 1.825401 0.9864401
0.6851368 0.7374272 0.7827312 0.5313381 0.6284034
2.769609 0.2768023 1.036424 0.2882363 1.842235
1.537 0.9760742 0.6435394 0.5710256 0.1799344
0.6785828 0.9773265 0.7452568 1.031509 1.363177
0.6463472 1.450772 0.4047016 0.298647 0.8660729
1.976449 0.7171939 3.395766 0.7006966 0.3602339
2.752025 0.6869438 2.77075 1.698514 0.3821598
1.100403 0.6026542 0.9004007 0.8721108 0.2362534
0.9326192 1.151648 0.8588481 1.84337 1.170819
0.8679379 1.100199 0.4930022 1.351442 1.087299
1.087657 1.090056 0.5891944 0.1454155 0.1204542
1.447362 0.8679608 0.9068016 0.3370691 2.760678
0.7842438 0.5290668 1.372259 0.4237235 0.2314094
1.282468 2.762743 0.1681496 0.68137 0.6620017
1.350946 0.4937747 0.3174922 0.7444776 0.8680607
3.696488 0.285287 0.7811303 0.6686506 2.226407
1.002641 2.228317 0.9688855 1.381198 2.776615
0.4032538 1.836924 3.760468 0.9686568 0.3132652
0.561829 0.5650299 0.1752604 0.5643389 1.208576
0.2446851 0.8694596 0.6762161 3.697662 0.3657122
1.839827 2.770987 2.77278 0.3510344 1.801097
0.3007394 0.3604937 1.400055 1.647016 0.7529774
1.102023 1.434726 2.201332 0.7579669 0.7265386
1.179619 0.8438508 1.123058 2.771456 0.7200767
1.18197 0.503213 1.029785 0.775213 0.5956702
0.7409753 0.3593174 0.1857186 1.381755 1.401862
0.5332954 0.3115578 0.4826493 2.427778 2.189181
0.1609331 0.2366524 0.2884634 0.1567444 0.1738887
0.2191605 0.7172119 1.631902 0.8863686 1.413865
0.7217587 0.4194497 0.6137126 0.8951045 0.4584036
1.193858 1.81478 1.556011 1.664498 0.4621122
1.381448 2.046265 2.777055 1.20425 0.6507932
0.3092121 0.3156265 1.754953 0.4589442 0.9162201
1.530619 0.4158559 0.8842923 0.9126737 0.8159955
0.7827221 0.4539331 2.477315 2.44179 0.9742329
0.7642188 0.9981215 0.1452175 1.944246 1.59537
0.4606054 0.3671032 1.455932 0.3922109 1.062268
0.2603795 0.8645059 0.7886351 0.7811055 0.6604295
0.1411388 1.325515 1.441154 2.836745 0.7811072
0.6722442 0.5873085 1.092543 1.797757 2.770566
0.3940195 0.3365798 1.840841 0.8019358 0.7779348
0.194497 0.474759 0.4840667 1.594878 0.9979584
1.431832 0.7726658 0.7428751 1.400036 0.2294818
0.4236679 0.9047656 1.845959 0.6674725 2.777393
0.3885223 1.101678 1.881373 1.81459 1.244216
1.62192 0.7651614 1.032314 1.236688 1.871392
0.7856312 1.563587 0.4149871 2.776648 1.625108
1.07737 1.369434 0.4591376 1.057617 0.2032147
0.5909326 0.7206809 3.690159 0.7714912 0.326147
1.174275 0.3055892 0.6801955 0.8917451 0.2924893
0.4627094 0.178873 0.632579 1.320404 0.4027548
0.6016789 1.13962 1.376439 0.6617735 1.102653
1.561755 1.427103 0.648906 0.299845 0.3948764
0.7555182 1.647004 0.6832606 2.774961 0.9690688
0.9873777 0.436631 0.6247614 1.767123 2.441676
1.654405 0.4860608 3.574781 0.9568016 1.833922
0.865234 0.6000788 0.4857796 0.3765827 1.669173
2.302856 3.410342 0.4401771 0.5044835 1.391079
1.21379 0.6308183 0.2304778 0.2320671 1.114093
0.7256622 2.775768 0.8359826 1.61773 1.074554
0.4239405 1.316667 2.226479 0.1759171 0.7610239
0.2743757 0.3909185 1.076791 0.4709581 0.7941944
0.8701496 0.2768467 0.4402225 0.6711811 0.6399418
0.452322 0.4014472 2.206515 1.355178 0.4798833
0.9015741 1.204447 0.9578664 3.795219 0.7748569
0.5018437 1.367505 0.4142745 2.767012 3.038617
0.2399086 0.8943777 0.7811458 0.304745 0.2552221
1.840786 2.425527 0.7679436 0.5242104 1.020601
0.9458782 1.526707 0.547968 0.7845762 0.4510235
0.57186 0.2140609 0.8387148 1.344467 0.7799864
2.34937 0.8687631 0.4537272 0.91873 0.26142
0.4987153 1.398482 1.036438 0.6303126 0.6934122
1.578641 0.8118493 0.7196292 0.1595435 1.527847
0.9059552 0.7332255 0.3410086 0.7648867 1.072529
1.08788 0.6028194 0.4417515 1.143172 0.1474653
0.4799208 0.5437313 0.5289613 0.3205596 2.765857
0.5961078 0.4055595 2.011818 1.450532 0.5266627
1.35987 1.655002 0.5241959 0.4226325 0.5755308
0.2435709 2.771379 0.4792803 1.001072 0.5961069
1.401207 1.779322 2.771457 1.369991 0.9153219
0.287216 0.9777941 0.1683146 1.470605 1.654405
1.798289 0.7582687 1.563488 0.9793696 3.315166
1.159913 0.6182772 1.840014 1.378665 1.078769
1.317692 0.5998493 0.6791264 0.1219972 0.9872032
0.5554746 2.340717 0.4701638 2.77564 2.731756
0.195221 0.4435858 1.802052 0.2710058 0.7994142
0.2165333 0.5617444 0.4657443 0.3012542 1.511558
1.381198 1.662213 0.8532987 0.1608593 0.9096143
0.9063832 1.328573 0.5378546 0.5052821 0.9969883
0.296417 0.4642672 1.434647 0.350113 0.2782483
1.446217 0.7503891 2.765755 1.12334 0.9401443
1.824288 0.8511033 0.4257154 2.416504 0.6513546
0.6559601 0.7352031 0.3709695 0.4118987 0.9154116
1.415575 0.1936571 2.450165 1.774354 1.510273
0.4677607 2.771433 0.8764142 0.4300818 0.1879942
0.7261389 1.366083 0.4879194 0.2606009 0.6158062
0.630243 0.8171365 3.460215 1.264706 0.6783879
1.345076 0.7811295 0.3096858 1.097237 3.696463
0.2115712 0.682279 0.2572148 0.8002521 0.1704743
0.2844183 0.6959536 0.7862428 0.5259346 1.842262
1.168513 0.5881131 2.122801 0.5024701 1.364897
0.6000619 1.375783 1.350302 0.6006721 1.031775
1.723583 2.747701 0.4894029 1.182867 0.1601359
1.846281 1.62998 0.7679482 0.7514616 0.6592915
0.2765711 1.621633 2.441982 0.8153296 1.36434
1.025071 1.362953 0.7816309 2.716955 0.4112072
1.003778 0.4705169 1.572176 0.2482464 0.8856725
0.2222065 1.061441 0.6513864 3.788731 0.7783756
0.7671429 0.6309618 0.3682135 0.9043291 2.448489
0.3900486 0.369105 0.947379 0.363467 0.9104678
0.5432334 2.578142 0.1944831 0.4778807 2.76068
0.4602121 0.2744454 0.591724 1.817552 1.064586
0.3578164 1.27435 1.05979 1.321267 0.2689596
0.3762714 2.59627 0.7743403 1.396097 2.840144
0.4315573 1.370769 0.3511673 1.286489 1.391116
0.5289858 0.6046637 0.6697317 1.420545 0.6309619
0.5872689 1.823741 0.6347638 0.7282973 0.6820928
1.196043 1.095885 0.6405229 2.675167 1.821527
1.186255 0.541046 1.721887 1.379368 0.7758868
1.358071 1.839956 0.6000798 0.3893519 0.5418904
1.764522 1.598438 0.5857021 2.207362 2.429367
0.7275695 0.8427007 1.382071 1.772749 0.3701695
0.5872729 0.2523409 1.278644 1.42843 0.2886757
1.314393 0.7830016 1.819866 0.9338318 0.2234393
0.2438079 2.58517 0.2301983 0.7803817 1.427371
0.5156413 0.5243483 1.001069 0.1372584 1.32391
1.287817 0.4780787 0.8999027 1.092558 0.932435
0.3707592 0.7817564 1.101991 1.839089 2.294661
2.441525 1.359914 1.099681 0.794623 1.380886
2.729151 0.8872784 3.038892 1.102539 1.109008
0.4695129 0.2056958 0.7197792 1.213833 0.2491783
0.408317 0.3135257 0.6982078 0.196092 0.5877074
0.9499565 1.180861 1.656348 0.4682083 0.2856566
0.526126 0.2051637 0.901116 1.506571 1.538851
1.805505 0.3762327 0.9620131 0.2832869 1.329014
0.3370183 1.025591 1.279141 0.5336529 1.658861
0.7829929 0.653714 0.3558624 1.801505 1.063059
2.764312 1.86322 1.721429 1.845166 0.5941548
0.7281283 1.092739 2.777501 0.2341625 1.431473
0.7532696 0.2223698 0.578103 1.428429 0.5737396
0.4933134 0.7992452 1.840842 0.2401294 0.2848423
1.201023 1.82721 2.777501 0.647673 1.812276
0.1883025 0.5635297 0.391825 0.701241 0.915442
0.2210432 0.5606574 0.4432456 1.839585 0.2730871
0.7827453 1.847067 0.2663742 1.013202 0.2440165
1.16736 1.117138 0.3451647 1.378372 0.9860672
1.098656 0.522999 0.8833321 1.187399 0.2497219
1.847819 1.449056 0.4156853 1.747101 0.5123317
0.4848403 0.3910745 0.144419 0.1250951 0.6040644
0.8990898 2.167993 0.6403211 0.7827467 0.8976611
1.872896 0.9059781 0.2959381 0.6424259 2.44162
0.2879431 1.839204 1.774541 0.2115766 0.3708344
0.9066641 2.637771 0.6994687 0.4847164 0.9919858
0.4322852 1.800864 0.4406555 3.699792 1.446561
3.453834 1.381712 0.2526209 0.1755037 0.3335651
1.267061 0.2368297 0.1976335 0.2628968 0.3829726
0.7142747 0.4147718 0.9135596 0.4384363 1.64715
1.249789 0.7456172 0.7493925 0.7151609 0.240489
0.6899196 0.9830001 0.2207574 0.8928851 2.223593
1.722324 1.064606 0.5830457 0.581694 0.6644659
0.461397 2.785378 1.095417 0.5527277 1.147883
2.122734 0.1192686 0.679638 0.6386622 0.3695239
0.9071911 1.25832 1.514683 0.3113006 0.9696805
1.231482 0.6414183 1.827694 3.043352 2.77099
0.4916314 1.089562 1.031723 1.742768 0.2677912
1.367481 1.180272 3.776173 2.769964 0.2943976
0.9876007 1.093429 0.6662868 2.77278 0.9437713
1.010955 1.205151 0.8003883 0.3937161 1.446232
0.5664144 1.326116 0.7923814 1.264929 0.7361844
0.7865818 0.5357963 1.080328 0.3454719 1.30596
3.69016 0.2607408 2.774153 0.9098554 0.3950362
0.5493199 0.7800966 0.5401941 1.846584 1.20531
0.4638867 3.699602 0.3025003 0.9021637 1.38757
0.4333337 0.3802759 0.5736258 2.219717 0.2809825
1.150065 0.9500202 0.7061655 0.3145868 1.044714
1.177463 0.5268977 1.816722 0.2376195 1.847823
0.3439233 0.5726528 0.8514842 0.6178398 0.5810047
1.370787 0.2902846 0.9413912 2.690258 0.4411002
2.86948 0.3705593 1.309513 1.51965 0.3298223
0.2679725 0.2432896 0.5468865 0.4289509 3.043082
1.824033 1.025078 0.2682937 0.5211264 1.123746
0.8550766 1.826733 0.2487505 1.001984 1.001067
1.731595 1.026662 0.7026415 0.2621813 0.4050693
2.313343 0.6563914 1.477441 0.5018329 1.844256
0.130343 0.9145269 2.219711 0.9055571 0.4498812
1.093474 0.4615097 1.487742 0.9672076 2.161091
0.6533667 0.3615655 1.417388 1.665136 0.5841943
0.2839249 3.700185 0.3953564 3.681781 0.939416
0.5059457 0.8440881 0.4138031 1.440495 3.358767
1.300049 1.451821 0.3123636 0.78068 2.399847
0.3617844 0.6090253 0.348605 0.5085499 0.9787707
2.771283 0.602666 0.9165834 0.9538351 0.3143277
0.5617536 0.9477088 3.357802 0.6870076 0.6458072
1.024884 0.3673711 1.619456 0.9012023 0.7134609
0.2874335 0.3173555 1.700047 1.093816 2.840315
1.542343 0.7740023 1.102024 1.823743 0.635705
1.433907 0.4479524 1.381708 0.9533663 0.299845
1.91993 0.6885572 2.731756 2.407267 0.8211635
0.5773353 0.2597815 1.838465 0.9121848 1.381449
2.123993 0.7671904 0.681371 2.767013 0.4425841
0.9574682 1.378387 0.1798665 1.7973 1.025084
0.9515392 1.587971 0.5982514 0.9000228 0.3341646
1.022368 1.799356 0.4277134 1.138145 0.685795
0.157007 0.9372934 1.882171 0.6468452 3.694952
0.6668563 1.125505 0.7451447 2.726256 0.3259588
0.4939837 0.473001 0.8645403 0.2758235 0.3308332
0.2034623 0.7779411 0.6251589 3.758538 0.6174425
0.4473463 1.207142 0.2052762 0.2759441 1.074456
0.6127812 0.7705608 1.28369 0.3085923 0.3274234
0.7462704 1.015021 1.116766 2.424897 2.768217
0.4578749 0.8915801 1.183847 0.4842381 0.3494421
0.9077225 0.9216397 1.017841 0.7952824 0.5778995
0.1681507 0.3262813 1.41981 2.745557 1.025093
0.2243574 1.141945 2.773217 0.4359767 1.836853
0.3840509 0.7198162 0.6435312 1.100415 0.3890038
0.386557 0.900258 0.3992635 0.4545524 0.858719
1.190496 0.5734973 0.5644148 0.2640472 0.2958491
0.7823104 1.035494 0.6490372 0.7408611 1.783313
0.9092444 1.377168 3.692942 0.6036163 0.2116942
0.4654135 1.454532 2.105635 1.101991 0.6022072
