4.111111 2.977778 3.818182 4.736842 5.466667
5.842697 3.368421 6.106383 4.666667 2.148148
2.434783 5.016949 7.267366 7.998336 3
9.293163 5.266667 9.253589 9.361564 2.625
5.289157 8.208955 6.654867 7.222849 6.352941
6.329412 6.92562 6.329545 6.707692 6
6.810345 4 7.149254 4.444444 7.471074
6.849498 6.181818 2.2 2.222222 5.428571
4.4 4.530973 4.614286 5.130435 3.5
5.222222 3.153846 5.818182 4.214464 4.933333
5.142857 3.25 2.5 6.381295 5.654726
3.466667 4.08 5.438596 2.5 4
2.39604 4 5.797357 4.533333 5.757576
3.2 5.238532 4.461538 5.75 4
5.242424 7.316629 7.153846 3.5 10.15881
3.666667 2.776471 2.692308 2.051282 4.785029
8.545455 6.161616 2.25 3.59633 4.4
6.32 3.714286 5.034483 3.666667 4.097561
4.129032 4 5.2 3.6 4.555556
4 5.075269 5.428571 3.860841 7
5.788546 5.113636 4.744186 5.272727 3.5
8.829401 3.25 8.6 7.934043 4.888889
7.567691 6.34965 7.688474 8.067086 5.257485
9.277646 5.716312 4 5.333333 8.368382
8.323988 6.470452 4.933333 3.352751 2.666667
3.5 8.644444 2.857143 4.444444 4.181818
4.571429 5.4 3 3.2 2.166667
3.666667 5.333333 8 9.069724 4
4 3.368421 3 4 2.151899
6.925 6.47619 6 10.23158 4.25
2.666667 7.295775 6.666667 6.8 2.666667
3.529412 2.285714 3 7.638462 3.428571
6.045455 4.409938 7.323355 3.368421 3.538462
3.913043 4.537931 3 2.8 3.714286
2.571429 5.736842 7.807229 2.252964 9.710483
4.1 2.8 3.155556 7.105263 7.986799
2.218868 3.569573 4.695652 4 2.611111
3 2.969697 4.493392 3.555556 4.786517
5.669082 3.354839 4.25 5.186441 4.363636
4.071429 6.604651 6.638889 7.472984 6.909091
6.648221 10 5.610811 4 6
5.02439 3.333333 3.868852 3 4.444444
4 4.333333 3.333333 6 3.111111
2.666667 10.31726 7.90301 8.324003
