4.292584 3.944608 7.619288 1.603516 0.6507183
7.484958 0.485187 1.99641 3.880858 1.103587
1.716578 2.244968 2.017452 3.377298 2.009541
1.103279 4.486213 2.832236 3.088985 3.654005
3.297663 2.25992 0.5692623 3.45138 3.185069
2.218659 0.8287055 0.7625975 0.9024296 1.396591
5.548277 1.263074 1.021506 0.8769901 2.007711
1.422901 2.680345 0.9249413 1.409542 4.353484
1.092887 1.755879 0.5526806 1.583007 7.399719
2.028359 0.5600788 1.045295 1.929979 1.489101
1.728724 1.618938 0.3927734 1.064519 4.585799
7.526138 1.858235 1.421204 2.230792 2.507618
2.794198 3.231257 1.560611 0.4733212 0.600642
1.33827 0.6954474 1.259456 1.699394 6.68132
5.948952 3.631052 1.852953 1.470233 3.034964
4.642624 1.023113 0.323941 4.997862 1.227616
1.750829 0.5610885 1.233795 1.654598 2.577627
4.894971 1.656194 0.9267185 0.8783309 0.4588461
1.818712 0.3975624 2.353684 1.03486 3.550364
1.716134 2.245561 5.122477 0.842985 2.675636
1.959549 1.148515 0.7732204 3.559559 0.7639635
2.580597 1.057837 2.066742 6.245737 2.258287
1.467306 0.8313224 0.8581291 4.249705 2.926962
0.2874233 4.335993 3.33178 6.620017 2.919094
0.9510301 1.242865 0.2779849 1.728537 0.357431
4.184932 1.419997 2.216568 1.784444 3.190533
1.300279 0.4084088 0.5233572 2.119392 2.177123
0.6320044 1.359505 1.925484 1.98818 5.928786
0.8746103 0.5299766 0.7721544 1.328901 1.420104
1.784946 0.5595804 4.286252 1.460677 0.6644412
1.741828 1.550097 5.530053 1.22353 0.58879
1.067652 0.5536533 2.944194 2.614175 2.310332
2.642774 6.813212 1.984616 4.510493 2.466552
1.99753 0.7354769 2.027919 1.789837 0.6323718
3.326595 0.7651009 2.48211 4.269287 0.9425571
3.230385 6.27567 0.4566055 2.043776 2.203507
1.074708 1.514878 0.3594281 1.617869 0.6976087
0.3204408 2.185236 1.549722 2.603582 3.884507
1.857679 4.812637 1.670884 0.7014865 2.301917
3.406919 0.9765696 2.336427 2.897867 3.079916
1.756258 0.6357923 0.3304672 0.4073283 2.62076
2.609728 0.6511727 1.355994 0.9303321 5.550273
3.932974 0.6614442 0.5132666 2.258402 2.775984
0.5740818 2.937584 4.626591 0.5262331 1.332386
0.9613604 1.596977 3.009102 0.3130678 2.803575
1.358087 2.612267 7.125981 4.552546 2.173112
0.9490548 2.43208 2.950488 3.645117 3.170793
1.363849 0.604441 2.950006 4.053683 1.310561
1.836834 4.639238 1.254275 2.175409 1.386603
3.958983 3.503754 0.3886816 1.674678 3.033968
1.835605 3.476754 0.2808279 1.355333 1.653458
1.314825 6.481318 0.8284917 2.659319 3.633611
3.682929 0.6487336 1.874932 0.7477819 0.3386246
1.427239 4.797916 2.503477 1.792724 2.819873
1.634763 0.3799391 1.788764 2.016793 2.614784
0.9167622 6.987609 0.9309636 0.2856786 1.709369
1.28872 3.848874 2.530296 1.999283 7.493674
3.850117 1.442211 3.52852 1.781302 4.022165
4.875679 4.644047 0.8482779 2.19055 1.110234
0.4587141 0.9743736 1.741427 0.4504031 1.965741
0.7725177 1.38253 0.3166018 0.5607419 2.173301
2.437507 0.8402936 1.628108 0.4768423 1.443932
2.07624 2.822571 0.8650098 4.71229 0.4457856
3.978809 3.416395 1.575639 1.137333 1.564797
5.479926 1.621795 2.629198 7.172278 1.090012
1.559359 2.66994 1.156631 2.503366 1.525589
0.4334773 0.96536 1.140373 1.267231 2.358157
1.22337 1.807008 3.264995 2.66017 1.50056
3.098407 5.330683 2.178108 2.556031 0.8289724
3.244008 0.7379765 6.932613 1.941241 0.3253395
6.863255 0.4923671 6.793232 0.5804928 0.2714597
3.135584 0.84172 0.5845321 0.6963959 0.5265639
1.251204 1.931146 4.172703 4.494195 2.391885
2.162788 1.73367 2.212666 7.974906 1.042297
3.517218 1.306831 0.5798537 7.926725 1.245447
0.9633853 0.4091394 2.580433 0.5390859 2.502269
1.341469 2.634194 2.037495 4.943209 3.409397
1.916044 1.199135 0.623282 1.590425 0.3587354
3.282229 3.605723 1.751161 0.5935004 1.511864
1.719718 0.4709897 0.3134981 1.932395 4.504237
1.288315 1.221272 2.604575 3.900214 1.55702
2.59195 1.708583 1.59539 0.9382423 1.896539
0.9608878 1.088747 0.6591771 7.089651 0.9223154
1.755799 5.610726 1.728012 3.66921 3.732083
0.9473527 2.48374 2.278992 2.682711 3.584323
1.458044 0.5690139 3.016021 1.547485 6.363458
0.9521767 0.9102807 2.728079 3.079992 0.3322871
2.94126 0.2746292 2.936541 0.4364612 0.5067719
1.10457 1.624463 2.5677 2.799154 1.108933
1.36451 2.88226 2.027403 2.324974 3.004773
1.504947 1.819963 1.790012 7.769683 1.320965
1.483246 2.059686 2.443872 0.5181654 4.783743
1.932194 1.014522 1.141348 1.165029 0.3920658
1.294815 0.312203 0.3976929 1.54836 1.198029
0.7763963 4.742364 2.662232 5.478417 2.453159
1.200358 2.56106 1.653874 0.708365 1.256594
3.400142 0.7653786 1.464678 1.784466 2.289735
2.372988 1.265977 0.5133196 1.071626 1.706746
5.453981 1.73542 6.350599 3.130711 1.347317
2.875651 0.6305983 0.8877076 2.311282 0.4529371
1.399957 5.079114 0.3446335 2.301387 0.2866614
5.572306 0.6445033 1.211692 0.9757884 0.7856485
1.967798 1.661267 1.415038 2.873675 3.782963
2.14114 1.430932 1.797391 4.947903 0.3247836
6.804855 0.6479912 3.712203 1.877135 2.414226
3.202928 0.465845 1.911015 1.265983 0.4588411
2.392127 1.662022 2.699003 2.967812 3.354418
0.350453 0.8155252 0.5680178 0.7320524 3.078661
1.400618 0.7383896 5.657858 2.591934 1.856477
1.590554 2.160525 2.916305 1.624876 0.4970366
3.672513 1.075422 2.502039 0.3270404 2.936647
1.543428 4.82774 0.2940853 2.149179 0.503333
1.13303 2.955043 0.9610973 0.7402506 1.58241
3.326481 7.867574 1.185306 4.226462 2.740927
6.324333 2.583648 3.836938 0.4120697 1.599472
3.571387 1.99191 0.6853895 0.6391939 0.4525852
1.197407 2.607045 2.571 1.46777 1.231158
4.132973 1.162047 6.326433 5.180511 2.401104
2.270718 1.79129 0.7120138 0.9772647 1.626563
2.968402 3.350492 1.389582 2.003804 1.448656
1.100376 5.746072 0.4619668 3.626379 7.521372
2.139938 1.399209 0.3221523 1.706575 0.3470325
4.786175 2.793854 1.044457 4.612765 1.27299
0.3201714 1.703999 0.6551355 0.976762 2.764914
2.288846 2.09572 0.9254403 1.977373 0.3405722
2.733988 4.443297 3.107889 2.73543 1.313002
6.26385 0.7894086 1.273825 2.200778 5.238331
3.280975 7.487515 0.3407669 1.534193 1.138661
5.784469 1.849113 3.324914 7.570152 4.358692
0.4070892 1.409362 1.538155 1.630314 4.660534
1.833725 1.480685 1.51762 1.358867 5.10523
1.511016 3.056988 2.455828 2.29013 2.556047
0.8308597 6.218746 7.982412 1.752491 1.615808
2.547275 0.8102748 6.861849 0.9172197 1.956002
1.960928 0.2908611 0.711074 1.105918 1.750026
4.139896 1.560329 3.165865 0.4907089 5.286783
1.149104 0.4682854 1.571243 0.6885853 1.018323
0.959263 1.498345 2.896024 3.202559 5.102692
1.817141 4.332233 1.898064 2.5218 4.502458
0.5928944 3.324084 0.8663515 0.3059752 0.8449835
1.845856 7.570427 6.547374 5.072533 1.574714
1.502233 2.141188 0.5826984 1.530434 0.5595425
7.565341 2.21025 1.785871 0.8782508 1.506212
0.4986171 4.838709 0.7242905 0.2824911 2.80907
1.050989 0.7757235 2.160729 1.124211 3.290095
3.250245 0.7680288 3.841761 3.589422 1.342083
1.183215 1.553312 1.530762 6.373281 2.5033
1.662183 2.213805 0.4374885 2.2106 3.555503
4.567193 3.334803 1.371568 0.9310731 0.5623342
2.087427 1.723014 0.5496267 2.378887 1.11068
4.495017 0.5651694 6.258778 1.436349 0.7483072
1.629375 1.993719 2.231358 1.11068 0.5905437
3.253134 1.31407 0.9163187 0.5863784 1.748066
1.802651 0.5267992 4.254931 1.248236 3.740944
6.212768 0.9005295 7.657466 0.5061456 0.9634772
2.304796 0.3896583 2.729749 1.073467 0.8295324
3.25649 4.807454 2.815245 6.607223 1.779733
4.45805 1.091736 1.0751 1.313478 0.7416282
0.9623083 0.3299374 2.554603 0.5892793 0.7306214
7.415051 1.02814 4.728062 1.581403 0.9709282
1.5038 0.4133113 6.343583 3.729187 1.757127
2.125678 2.530453 3.30947 1.619829 3.048402
3.506257 1.173527 2.874318 5.957708 1.759734
0.3762591 2.911626 1.043621 0.469262 1.77548
1.379772 2.718678 1.758924 0.8419462 0.7415063
2.331941 1.269177 4.85815 1.683906 1.355172
1.914871 3.361321 1.612992 1.850473 5.106917
0.8209162 2.670248 0.9367167 1.057813 2.596272
0.9604813 5.07257 0.7731938 2.748493 5.508754
2.40403 1.244498 1.305132 4.04979 0.9283396
2.408618 0.914184 5.99077 4.367646 0.3461429
2.816159 3.201286 2.355186 2.961246 2.56115
1.438129 1.856372 3.51297 0.7765045 1.386611
1.176258 1.231003 1.52017 0.2894491 5.019378
0.6329422 1.97265 1.829263 1.115431 0.4073374
1.073417 4.268529 1.44436 4.663426 4.904473
4.803554 2.11513 5.321536 2.143472 1.481099
2.515276 0.5047378 0.7687778 2.743121 0.623579
2.634024 0.6911097 1.557917 1.613161 1.550201
0.8859301 1.24328 5.003472 0.2755401 0.418845
1.050881 6.880648 7.212674 0.7503413 3.476846
2.89668 0.5813292 1.243644 0.493544 4.636949
3.761372 7.83708 2.754473 1.351455 1.288012
0.8142848 2.954983 1.789339 0.9906426 3.161065
2.919255 2.004502 2.502766 6.012167 2.215999
3.162336 1.647321 3.581753 2.020706 0.5553935
2.415463 0.8746142 1.049945 0.3865491 2.382452
2.602135 3.029733 2.037814 2.471047 1.478985
0.5008528 1.279657 2.163425 0.9792006 0.400903
0.9191769 1.673588 3.544326 1.923449 1.35545
2.203171 1.280972 8.123578 3.907017 1.405636
0.4051555 0.6367075 4.844593 1.425059 1.921066
3.005268 0.4954716 4.217477 2.598972 2.013114
1.880055 2.901526 1.312447 3.314595 2.334428
0.4921564 4.552549 3.982893 3.925353 5.137216
0.5973667 3.759723 0.4587667 0.8595719 3.276124
0.5448769 4.386938 2.829402 0.5376644 3.85428
0.5341435 0.5460397 0.9903989 2.385281 2.161585
1.87945 1.303915 1.465406 1.515526 1.91134
3.887188 0.7071389 2.791651 0.8027548 1.982066
0.6066126 0.6140325 2.92758 2.562342 6.325361
0.4586717 1.01854 7.037947 4.008759 1.775106
0.8262633 1.690759 2.851126 2.577505 3.594009
0.7491742 1.940751 1.815991 2.128389 5.484887
5.177673 2.908356 0.6082706 1.394149 1.228476
0.7597436 2.366091 2.94271 2.679099 0.3572715
2.716173 1.407879 0.3495242 1.789283 2.113453
1.190042 6.63892 2.16486 2.346325 5.100984
1.125809 0.6780517 2.370446 1.556723 0.6251983
0.4898461 3.155882 1.00684 2.771107 3.071539
0.2996698 1.988534 1.627485 3.668737 1.313871
0.7567683 1.266744 0.8039129 2.577055 4.013444
1.460642 2.998112 2.574682 1.707638 3.67782
1.054601 3.018232 0.303632 1.745681 0.4243297
0.8057699 3.598718 1.782459 2.280057 0.364312
2.106782 1.616278 1.294011 2.312971 3.011381
0.9596614 2.987094 5.258658 4.501066 5.1074
7.595337 1.132443 1.980482 2.160633 1.096597
4.192133 1.098623 1.744023 2.822983 0.8008685
0.6123764 0.9457863 2.134929 4.00253 5.69728
3.174798 0.2761847 3.072201 2.031623 2.258153
0.5405425 4.136307 2.343436 2.500212 0.5077829
0.8438308 1.856765 0.5896054 5.040357 1.737242
1.694912 1.147936 1.092748 2.924783 0.8396554
2.935845 3.796932 2.541698 1.340087 3.669052
2.758145 1.939054 4.90591 2.029824 1.841127
3.958687 3.000084 0.9080696 1.420092 4.440386
0.6541394 0.3991847 1.949823 1.738774 4.868385
1.318691 2.348942 1.525215 0.9286937 0.3574131
1.159492 1.836087 1.866741 0.5104638 1.384075
3.710366 0.4213205 3.612275 2.583823 1.107086
4.508767 0.3247599 3.509136 5.046915 1.197137
1.029916 1.207362 1.348907 0.5673333 2.395623
1.898435 3.716218 2.890887 3.087056 0.3759843
0.5255445 0.2993326 1.892883 2.464974 1.623567
1.592686 1.55476 2.643403 0.9532275 2.129585
4.12394 2.744316 2.023456 0.3174111 2.155742
8.019781 3.158375 1.899244 4.022691 1.0638
2.297783 3.216266 2.787071 6.753574 1.451307
1.665733 1.099071 2.359351 0.4473254 4.287524
0.9912068 1.682268 1.174916 1.446754 0.7865502
1.111599 5.0574 1.931965 1.295151 0.6326022
1.637726 3.355152 1.253238 4.813368 1.465066
1.837822 1.53465 3.173334 1.057172 4.904039
7.068246 0.6183323 1.633017 1.665487 1.749101
1.545976 2.895765 1.1815 0.4715439 0.9665791
2.051601 0.7155776 1.991626 7.623654 2.476898
2.897225 0.6359965 2.795338 0.6867768 0.4640868
2.461634 0.4142071 6.802801 1.056224 0.9562713
0.3493808 1.677426 7.8841 0.4378586 4.995551
2.726825 6.218444 5.004886 1.248096 1.19144
0.5044707 0.9792515 1.797172 0.6039643 2.644029
6.035156 4.482226 1.784535 3.419396 1.694987
0.7799891 0.9029967 2.021092 1.656962 1.915607
1.081079 1.816366 1.524887 0.6666428 3.46362
1.083516 1.93436 1.68572 2.616622 3.103525
4.276271 1.027936 5.017534 0.2830085 1.008022
2.445095 0.4613958 0.874366 2.044163 0.8253448
1.036843 1.037527 1.31156 0.347725 2.519426
1.248288 0.606144 1.175664 2.920339 1.03133
1.94174 3.659389 0.9742249 2.406543 5.297023
3.033641 4.704112 0.5452762 2.81872 0.7985978
0.9478625 4.023292 3.951005 2.968247 2.562898
1.720546 0.5903219 1.842241 1.448322 1.864456
1.874237 2.044805 1.310645 0.6545325 1.611849
1.000083 1.216943 0.8628613 3.606498 2.182137
0.8733764 3.265556 4.895365 4.133137 2.207028
0.4310831 2.013138 5.657437 2.427114 2.89826
6.28729 0.4766507 0.8689408 0.3513687 0.9110788
1.523613 0.9801555 2.650599 3.391003 2.983196
5.821548 1.673951 2.189921 7.078004 1.721292
3.948233 1.130437 0.3308425 2.028397 1.223285
1.264217 6.950619 1.007355 0.278576 2.896676
1.466139 4.150568 1.548717 1.71419 2.012439
2.01333 5.606101 0.5885163 7.133214 2.865742
1.36125 1.425752 7.319215 1.223912 1.602554
3.9115 3.337574 1.420851 1.591677 3.57434
0.7653104 0.3022015 2.035867 2.088196 0.9483007
3.771007 3.016097 1.571553 1.059855 2.634743
1.681761 3.823318 0.6667346 3.131563 2.950745
0.6549867 6.574227 1.570271 0.6091528 1.615213
1.969928 1.795252 1.227527 0.5402802 2.899169
1.394055 0.8194398 1.078287 1.106968 0.4253909
2.170968 1.364847 1.584277 1.69637 1.04419
1.659216 2.877821 3.049819 1.953297 1.755677
1.766263 0.9265122 3.506065 3.45276 1.820817
0.2840618 3.910708 0.7203702 1.350781 0.6657695
1.749355 0.6646384 0.4293267 3.670268 1.69249
5.2156 1.404327 3.697917 1.004838 3.844135
1.48067 1.608541 2.632035 1.665198 4.354729
0.6711927 0.7308217 1.387643 1.593173 1.757997
0.3405282 0.5323202 1.060288 3.311287 0.3180554
2.377769 0.9246154 0.9070568 2.766488 2.65517
1.509495 1.612547 6.866509 1.435545 1.282292
5.894693 1.743126 4.996932 1.830043 1.759699
4.485462 1.693879 2.596483 1.184169 1.290394
1.925736 2.15571 5.358791 2.807596 2.71059
1.121923 3.946723 5.881068 0.4005557 3.722987
0.2775897 3.199129 2.968739 6.819434 0.7476118
1.892141 2.152878 0.6912898 5.256158 2.134321
0.3699414 2.675048 0.7728581 0.6863447 4.397331
0.9570027 2.929552 4.348561 0.8515175 1.140469
6.244508 1.943045 1.397434 1.637226 1.313526
0.3417539 1.30896 0.9655692 5.387405 1.473108
1.787486 1.840482 4.299415 1.796938 3.053811
1.881635 1.384048 5.70532 0.3341645 0.4227336
7.332276 0.7622187 1.388199 6.851308 3.470117
2.917158 1.56679 1.727367 2.952626 2.590233
0.819486 1.410441 2.5773 4.619024 6.758482
1.625722 5.515506 1.041523 1.385904 1.487838
1.73232 1.563319 0.3719005 0.9013008 1.605596
1.366427 3.194723 1.998136 2.343031 0.4714366
3.62608 5.578248 3.418978 1.518618 6.696786
0.714345 3.139221 2.788644 4.845547 2.732255
3.03748 4.802599 0.9336565 3.474172 0.3738204
2.618987 1.93059 1.190362 0.4397898 5.574032
0.3928062 3.967171 1.519649 4.423477 1.158875
1.609897 5.52104 0.4960182 1.887723 2.199706
1.357799 0.4095055 1.118622 4.37985 2.315862
2.435227 0.274977 0.5591512 1.154943 0.7936199
1.864017 1.437027 1.169043 2.436253 1.702873
2.431988 1.471609 4.144266 4.313865 0.8657384
0.7187567 2.627213 2.24906 0.9441577 1.023898
2.206706 1.211719 2.578455 1.713473 4.633009
1.640497 3.297423 4.940364 0.763187 1.977459
1.552655 0.4832847 0.7179806 2.736712 6.328725
3.166424 4.17655 0.603119 1.649394 1.278591
2.863055 4.015222 2.395098 7.076939 3.603716
1.73755 1.21126 2.516414 0.3427254 1.552063
2.169173 3.266334 2.145338 0.9866645 0.3529866
1.385503 3.583089 1.820304 1.779981 3.67751
1.745531 0.6265816 3.260685 5.719903 4.764637
6.251419 6.283891 1.701877 0.9433919 2.564547
2.730719 0.6734126 0.7902145 0.8400577 4.661392
2.115239 2.365525 0.3086076 1.280606 4.571786
1.782852 1.809283 1.566205 1.281211 2.074052
1.713623 2.341751 0.5896206 3.322545 3.043576
1.427052 0.9173731 1.87084 1.169578 0.5145091
6.62529 2.316323 1.261835 2.66245 7.539506
3.830803 2.076239 1.357235 0.898879 4.560059
2.844349 1.729288 0.6316572 1.70934 2.410938
2.057618 2.51168 0.6916038 0.9828337 2.794267
1.750183 4.986837 3.421643 0.792437 0.6409534
0.3023372 1.813312 3.580538 2.690005 0.9625111
0.8720996 3.139677 0.731707 1.879154 2.340753
0.3131794 2.885038 0.4923022 1.441612 1.075013
0.8998861 1.081196 0.2914042 2.166539 0.2968844
1.997633 4.275907 0.9643278 0.3007649 3.060623
3.536855 1.424709 2.52999 1.042262 1.995873
1.355952 0.3939062 0.3031858 2.609303 1.625018
0.3828521 1.981975 1.179277 1.470749 0.9981856
1.493354 1.878624 1.179177 0.8110248 0.925849
2.312111 1.599343 1.506414 0.5561807 1.855348
2.678228 4.05699 3.90893 4.745143 0.8721989
2.07091 1.796422 2.567856 3.230351 1.719256
0.9776153 4.030556 1.621597 0.5403246 1.288958
2.008568 0.8904726 1.178027 4.147076 2.02395
1.530268 1.000949 1.704396 0.6288461 1.890475
0.6713707 1.733657 2.058981 0.7503558 3.229599
3.025282 0.7121781 1.20359 0.5156579 3.009152
0.3191353 0.8594923 0.3547884 5.311612 1.177101
1.360019 3.372202 7.147162 0.8349718 1.60233
0.9213998 7.225254 3.243241 1.50305 2.386236
2.698258 2.767458 5.75704 4.641606 1.372359
2.741185 2.860026 0.8667707 0.282916 1.608076
0.5290825 0.5175964 0.8257895 4.346868 3.212537
2.273643 0.9576282 1.615826 2.798517 5.025488
2.097197 2.075413 2.01417 1.664573 2.100256
1.870247 1.790502 1.766945 3.105573 0.9456278
0.7279953 2.542062 2.53757 1.458286 7.349918
1.363301 3.277257 0.4355035 0.5683945 1.940047
2.266022 1.536912 3.071505 3.498257 3.048072
6.088513 1.564469 1.828635 0.8435145 0.7443352
4.25722 3.801814 0.2847036 2.66828 1.117257
1.330908 1.266062 3.164043 1.137137 1.617738
1.134835 1.059871 3.87957 1.33088 0.8918269
2.766339 2.923567 0.6510725 0.7026035 1.158501
1.68262 3.620243 0.3195861 1.531557 1.541899
1.716097 1.611701 0.5767524 5.317608 5.703852
2.426691 1.878325 1.594927 0.2864672 0.9001521
0.3765893 8.044549 4.580832 2.083561 1.480192
0.5781691 0.8119237 1.38631 7.130438 1.816891
0.9537377 2.805821 3.700024 1.136782 0.3360783
1.90161 1.879106 0.7538637 2.364179 2.377937
1.60356 2.279581 0.9085274 2.167122 7.030352
4.48671 1.582144 7.636255 1.145701 3.121871
7.037956 2.436712 4.035312 6.951756 2.928791
3.397815 0.8410596 2.25027 2.274456 2.928581
3.085635 0.5192962 1.704953 1.509713 0.9595105
1.528792 1.53724 3.942018 1.653784 0.3003499
7.354171 5.630467 1.524765 0.6264123 1.108457
1.054559 1.297676 4.296796 0.3349375 7.89977
1.982015 1.956081 3.987843 0.6301265 2.044027
1.244598 0.7969708 0.7539786 0.3236965 2.147116
3.533011 0.3464898 0.8100079 1.598167 0.4991862
4.00543 1.794885 1.954165 0.5983322 0.333839
1.262587 4.363529 5.782138 0.2817199 1.628186
0.6164158 3.048116 1.043976 4.152401 0.5841558
4.002743 2.133437 2.623747 0.6782711 2.979977
1.724524 5.781714 2.963742 3.779248 7.481211
2.263199 1.405349 0.7496299 3.506977 3.062529
3.094447 4.839577 0.8157845 0.854606 3.284808
2.725402 1.776068 1.778737 6.010639 0.3996788
2.573869 1.675137 3.510613 2.225454 0.5404937
4.825501 1.449629 1.777253 0.4307933 2.158319
0.8694513 2.80502 0.8561751 1.263661 2.920268
2.979084 2.68803 1.976152 0.2992494 1.198411
2.290216 1.22166 1.03922 2.222122 0.4709755
1.996325 0.7636 3.931758 0.5555891 0.5944995
2.824421 1.705781 0.4399316 4.984703 6.878389
2.956473 1.104985 1.302671 2.730231 0.6142147
6.705041 0.9042541 3.71147 3.75068 3.885064
0.4666195 4.110433 2.023075 2.914718 4.257713
2.974543 1.057408 2.272556 1.325452 0.4434408
4.818225 3.43488 1.169492 2.156733 1.40977
7.643458 2.093108 1.824205 1.661343 2.180062
0.5684053 0.4013964 1.714363 1.514131 2.976585
1.486187 0.8995538 0.3873268 6.116945 1.201563
6.333622 1.720418 1.076585 2.458842 5.395742
7.423221 2.16701 2.835865 1.571114 0.8156517
0.6024491 0.8436104 1.289933 4.721179 6.401311
1.345994 0.7541466 2.54367 1.833939 3.540827
1.474517 2.731653 1.068714 3.114138 2.049469
0.5500459 1.008885 1.904324 2.721406 3.621437
2.327536 1.464126 0.5516844 1.588671 1.180555
4.036051 2.895899 1.869371 7.379606 2.779405
2.907758 0.6171992 0.7283291 0.7520544 6.202879
6.719827 0.2733006 0.7363724 2.266222 1.907384
0.3552452 0.5353733 4.474674 2.848617 1.561219
0.4668823 3.499923 1.21028 1.462277 2.283334
0.6250204 1.148941 2.245957 2.195862 1.961549
1.705719 3.449821 2.697282 3.424317 1.124601
2.984131 0.3212261 0.7132709 1.307357 3.970835
4.024679 1.01936 1.117585 1.429988 0.7821544
1.751151 0.7706925 1.421729 1.133939 5.123745
5.65669 1.491315 1.62878 1.757607 1.747461
3.403906 4.967138 2.403049 1.500596 2.660924
3.507042 2.411794 4.40721 0.9161389 0.7350754
2.041792 4.922768 0.5246737 0.7349731 4.880512
2.249588 2.397679 1.314765 2.132692 0.5312033
0.9329948 1.917466 1.390836 2.765239 1.701895
0.5590026 1.809912 1.647356 5.585084 4.779279
2.335264 1.640973 2.760002 6.337992 0.2714879
0.6749865 0.5983967 1.95417 0.2762133 0.2939232
1.680189 0.8157823 1.231978 2.23325 6.673129
3.299759 0.647594 4.49779 2.03294 4.068428
0.9942666 1.278825 3.470581 1.152984 1.074041
4.078835 5.676496 0.7395903 0.4062793 3.012674
1.706514 3.381237 3.647025 4.662519 1.181812
3.491957 2.144629 2.2654 4.339318 1.499267
2.168444 1.869437 1.627459 1.453365 7.56448
0.5976192 1.477046 0.6116764 2.865055 0.3241728
2.774672 1.893495 5.252965 1.760485 0.7652663
0.8961476 0.3976408 0.5976937 4.163246 0.3895618
0.4866986 1.5009 3.039386 1.590606 0.4559111
2.064609 2.472208 0.4996374 3.00614 3.224223
0.7534832 2.65181 2.128099 3.69078 2.467121
1.739013 0.2971689 1.194969 1.631206 1.511164
2.904794 0.9393736 2.460823 0.9898119 1.242303
1.108382 5.925602 2.119084 1.762902 1.779659
0.9652166 1.750125 0.5471402 0.4556473 4.00593
7.691161 0.403387 1.198302 1.637493 0.4784375
1.015482 1.808772 1.771871 4.421893 2.123634
0.9445243 0.9499953 0.502323 1.841416 0.9323653
1.376141 6.032524 2.308998 2.636656 3.828887
1.789788 4.733705 2.909626 5.185834 0.559778
6.398482 1.627886 1.129755 2.912281 0.288128
0.703972 5.408118 1.584579 0.6150393 2.739853
4.263238 2.382341 1.270581 7.977921 0.615664
1.538312 5.603152 1.700392 2.426334 4.487203
0.8258287 1.107095 1.032451 1.584329 2.646798
3.373323 2.171925 3.885469 2.203527 0.5708325
2.373671 0.4083836 4.13741 1.618352 2.933824
1.346913 0.9570829 3.013425 0.5728929 2.441349
2.05312 3.057063 1.284362 1.013725 2.042138
3.606829 1.0275 3.89998 4.699695 1.223046
2.812405 1.932072 1.902839 0.8781718 7.52269
6.317247 5.012389 3.226847 3.140826 0.4900482
0.2878774 1.237226 2.600363 1.797169 2.130253
2.329277 1.997637 1.711966 7.082485 1.206302
2.599024 2.010408 3.01717 1.284652 1.251167
1.565136 4.886839 2.14411 2.894466 1.520086
1.119688 0.7951998 0.754994 0.4566378 2.765113
3.757317 3.652151 1.206262 5.504793 0.7442496
1.770885 1.958978 1.406039 0.9996875 1.308098
0.2925254 2.455029 1.862368 2.561699 1.98931
0.2784036 1.22478 1.243465 0.326414 3.219155
1.229265 2.817229 3.510083 0.6360477 4.884513
1.724953 2.447198 3.003906 1.858129 0.599475
2.831602 2.391593 1.794881 2.039853 5.821467
1.771526 4.178672 1.723427 1.172939 1.337309
1.589814 3.610127 1.784197 0.918091 5.631928
2.50345 0.8773124 1.401029 0.6235118 3.409076
6.214347 1.577612 4.431237 2.411391 1.106641
0.5563327 3.421166 4.181286 2.995455 2.914192
2.949522 0.7951476 3.758505 2.729799 1.528058
2.918391 2.049617 1.416968 1.20355 0.6451576
6.022515 1.011084 1.216345 1.039836 1.024006
0.3094962 0.7967306 0.6305235 6.124189 2.791311
0.7739367 1.114699 0.9230385 3.455833 2.457439
0.7341495 1.653502 1.991936 1.861763 0.4091611
1.958906 4.171484 5.045603 0.5586571 1.30187
2.816258 0.6358823 4.25035 4.210996 0.8044081
0.952833 4.86893 1.595796 0.360759 1.394266
7.16437 2.204876 1.620079 3.789405 0.6113483
1.262624 2.170647 2.259477 0.532021 2.33352
2.595204 2.585096 1.916837 0.6704463 2.276486
1.312332 4.057371 0.7119333 0.6078081 1.429387
0.8833024 1.316339 2.04373 0.7717919 1.017301
3.751132 4.241433 1.909911 2.965674 0.9238642
0.9341346 2.310375 3.436925 1.309754 1.241204
1.54832 0.6947939 0.4974618 6.068202 1.529557
3.112905 3.433463 2.219685 1.989546 7.351162
1.149938 5.841743 7.213411 4.813427 2.038505
3.044327 1.77691 0.7373826 1.331472 2.024302
1.032794 5.062277 3.988068 1.929227 0.9796467
5.362762 0.7035193 0.4069688 1.434035 1.061588
0.7292146 0.908042 3.784993 6.926959 1.668635
0.4142325 2.213804 3.80974 1.626994 1.752636
0.8353752 0.6814236 1.518192 1.287757 1.759611
0.8426668 0.774205 1.47378 7.053803 1.979451
1.660885 0.2725017 1.338776 0.9347981 3.354405
3.995428 4.78891 1.746631 0.6057105 1.239503
3.790527 1.023987 0.4089612 0.3479101 2.160935
2.942161 6.655087 1.841201 0.8099008 0.5646451
5.948569 0.7373361 1.685174 5.382884 0.312639
4.560087 0.8611993 0.7771984 0.8556687 1.584272
2.823761 1.746253 0.5172304 1.84265 2.460417
1.838639 6.961922 0.7515702 1.399786 3.422622
1.870528 1.1498 0.5802048 2.344244 4.288751
2.319581 1.415293 0.8667276 3.643333 1.547774
1.780354 1.043046 2.4019 3.30937 2.945938
2.091324 1.353315 0.3520321 1.324557 4.544671
1.45376 1.781942 0.529183 3.502071 5.472622
1.467609 4.683161 2.928866 1.420749 2.316779
0.6586461 3.659866 2.999334 2.350725 3.875349
2.175145 0.3403545 1.245473 8.10801 0.8608617
2.197141 2.787183 3.193119 2.792037 3.320828
1.501747 4.634783 6.66521 0.8721634 0.7395635
1.492366 0.4888201 5.826958 0.6850348 2.031997
5.281558 0.78914 0.7055907 1.624297 1.559904
2.678116 0.30909 2.085038 2.687285 3.469419
1.071549 1.283487 1.483926 1.771415 1.918524
2.488903 0.3029328 1.896937 0.7303787 0.8079354
2.980861 5.568999 1.016049 1.325838 5.702158
2.395513 0.7396564 1.701961 1.501311 0.3479728
0.6959703 3.297878 4.965548 2.382894 5.146764
0.9581911 1.206999 1.075142 1.585083 7.585003
2.305315 1.815992 1.702239 1.167938 1.769423
0.3936815 4.717566 2.857709 1.98517 2.690153
0.9396936 2.48998 1.904804 2.856085 2.920818
0.6739381 0.327394 6.612726 1.161423 0.3486265
2.904438 1.980829 1.67855 3.704654 7.435911
0.3256404 1.823138 0.5022839 2.768145 0.3265635
5.007913 2.061166 3.092353 3.875639 4.496513
0.7105665 1.557775 1.186634 2.64257 0.7518653
1.031033 6.442739 0.8453729 3.584225 0.3455641
3.032931 5.185816 3.296238 4.789474 2.298213
1.411153 1.119294 0.5672237 3.925674 3.945169
1.820485 6.704046 4.593201 5.964177 1.536323
5.968381 1.93472 0.7391138 2.050479 1.823378
2.538222 0.8140361 2.994287 1.512151 1.639303
2.414054 3.066344 1.312907 1.629334 1.086651
0.8936138 2.299549 1.067775 1.120511 1.756957
2.480301 1.125078 2.18783 2.308826 0.4083703
3.794761 2.054162 1.275328 0.3529803 2.43128
0.7640352 1.223422 2.10712 2.303608 0.3649316
2.039382 0.9611733 3.624015 0.6796487 1.149945
0.8021094 0.4001781 0.7959333 3.963982 3.212952
0.4056363 1.030949 1.190045 2.785751 6.694777
0.3643825 4.459531 3.701898 5.035151 2.962257
1.505543 4.444473 4.462594 0.3604779 4.1853
2.112759 0.5615585 0.4917542 1.912319 2.805238
7.582174 1.593585 2.715719 1.658709 3.556178
2.246724 4.586069 2.431176 0.2995438 0.5785618
0.5426157 0.8900411 2.005159 1.693374 3.209466
2.040382 2.568424 1.0504 2.438905 1.901546
3.115201 1.789319 3.341944 0.8468368 2.853174
0.4696296 1.119922 1.395624 1.476963 1.447236
2.642656 1.324487 3.946684 2.52465 0.9988761
1.333289 2.135522 1.583526 1.246586 2.719223
0.781896 4.729307 2.530496 1.695842 3.121239
0.4724009 3.008817 1.876595 2.122425 1.114213
1.234015 1.263676 0.6242267 0.6394819 1.392344
1.956413 1.319537 3.079524 1.048718 0.5022114
2.116045 4.103282 0.3682525 1.733584 3.471303
1.000421 3.155887 2.057924 0.9325041 5.646943
0.353115 6.120604 4.012606 3.571126 2.341557
0.7488794 0.3143873 0.3988881 2.735981 0.5968433
2.623919 0.8069698 3.753667 0.5054318 1.970055
0.9108344 0.4493671 3.878222 0.6121108 3.961213
1.812937 0.8823317 0.6372776 0.5050428 3.272282
4.588493 1.714053 3.802982 1.791468 0.6573237
0.7992279 0.3987366 1.339405 2.456456 0.4752825
2.221246 1.338921 7.070977 2.257459 1.040257
6.123529 2.545837 4.718122 1.538041 2.650955
1.123845 2.259772 1.861538 2.948538 3.888595
1.614428 3.73909 1.765887 0.3114368 3.135585
1.271627 2.310733 1.220501 3.909917 0.3075276
2.505931 2.094571 0.6058201 0.7406922 2.098475
3.854202 1.941106 0.7206815 3.24505 1.818188
0.6755193 2.905997 3.245703 6.14395 2.940766
5.128987 4.586625 0.3848495 0.8167552 3.180094
2.617304 0.7124968 1.139178 1.66069 3.897011
2.654911 0.3773911 0.8027418 4.097161 0.7690327
4.134115 1.944776 0.9262973 0.902159 3.273025
0.4712737 1.765697 3.481357 1.645573 0.7097749
1.036693 1.168895 0.6648055 1.470923 2.488166
1.629802 1.067363 1.740391 2.476514 2.279876
2.671028 1.333872 1.079807 3.020336 0.5492078
5.898544 5.631609 0.5834884 1.789183 0.7480014
6.285513 2.653913 2.879399 1.498021 1.831429
4.340326 2.464126 5.912615 2.319172 1.089825
1.977742 2.048182 2.902817 1.513425 1.2482
1.264442 2.845613 1.635538 0.9868552 1.631588
5.988103 5.435881 0.3678323 4.110146 2.584068
0.4476561 0.4547614 0.6030374 0.6380384 2.071035
2.014116 3.054513 0.6187174 2.434358 2.038999
1.394439 0.5669932 0.8304448 4.450028 1.812327
3.340468 0.2712751 0.5635194 0.6355933 4.556284
4.086047 1.59968 0.3338214 1.184923 2.610316
2.17151 2.49943 1.467369 3.551459 2.483006
4.385275 1.886274 0.7969274 3.965333 4.472649
0.6947569 1.809365 3.614565 4.091641 5.443749
0.7466902 1.625402 7.316371 2.378969 3.060424
2.604172 5.759993 2.180691 0.4222357 1.643352
3.589579 0.5602735 2.366954 0.5550165 1.626055
1.229024 1.429511 1.765652 1.940798 0.6312668
1.571648 0.3453833 0.7675509 5.364507 0.4914004
0.4988781 8.109183 0.4374321 1.598716 1.302504
2.501597 1.646633 1.718076 1.036659 3.755931
2.036426 0.6033275 2.404112 0.9333615 3.733534
2.841082 4.95598 6.643386 0.6673802 4.860054
2.883908 1.635175 3.465392 1.488438 1.009934
2.321306 2.325242 2.564108 6.00823 1.934857
0.5019621 3.444348 1.398604 1.412701 4.093415
5.330309 5.545753 2.163041 1.524763 0.9779059
5.385798 7.811422 0.9501539 0.5403111 1.079823
0.897352 2.225064 2.264534 0.824786 0.3969994
1.049616 3.580215 1.887419 1.996194 1.16114
2.825748 2.682308 0.6104308 2.244808 0.6460127
0.3257207 0.5794399 1.450745 3.535356 2.75742
0.5112328 1.9211 0.3907097 3.320926 3.844771
1.58799 1.751975 2.0609 2.937447 1.043265
1.78874 2.623981 1.179789 1.284047 1.679472
8.123901 3.306203 2.932161 2.17246 2.161033
3.111684 2.56364 0.6506236 1.43372 1.100467
2.243963 2.414586 1.887493 1.419117 1.183255
0.4874463 1.008316 0.4438936 3.246482 1.837054
0.3740028 0.2769307 2.765179 1.06808 1.06413
1.848126 3.688225 2.671499 6.027193 0.8720673
2.234477 4.675777 8.118003 1.484509 3.513429
2.904975 1.290035 2.61505 2.401772 5.064859
1.241049 2.980713 0.6618434 1.652243 1.720485
1.820336 0.387011 3.760248 4.969061 0.8823244
4.709143 0.5064155 1.839613 2.567353 3.05265
1.407143 0.3100331 0.9885892 2.839632 3.015191
2.006595 1.01146 1.551218 2.493857 1.449169
4.361348 5.889151 1.572734 6.820408 2.475347
0.9793212 0.8043702 1.231658 1.318063 2.773661
2.132579 1.448081 2.442617 1.923274 3.633327
0.4483251 1.017211 5.060986 4.558182 2.163004
0.2803149 2.152833 1.704633 1.680872 1.285197
2.011666 0.791884 5.445711 2.003102 2.883651
2.408799 4.640789 2.124922 0.586364 1.976404
3.046471 1.752024 4.442264 1.720902 2.295677
0.4681621 0.3213466 0.6310934 2.523145 6.828146
4.290979 1.463199 0.2953485 1.156851 4.25314
0.9309495 0.983822 2.885544 0.4955851 1.322121
5.608416 3.585241 3.491206 1.717463 0.4097881
1.50355 7.894784 0.8582268 2.133625 2.644926
0.8465023 0.5615101 0.8147552 1.03677 1.374885
5.76838 3.482929 2.093402 4.852959 0.9970479
3.297355 2.103439 0.8805235 0.5699843 3.975216
4.713674 0.5044016 3.426146 1.183396 2.071917
0.2874049 2.945647 3.854877 1.073054 1.495361
3.564497 1.415659 1.494423 2.925979 2.600416
3.122663 1.698438 0.3682983 3.430494 1.28802
1.587091 0.4985489 0.3096749 7.710735 4.903074
0.6071848 1.855637 1.95128 3.190836 3.247801
2.273135 0.651089 1.099001 2.468921 3.059726
1.98201 1.028285 2.521226 4.076119 3.078991
2.582034 0.7252204 1.837986 0.8710022 0.4745851
4.967096 3.713716 2.271195 2.572145 4.421998
0.7279594 0.326059 3.078586 0.6934209 1.102493
1.35413 2.639494 0.6698128 4.30673 0.7747765
1.805122 0.4968469 1.398374 3.198754 0.5030171
2.201784 1.220519 0.8578507 4.236029 2.652706
1.777003 5.92118 1.545106 1.443918 0.9483737
2.812988 0.942065 0.5483681 1.077976 2.83976
1.721036 2.056425 1.05928 7.753172 1.750817
1.400647 5.898302 1.466235 1.298442 1.780518
3.053212 1.823831 1.379206 3.504583 0.6548843
2.871939 0.4497838 0.432341 0.8487992 5.990875
3.02626 2.162065 6.423351 0.4120154 0.5552125
2.108724 0.4154427 1.957815 3.88145 1.789956
0.3048807 3.599067 0.9867405 1.802166 1.970842
1.716348 7.083997 0.4686942 5.576423 1.843874
0.4589581 0.92834 4.918934 4.887697 2.005753
2.028357 3.772808 1.990562 6.377929 3.004586
1.084478 1.056183 2.142566 2.756096 2.816153
1.63947 2.815676 6.899244 2.487606 0.7932647
1.075653 2.037879 0.7860057 0.4278288 0.5368056
1.714257 1.398022 2.256102 0.4254732 1.869247
0.6194296 3.184715 1.536465 3.324615 1.37059
3.926387 1.466158 2.305457 4.47473 0.8514875
0.6014271 2.929956 1.070926 1.605179 0.4284088
2.023548 1.659343 0.7252444 0.3398728 6.464094
7.179192 1.354576 0.5003831 6.801639 2.015582
2.060109 1.001791 1.046534 2.786769 2.953186
1.946137 0.4829926 3.035591 0.3427758 0.3720782
0.347597 0.9278799 0.4929555 1.026541 2.638921
0.4471918 5.987425 5.032654 0.4426594 1.610664
1.803488 1.847335 6.679525 2.299392 0.3100287
1.159132 2.020989 0.6592558 2.717379 2.242667
1.928597 0.9638133 2.102555 1.711823 1.262109
1.87205 0.7034099 1.968206 0.305314 1.575425
1.538034 0.9061418 0.9539173 1.454884 1.700451
2.486758 2.001042 0.292924 1.269205 1.783591
0.4504387 0.3610789 0.5715173 3.133594 1.168495
1.836158 1.590488 0.7330658 1.772528 1.681033
3.601041 0.9180711 2.838586 3.004345 1.258061
3.808354 0.8784727 2.707617 1.768178 1.57076
0.6849542 1.897231 2.833712 0.5657499 0.7586828
1.415253 1.687498 1.858773 6.361228 1.670869
1.499621 2.525033 2.462978 5.950149 5.59051
0.3603984 1.049746 4.981081 3.885337 3.936733
1.824425 0.4621502 1.862998 0.9005485 4.444343
3.218303 4.476954 0.4276214 0.6532151 1.58503
0.9870878 2.124383 0.7618222 2.35335 2.094954
1.772947 2.024183 2.121956 0.4260653 2.408129
0.8240585 1.643042 1.818045 0.8721202 0.7467684
3.037342 3.967927 0.3088565 5.998822 2.619418
0.3224353 6.931864 2.973409 1.180456 0.3925282
0.6062955 1.759885 1.633111 1.162008 4.335636
3.084473 1.213627 1.388242 2.994746 1.669222
1.397789 2.780246 3.178788 2.660721 2.212744
0.5146196 2.718095 4.726136 1.055223 2.451923
2.408048 1.200629 4.049605 1.086163 0.6018209
3.506237 6.676663 5.821904 8.036776 8.002404
3.209978 2.764566 1.965018 1.506763 0.5328746
3.004013 0.5208307 1.451671 2.092662 0.7138734
4.816065 4.898887 2.123676 1.295384 0.3628719
1.53214 3.064028 2.391162 1.760279 1.586214
1.761264 1.668879 0.3249077 0.9504117 0.6589275
5.753464 3.26964 4.053958 0.9843667 0.5573289
0.4041483 3.203593 1.736456 2.262509 1.060613
5.22734 0.6795099 2.530136 0.9424368 1.095958
7.439506 2.424769 1.48431 6.419596 0.5511578
2.707615 2.121573 0.951303 0.4300282 0.9278688
1.304612 1.89426 0.3455807 1.299926 3.13788
2.018468 2.197314 3.532574 7.70996 3.012942
2.261589 5.937636 1.129101 1.171708 0.7971969
0.982903 1.682223 2.008436 0.7885381 3.981309
1.769314 1.876027 2.441393 2.625929 1.654446
2.655259 3.467155 3.188214 3.855018 4.019435
4.846531 0.980511 0.7193356 2.195787 1.296479
1.168902 6.985692 4.178933 2.901681 0.5276278
2.515401 1.540931 1.323753 6.711586 1.943718
1.005375 6.537995 2.216505 4.923518 1.006645
7.166732 6.864589 1.588111 3.574877 4.010095
1.062605 0.8633343 2.969403 3.134392 1.887367
0.7351335 1.401847 0.5026347 1.432398 1.396163
3.191078 1.237915 1.688617 0.7297869 2.752751
3.946727 0.5415439 0.4226565 0.4687923 0.4155155
1.895769 1.025123 1.11085 3.71889 2.71424
2.873942 1.56284 1.004299 1.834398 1.831785
1.062977 3.21978 0.5835034 7.724911 1.990733
1.272378 1.7271 5.091375 0.6789452 2.570956
2.343624 1.701515 0.6725586 3.562238 2.100423
2.280726 1.325162 0.6044126 1.499894 1.194394
2.138963 1.339069 1.445461 1.363442 5.692928
3.785823 5.619927 1.899385 1.556656 3.212405
1.748351 2.590767 1.328606 1.947714 0.3030375
2.839999 0.3646967 2.98945 1.736754 0.7995694
0.5858315 3.5528 0.7816777 1.179652 4.997738
1.231925 6.249954 3.821788 1.736848 0.9190466
1.796028 2.249919 1.071471 1.024513 7.193209
1.52334 1.372607 2.541084 1.207979 2.242983
1.213888 2.950649 0.8745114 0.6211997 1.902242
2.741793 6.33006 2.782086 1.878061 2.813719
1.34368 2.373437 0.5609021 0.5075753 0.5713199
3.377558 0.9062193 0.3730505 0.8064967 0.6211955
5.812709 3.850361 0.5992232 4.24274 0.996754
4.317673 1.813593 3.578125 2.324068 1.968522
0.3676588 1.739779 1.734003 4.231444 6.39094
0.9713025 1.781339 1.987628 2.158155 2.700281
3.054951 1.241089 1.827035 3.491117 0.6401729
1.875036 1.736887 2.002335 1.548039 3.919258
1.584635 5.781422 2.493619 0.5381157 6.571957
0.7013469 1.464026 3.794916 0.4134183 2.212791
0.7553738 3.679106 1.519258 1.995757 1.945911
0.4074975 4.832151 2.71238 1.579666 3.704922
4.314039 1.936621 1.293195 1.43085 2.162615
3.135495 0.8641921 3.799531 3.692859 1.1797
1.940889 3.108217 0.6734611 2.090052 1.072103
1.109557 3.721033 1.575727 1.988575 5.285942
4.680566 5.673512 0.329019 5.039375 5.106671
0.409805 0.8810245 0.8606881 2.265273 1.567226
0.531145 2.105575 1.220166 0.9304576 0.8791685
1.376233 1.590321 2.987988 1.665593 2.972984
1.251402 1.813186 4.231308 1.498436 1.881111
1.061126 0.8662701 5.631028 3.952915 0.4064845
1.269046 2.628923 1.06918 4.539875 0.4733041
2.065998 2.000459 2.628226 1.16334 3.875085
0.8682129 2.453987 2.064418 1.478735 1.683903
2.944358 0.8955401 1.158872 2.028291 1.485866
0.5975294 1.378059 0.6705137 4.047362 3.552184
2.642611 0.6361835 0.7386377 2.327899 2.713208
2.090857 1.469536 4.615782 1.125552 2.807703
1.981046 0.6511287 2.984349 0.5622956 5.36663
3.591075 5.304501 0.4495774 1.926598 1.965432
4.087765 2.005574 1.935955 0.607135 0.7492152
1.023221 1.360879 2.302911 2.842835 3.753
2.146911 1.446766 1.861418 2.606566 2.855047
1.724638 0.3226766 2.726401 1.783784 1.024935
0.5065242 1.005051 0.2759817 7.961438 0.4710461
1.157275 1.028209 2.08931 0.7724056 1.794535
3.508906 2.488632 0.5410374 0.7938946 3.770995
1.207719 6.791446 1.47007 0.5434612 1.058546
4.681474 3.254084 1.698126 3.601635 5.49031
3.693195 2.682685 1.705283 4.962384 1.024473
1.440371 3.485404 1.753976 4.155317 0.3322958
2.383171 0.5242589 0.6432569 0.3274006 1.668567
0.8946577 5.461227 3.359879 1.701167 2.756339
3.510939 2.385475 4.298755 0.4793191 2.322536
2.367759 2.590858 5.586726 2.791766 1.461055
2.445254 0.8621624 1.89441 0.5809758 1.549762
2.077938 1.576829 1.668158 0.5452239 2.785313
3.951923 2.007889 1.423098 0.624584 4.522667
1.13261 0.8874169 2.072533 0.7269737 1.289892
0.6717373 0.5105918 1.224229 1.718797 0.8623569
3.652466 4.269613 2.10087 3.354987 0.4009246
3.229183 4.555876 0.5328154 1.339241 1.766006
4.783498 4.357054 0.6210357 1.746878 0.7386715
6.12832 1.87745 2.288291 3.788966 1.124452
3.457512 2.470473 0.6377917 2.83575 1.033919
1.554555 0.5800376 0.303128 1.398162 0.6825961
0.5261261 0.6813585 2.667554 1.408639 0.6122519
3.869402 0.8815824 1.376781 2.262426 4.728808
5.389114 2.513848 2.836147 3.46504 0.6800157
1.658993 6.006316 0.9096363 7.536384 1.985144
1.608873 1.344206 1.992512 0.7593792 0.527507
1.555128 3.918586 3.19905 2.830469 1.636777
1.920033 2.175759 0.3211354 2.271914 3.652414
0.9056034 4.730124 3.266359 1.220318 3.002563
1.686059 0.9297907 1.109079 2.114214 4.341115
4.091945 3.458014 0.5206352 3.775707 1.064377
1.343603 1.016474 5.467568 1.01864 2.118545
1.424304 0.9654535 2.085444 0.4506055 0.9305585
3.177916 2.179486 4.17489 0.9461807 0.6297361
2.807804 1.144362 2.703979 2.047574 1.591084
2.244733 0.6853169 2.762708 0.3608903 0.6755775
4.144042 2.17904 3.917022 0.8094221 1.289781
2.486439 7.550681 0.4475127 1.749595 6.151211
0.7764556 0.8169892 1.336745 5.180204 0.9229864
0.904161 0.4111854 0.936426 1.864153 3.232458
3.641708 1.53434 1.612341 0.905603 1.334027
1.619572 1.801167 0.8721415 3.990574 1.488662
1.782065 0.547721 5.344846 4.184655 1.842602
2.545983 2.399583 4.531886 2.189703 2.535183
0.8535929 0.3553005 2.452353 4.371205 3.195562
3.03125 0.4724917 1.826885 3.650689 1.664089
1.826383 3.800812 0.4453915 1.504023 3.554323
1.285288 0.3524162 2.267278 1.245722 1.069204
1.196832 2.060695 7.21093 2.311385 0.5957722
3.777855 1.44314 1.646644 0.9304906 0.6991118
1.11286 0.5333686 1.100516 1.010678 1.30624
1.674114 2.31657 4.482171 0.5666281 4.729248
1.297389 1.390662 3.854483 2.147358 2.880436
0.8791367 0.3860745 1.470701 3.40261 0.3149875
0.8242689 2.063635 1.135992 4.996132 2.972888
5.424164 5.622055 0.7408479 2.58389 2.643078
4.200784 1.678961 7.013137 3.533066 4.791547
4.865671 1.75085 2.354751 0.2825567 0.757432
2.162786 1.087015 1.266412 6.112374 1.987471
0.8053691 5.00177 6.114603 0.6277765 5.616165
2.792003 6.376526 1.737562 1.385251 1.423665
2.523501 3.630571 3.224456 4.791092 0.5065073
0.3311606 0.2946584 2.382885 6.142161 3.352826
0.9481422 1.857526 4.441923 0.2717586 0.6022074
0.8285488 2.875377 3.038568 1.384851 0.2969407
1.733274 2.728326 1.055633 0.7240058 0.7679847
4.662628 0.8220724 0.4772709 1.385461 1.78107
1.906167 2.699628 0.4318492 1.452543 1.933203
0.6460055 1.970919 0.8202887 2.622567 3.656149
1.151988 3.512984 0.7665062 1.130244 3.964006
1.801105 4.040305 1.279709 3.435178 2.205409
2.063535 2.553935 0.8749871 1.544618 6.3008
0.6591046 1.927129 8.105537 0.4519994 4.485127
3.95661 5.313193 1.03668 0.4904444 1.121439
0.8136903 2.001065 0.9749556 1.353269 0.8498766
2.274671 1.558174 1.516644 0.3800896 0.8187812
0.3307335 0.9030312 0.3584927 3.801159 0.9930795
0.5824473 4.725871 2.955536 0.3549817 2.615345
1.070063 2.278853 2.474902 4.555833 1.71366
5.747665 6.592705 0.4049945 2.354415 3.915987
0.7618117 3.249041 0.3768786 1.662746 3.429497
2.61996 1.866791 0.4255519 1.124688 1.36268
1.450962 0.9028592 1.971323 2.681449 2.021556
4.645316 1.388641 0.2907803 0.709823 0.2730802
1.397594 1.08394 3.911909 2.469962 1.424577
1.303778 1.120397 2.153097 1.760698 2.344475
0.429171 2.507309 1.608409 0.9856811 0.8422976
4.305036 0.6942247 2.779857 2.020005 2.599726
1.139128 5.804538 4.795002 0.7974794 1.627888
1.850464 2.853679 1.377479 1.222682 2.942213
1.761884 4.377455 2.720604 0.3391803 2.312245
0.5688174 2.020279 0.7402519 3.164908 2.811972
1.412665 0.2760953 1.074379 0.4915366 2.23156
3.050273 1.253947 2.085011 1.508841 7.636327
1.299118 1.823643 7.222481 1.341988 0.2841096
5.856179 1.336671 2.641461 4.254151 1.049253
0.4067349 2.910501 1.578631 1.738846 3.980014
4.057803 2.055013 2.790811 1.532277 1.19989
6.464566 1.081803 1.955634 0.3663112 2.107056
2.402332 3.147662 0.3905621 1.405471 3.883062
3.56728 3.631335 1.46992 5.280156 0.805638
0.6349575 4.927024 2.065505 0.278432 3.000832
3.489067 0.3042375 3.008393 0.8305113 1.371023
3.542856 3.888833 7.369236 0.9693963 0.8689918
0.803509 2.565869 4.580124 2.656424 2.644628
1.861897 3.160272 1.231597 1.582219 2.690444
0.282464 5.144416 1.043989 1.801686 2.367804
2.931256 1.912729 1.643738 2.628468 1.502318
0.3350272 1.608306 2.678103 0.8969062 1.591601
0.4471182 0.6471854 2.38747 1.466801 2.064062
2.171824 3.857235 0.7965924 5.746502 4.708865
0.4780896 2.509679 6.93725 0.9716933 0.6397459
0.8266012 5.150413 0.3062967 1.908862 2.196656
0.4717385 7.462544 1.804522 0.5955659 0.4925162
2.910688 6.287546 3.83474 1.548991 0.6635961
1.304323 1.616911 1.362714 3.800029 0.9068803
2.831643 1.61015 1.209229 4.345925 1.668377
1.70377 0.3356902 2.236319 2.90159 2.711338
0.9103859 1.55853 0.2827871 1.712484 0.4133735
1.580576 2.556107 5.248677 3.613538 1.23302
1.89545 2.305655 3.207104 0.2986377 4.74857
0.7991156 2.284103 1.28886 2.207306 0.3388201
0.4515296 2.581185 0.2900044 0.9329214 1.033381
1.253381 2.700283 0.8021166 4.47246 0.4996283
1.229816 1.7147 1.915746 2.120205 1.26337
1.574509 2.725958 4.272546 4.436936 1.621581
1.257442 2.432446 5.227491 0.4414464 0.9339455
0.9456049 0.9325008 0.9594935 2.332985 1.375661
5.864097 3.148178 1.328634 1.305952 0.3391589
7.384354 1.968723 4.161195 1.622929 4.207073
6.917824 2.622934 0.9179829 4.441771 0.4752393
1.032939 1.494716 2.611487 1.082911 3.01997
2.511385 3.808006 2.320607 0.5442732 1.095527
2.013802 0.5888209 1.99957 1.590675 3.871262
0.6741707 0.552435 1.820279 2.395784 5.148114
0.6751373 5.188058 3.605615 0.8630818 1.825674
2.027508 2.375282 0.6511628 0.3079603 0.389283
3.339902 0.8968275 2.562419 3.354876 2.528689
0.8273079 1.314238 0.5634845 0.5404482 0.2962909
1.109183 2.647071 1.292786 1.064316 0.3893387
1.034413 0.8598695 2.313544 0.7414456 5.357819
3.333596 0.5942341 2.205183 6.514007 1.653396
2.324265 3.594716 0.5543208 3.442369 5.683805
1.148327 3.285051 0.5791189 1.75649 3.253885
1.257584 0.4474454 3.356997 1.475213 3.515945
5.794454 3.263987 0.7615324 4.108213 1.4112
2.346614 1.861613 0.6485479 0.3580856 1.880021
2.008904 2.445271 2.302656 0.6236858 7.785192
2.399878 3.76146 2.591066 2.467136 1.142056
2.170348 1.888969 0.8832872 2.664301 1.125534
0.8056148 0.7980196 0.782622 7.150488 0.6709887
1.180493 2.724027 2.424162 0.522429 1.644062
2.29139 3.868794 1.12408 3.558659 0.4396828
2.310936 1.709433 2.096992 0.5460536 3.487754
3.305677 1.984921 0.7510849 1.193523 1.180493
1.417965 1.628422 3.091083 3.346094 1.814727
0.5314253 4.542467 0.3266186 0.8271214 0.9061856
1.460388 0.9625126 4.969388 1.966637 2.948717
2.58809 4.418377 3.970064 1.040709 6.676945
2.985446 0.6512302 2.259892 1.004862 1.892605
1.531828 2.896591 1.875969 1.167972 5.212278
2.234652 2.869726 6.480587 0.2941944 1.018667
7.000215 1.030725 1.997662 2.161531 3.906975
2.299231 1.384469 0.8483312 0.7531692 0.7976263
2.938651 3.433063 2.168249 2.082125 1.764105
0.9454272 3.0181 1.937588 0.304473 5.238621
3.274138 4.265171 0.7751907 2.214094 2.589377
3.58774 1.395038 1.253825 2.663157 0.3407301
0.6347822 1.799882 3.205965 2.501511 4.893533
5.78245 2.079468 2.562715 1.791326 0.5372265
0.3118973 2.359199 1.194376 6.285805 0.5049365
0.703659 0.8008358 0.3064856 1.203559 2.782318
0.3584739 1.874583 1.803535 1.086929 0.5722334
2.183861 2.439523 0.3578009 3.791005 0.9311622
1.167029 2.235272 0.6152769 3.929401 0.3023469
1.504154 4.370861 3.096236 1.055908 1.452716
2.037731 1.861053 3.367201 1.933327 5.360598
0.7033583 1.850849 2.992096 0.8514741 2.564173
1.236437 1.26379 4.295778 0.4799446 0.2861534
5.726556 0.9521588 1.815863 1.804465 0.7708203
1.692455 1.396197 1.024131 0.3122285 0.6311264
1.304603 0.3262042 2.225814 3.197822 2.837671
0.3205258 0.4785424 1.986132 1.335642 1.391506
3.327017 2.781707 1.877409 3.531718 1.344971
0.6126295 6.429862 1.012919 5.212346 0.7251258
0.6428533 4.616297 2.945102 1.724153 0.5308812
2.147935 1.6963 2.302379 4.280213 2.365022
1.01736 2.770106 0.679047 2.252367 3.490833
1.356735 0.4224767 1.76441 1.602387 0.6414509
1.487607 1.069703 0.9346401 0.3814274 1.141495
2.558127 3.111868 6.884309 1.034168 3.939253
7.196472 2.052703 6.461156 1.757327 1.181205
2.299828 7.793303 0.5494699 2.285595 1.591469
7.757028 6.650748 3.63518 4.8676 0.9755948
2.940256 1.451941 0.986376 4.338244 5.401717
4.576726 2.588124 1.494362 1.78224 0.9790435
5.710346 0.8634688 8.110079 0.565885 2.295981
3.222573 4.322168 1.05268 2.659448 2.337905
1.547115 4.128255 1.246823 3.853337 0.9819108
5.036206 1.40017 2.794443 1.109782 0.4497658
6.987042 3.087784 3.843965 5.647318 5.431482
1.926256 5.395654 1.638501 1.92093 2.705315
0.6966739 2.63858 3.032989 2.629464 2.083703
2.53054 0.4759511 0.513813 2.258032 2.037773
1.677056 1.084168 0.5924017 0.9894306 0.6041342
0.3003228 2.900174 0.4700743 0.5463071 4.32622
1.078592 1.980113 2.373354 1.748696 2.035144
4.126635 0.4963186 1.811098 2.327325 0.9293111
0.8404262 1.176756 0.4630076 2.645453 0.999899
1.266263 0.4217903 0.4146054 2.355444 4.197605
2.015253 1.95247 2.860155 0.6789933 2.122642
1.46977 2.192255 0.8822534 0.7541598 3.161374
6.090518 1.570541 4.849926 0.3037793 1.982472
5.770449 1.819754 4.767839 2.730288 1.551249
3.005925 1.056042 0.2747159 1.886022 1.208342
2.491958 1.608293 3.320197 1.661463 0.888693
2.169582 3.503179 4.789504 3.986151 1.645576
1.355318 0.4090867 2.173807 1.496038 2.34835
0.7556645 1.437993 0.5738245 1.404292 1.020236
4.197104 0.6157317 2.768982 1.945128 3.1477
1.046205 2.268251 2.886822 4.044901 2.245799
0.4129729 2.169863 2.628593 0.7536947 2.104358
4.911685 1.611334 2.265954 2.275719 3.981233
0.9525285 1.54414 1.346483 5.966301 0.7753168
3.193235 0.6936524 1.793012 1.010161 1.409072
3.963271 1.386284 3.29527 1.166068 3.060776
0.8195961 2.516251 1.572333 2.497745 3.873309
0.5263302 2.003118 0.6939407 1.550063 2.095526
0.3845676 3.061916 1.658327 1.869438 1.384632
1.114525 2.384342 1.174026 2.909864 0.4929433
1.732206 2.958911 1.547969 1.409926 4.016085
5.228828 6.784027 2.524255 6.409117 1.129076
1.590242 1.477029 2.863822 1.128469 1.43257
1.63545 0.319917 1.431324 0.4628208 3.595978
0.9333108 2.768729 1.736592 3.625107 7.208676
1.546212 1.487141 1.613881 5.283545 4.867828
1.206776 4.693389 1.745235 1.153349 0.6824392
0.3898804 0.7511582 3.785854 6.124327 0.9145613
0.3994484 4.256766 1.789437 0.6882122 5.990522
1.852785 0.5868588 4.435016 1.836959 2.235777
1.71084 0.3439082 0.9187625 0.9215387 1.000871
2.57085 1.395031 3.445587 3.290346 3.663761
1.24385 1.685283 3.110675 6.390697 0.8754524
3.179253 3.087617 0.5707369 1.752811 2.579197
1.830191 4.574043 1.081867 0.9020176 0.3229899
0.5009251 2.231847 0.4800889 4.396793 1.663873
3.21501 1.981012 1.355003 3.531935 1.326303
1.781176 1.162951 1.057447 1.423738 0.3163449
3.837546 2.486286 7.371068 1.933381 1.011774
2.031348 4.13798 3.008273 1.066621 0.8001818
4.336067 6.834847 1.1995 1.039538 0.2987891
1.096429 2.381393 1.544576 0.6207462 4.239182
2.908287 0.6873866 1.53185 1.76667 2.239226
1.07383 4.171985 3.666396 5.526768 1.223756
3.450648 0.4230396 1.10854 0.335674 4.235892
2.462653 2.744111 0.6827656 1.460038 1.623161
1.75 7.851271 2.831118 1.896745 2.686496
1.87839 4.321861 1.03168 0.7852196 0.8849319
1.452227 0.3550189 2.494502 2.388903 0.6661615
0.4721134 4.877001 1.691616 0.653528 0.7442471
1.735825 4.717986 0.9191462 2.803536 0.3182975
2.709441 5.012863 3.058523 1.283166 1.279883
2.45512 1.646484 5.579955 6.377789 2.787808
4.646365 2.556575 2.053938 1.641248 2.850816
1.426662 1.00028 1.912899 4.104661 0.7511791
1.972089 0.8887432 1.41255 3.538116 6.291459
1.637871 1.475372 4.166868 2.752273 1.790796
1.144525 0.7451529 2.026338 0.8348592 1.54379
1.683788 2.084847 4.485641 1.445494 3.827434
4.206709 2.065724 5.827484 2.566319 5.098006
1.266802 1.526749 2.693937 5.514921 2.944023
1.502952 1.819359 3.76387 1.239534 2.469276
7.643372 1.885756 3.515312 4.498912 0.4867911
1.380298 0.7926162 3.234609 0.4915927 1.717106
0.4131105 0.6960572 1.886725 1.833526 3.031787
2.127182 1.17032 1.000208 2.883073 6.030394
0.8712197 2.575298 5.448425 0.74341 7.337351
0.6380488 1.114823 3.875341 5.705874 0.6917141
2.392326 5.841442 2.419948 0.8751902 2.010546
1.76009 0.8039691 1.356527 1.36175 2.560646
0.3243997 1.494822 3.604762 1.815338 4.560881
0.3907805 1.966418 1.490102 1.713372 4.638747
2.86944 1.366458 0.8159479 6.253692 3.5691
1.469205 1.451892 1.150174 3.414884 1.466065
1.099564 3.745442 2.825233 4.660785 1.753448
0.4554575 2.71075 2.453479 1.444529 2.752667
2.685543 0.5911421 1.323475 1.897507 3.393747
1.179454 1.7222 0.7369728 2.161262 0.7910622
2.156603 0.6956855 3.17956 3.925586 2.139937
0.5798192 0.979807 0.3626176 0.9995322 3.960437
6.314108 2.45963 0.9905904 6.845725 1.892823
1.281253 1.994816 1.92741 0.8643633 4.363988
1.591594 1.315749 3.709696 2.610099 0.5030732
1.608177 0.3000616 1.520172 3.681315 2.877887
1.537779 5.502778 1.595065 2.681838 2.261439
1.112916 1.09027 2.692728 0.3085798 3.024378
4.559197 1.374403 0.4585642 2.665015 1.040283
1.184366 2.64753 3.86057 1.562673 0.948846
2.329694 2.079097 3.522865 4.454617 0.8707862
0.8435486 0.5832755 3.201978 1.961504 1.540474
2.291771 2.284918 3.971531 0.4537617 1.264324
3.508874 0.4541598 0.480915 6.340611 2.160656
0.9776876 2.016592 0.3493747 1.995942 2.378578
1.206196 3.954833 1.350104 2.517948 1.330733
2.779612 3.998315 0.6051918 1.143291 1.649247
1.089617 1.953406 1.372293 4.952699 0.6307735
1.055746 2.254745 2.634758 1.677417 1.206851
1.433139 3.187386
