19.15943 24 24 21.8884 24
24 18.63081 22.27042 24 24
24 19.46979 24 24 19.2416
24 18.604 24 24 24
22.76743 24 22.2586 16.1607 21.76192
21.66855 21.17692 19.31022 24 16.11751
17.64281 24 19.73059 17.90779 24
24 18.86847 13.15567 14.94161 24
24 24 20.96627 19.58738 24
24 24 12.8311 24 19.21256
24 24 24 24 17.08616
24 24 16.70271 19.57829 24
15.27894 16.50945 19.98568 18.5711 19.66449
24 16.01772 24 20.835 24
24 24 24 24 21.88003
24 12.803 21.6034 24 11.8731
24 11.38244 24 24 24
24 14.76932 22.29935 24 20.92464
18.38556 15.48241 24 24 24
24 20.33764 24 21.20908 24
19.55107 24 12.30204 24 24
24 24 24 24 24
16.58928 22.24498 23.31301 24 22.67946
24 22.06401 24 24 24
15.8411 21.61186 18.53444 24 16.54126
17.34871 24 22.14536 24 17.5339
15.46158 20.88271 24 24 24
17.98962 22.67647 13.69732 24 20.67766
24 24 24 20.40433 18.7748
24 24 24 24 17.14451
17.12337 24 14.45437 20.78114 24
24 24 24 24 24
24 24 16.09498 24 20.95468
24 20.57617 24 24 24
24 20.20539 24 15.34869 16.57761
24 17.93561 14.34268 24 24
24 24 24 14.31977 18.69162
24 24 24 24 19.28684
21.09334 20.70985 24 19.68765 24
18.84803 16.29448 24 24 12.59078
20.9573 23.17411 24 24 14.59978
24 18.51226 24 17.79337 21.9089
24 18.59107 24 24 24
19.77415 19.99389 24 22.828 24
24 22.60455 24 24 24
24 24 24 20.08627 20.43904
21.88843 20.95069 24 24 19.50482
18.77069 24 24 20.93114 20.15129
19.61231 24 24 21.38731 22.34838
18.98506 22.34494 21.78101 23.13887 23.03894
24 24 19.30517 15.77465 24
21.30586 21.72815 24 24 21.70382
15.30064 20.0814 24 24 18.36223
24 18.68766 19.4172 21.2139 24
24 24 20.41385 21.94661 24
18.19288 17.90284 24 24 19.98249
20.65048 24 16.75402 12.51172 24
17.74623 17.57979 24 20.17878 24
11.24151 24 24 24 24
21.82247 17.00186 24 24 20.09269
11.1201 22.63078 15.46122 18.7616 21.3415
24 24 24 24 20.7234
24 22.52495 19.43013 17.87492 24
22.67108 24 24 24 24
23.30146 21.49487 24 22.45103 20.66752
21.8174 20.40027 24 24 24
24 22.66663 24 19.30576 24
20.73599 24 24 22.65441 22.01575
16.80988 20.86308 24 24 24
19.37056 24 24 24 19.64032
23.067 22.36781 24 21.924 24
24 16.77616 24 24 24
22.05036 17.12988 24 24 24
24 19.8556 24 24 20.56392
24 24 24 24 17.77659
20.10409 24 17.18544 14.1246 19.88356
24 24 16.55227 24 24
24 24 24 24 19.37757
13.02234 24 24 23.00788 24
21.68066 21.13685 24 24 24
24 19.36238 18.21558 24 24
16.72499 24 24 24 16.57173
19.91034 18.9264 24 24 21.97894
24 21.89595 16.15047 23.28576 17.79456
19.47294 24 18.10349 24 24
24 16.84879 24 24 19.86491
18.58423 24 24 24 18.02718
24 16.74035 24 20.81432 19.79812
24 24 24 19.5609 24
24 24 24 12.71781 24
20.44066 19.08654 24 18.31746 24
24 24 18.36883 20.04058 14.74842
24 24 24 24 18.95398
24 21.25327 21.54099 24 19.53716
16.1767 21.0618 24 13.48831 19.48139
24 24 24 24 24
22.75666 19.47204 24 24 24
11.80114 21.24962 24 24 24
24 12.1876 24 24 24
24 24 20.30277 22.58206 24
24 24 24 12.57197 19.72207
18.36849 24 21.3927 16.78922 24
24 24 24 24 24
24 18.94211 24 24 24
11.16935 12.29849 11.3204 15.80955 19.02255
24 20.67255 17.50726 24 20.37643
24 24 24 24 24
20.03088 24 16.64985 24 20.17197
22.50595 16.83647 20.72747 24 24
22.52889 13.94492 20.98915 24 24
22.36486 24 24 24 24
21.66366 13.38236 15.05217 24 24
19.78435 24 24 21.73251 20.61063
20.12641 18.33117 24 18.31324 24
24 22.06293 18.3532 24 24
24 23.18823 24 24 20.55193
20.5335 19.35063 20.45851 24 24
21.53851 24 20.53918 24 24
24 24 21.12893 22.84494 24
24 20.54135 16.71322 20.90525 19.63775
24 23.09676 14.59428 24 24
18.85784 24 24 22.04326 24
24 24 14.13637 24 24
22.36299 20.18936 24 24 24
24 24 24 24 24
19.73535 21.90647 22.55259 24 14.0404
24 24 9.99195 17.23132 24
24 24 20.37841 15.38213 22.03213
24 24 24 24 24
24 21.89065 24 22.6936 14.6527
14.2279 24 20.79056 21.1895 24
24 16.0818 24 24 24
24 24 13.64305 12.27249 21.99148
24 24 14.4031 16.387 24
21.41566 24 24 24 24
24 20.44057 24 24 24
24 24 20.90958 21.36983 24
20.02846 24 19.60178 18.87388 13.53654
24 24 23.18449 24 24
16.59577 24 24 24 24
24 24 20.98015 13.97185 24
24 23.17174 24 24 24
24 24 21.44796 24 19.27033
17.34815 18.73649 24 24 24
22.69028 22.13066 16.0313 24 24
24 24 16.04334 16.88091 24
24 18.82129 19.89845 18.65467 21.25411
24 24 24 24 21.73424
24 24 24 14.49056 19.05016
24 24 24 24 17.07411
24 21.18025 11.20178 21.43678 19.54829
24 9.73941 24 17.07411 13.07065
24 19.49118 24 24 15.76198
24 24 24 24 24
21.54242 24 22.52047 24 24
18.52221 24 24 24 22.8196
24 24 21.69963 19.12369 16.23028
17.61501 24 24 18.70824 19.44401
24 24 24 19.36221 16.67168
24 13.92333 21.13184 24 24
24 24 11.41435 24 21.76102
24 24 23.2437 24 12.05457
24 20.51505 24 19.92082 18.96061
24 24 15.7305 24 12.94535
24 24 24 19.35279 17.78127
13.82395 24 24 24 18.70043
24 24 17.79703 24 24
24 20.85694 24 24 24
22.35398 24 20.4939 13.96011 22.10232
24 24 24 24 24
12.14445 15.85472 21.06246 24 18.83825
24 20.10867 24 24 24
19.00701 24 18.75715 21.44137 24
16.07074 11.22336 12.02617 24 24
24 24 17.01287 24 17.34005
24 24 24 21.11393 16.31716
12.41139 21.79717 24 24 24
24 24 24 24 24
15.64861 24 24 24 24
24 24 14.01774 18.88605 17.52944
13.78567 17.95035 24 18.43602 24
24 17.65716 21.47215 21.9979 24
15.66123 24 21.76594 24 20.05235
24 24 23.27391 19.98338 24
24 22.39445 21.69912 24 19.2005
17.35963 24 24 24 24
24 23.26366 24 12.53223 24
24 15.85312 14.03319 24 23.11108
24 24 24 24 24
19.87123 23.26365 24 12.19375 17.85348
24 20.0438 15.70511 22.1228 16.6813
24 24 20.6742 23.12057 22.04349
24 24 24 21.41886 24
20.7889 24 24 24 24
17.70457 24 24 24 22.13119
16.12715 24 24 22.67483 24
24 24 24 24 24
21.84453 21.28613 24 24 24
22.43899 24 22.81086 21.84538 18.42452
19.98674 24 17.81688 24 16.62069
24 24 17.06102 20.55736 13.17437
24 24 24 24 17.75792
18.24126 24 24 24 22.97804
24 21.63171 22.96539 22.02834 24
24 24 24 16.9107 17.26663
24 18.52072 21.06768 24 21.49907
24 16.2644 24 24 24
15.9405 24 24 24 19.22141
24 24 24 23.02131 24
24 16.62276 24 24 24
20.58985 24 14.74714 24 24
15.60223 20.71518 24 20.18928 24
18.86091 24 22.14154 24 12.29958
24 24 24 19.08495 15.62253
24 15.60174 24 24 24
24 10.99174 19.18259 19.52505 10.19305
24 21.14319 24 24 24
24 22.3224 24 15.5454 22.7368
19.48489 15.14315 21.16064 24 24
17.91567 21.38305 22.0643 24 24
14.70566 24 24 19.89236 17.61802
24 24 24 24 24
24 24 20.93234 24 15.37631
22.44779 23.00981 15.49759 15.58034 24
22.99656 24 9.241805 24 20.82682
24 12.84157 24 24 20.4063
20.63862 24 24 18.56274 24
24 21.78962 20.51432 22.98857 21.37254
21.39519 22.52382 21.84119 24 24
24 20.25002 24 24 24
24 24 17.97237 18.38164 24
24 24 14.47923 24 24
23.07037 24 21.81192 24 24
24 16.36533 22.89482 24 21.01944
18.369 24 13.49244 24 22.75902
11.88861 15.79346 24 22.51006 13.25753
24 22.30988 24 24 24
24 23.23855 24 24 24
24 21.74736 24 12.11714 24
12.58672 21.90523 24 23.08437 24
24 24 24 19.23491 24
22.63164 21.48354 24 20.58512 12.97626
24 24 24 24 16.33657
24 24 19.61264 20.29369 24
24 20.60563 22.17272 20.75813 24
24 24 21.47149 19.71218 18.63766
15.70248 14.45606 17.58254 21.47619 24
24 14.84141 24 24 24
24 18.88989 24 22.23948 24
24 24 7.922492 24 24
12.09959 13.85633 24 20.30465 24
18.68672 23.07185 24 24 24
24 24 20.26395 24 24
24 23.13628 24 24 24
22.53994 24 24 24 24
24 24 24 24 22.05794
24 12.16236 18.38934 17.13768 24
24 24 24 11.5761 24
24 24 11.23534 11.7374 19.64147
24 24 21.56606 24 24
19.62555 19.99446 21.37764 10.59382 24
17.87638 22.85148 24 24 24
18.88321 24 15.30082 22.3579 24
24 19.15632 24 24 24
21.93947 18.39895 24 24 24
24 24 20.5018 18.8587 20.49744
15.12766 24 24 24 24
18.73854 24 24 24 18.16622
24 24 20.01072 24 24
24 14.50619 21.06661 20.51715 18.4664
16.97944 20.85521 15.76494 24 24
19.7642 21.10723 21.60915 15.98565 17.30401
22.95193 24 21.65758 24 17.35254
23.1777 24 24 18.42926 24
24 16.13007 22.56987 24 24
24 24 16.46907 24 24
24 19.62351 24 24 13.24524
24 24 24 14.47085 22.21739
24 24 24 24 24
24 22.25964 24 24 20.06065
24 17.4728 18.08673 21.37369 24
24 20.57455 24 24 24
24 24 22.56429 24 19.84002
24 20.97504 24 24 24
18.82056 13.51213 24 15.34595 24
24 20.21172 24 24 22.48294
21.74731 24 23.40483 24 20.33973
9.404142 16.50174 10.24258 24 24
24 15.25099 22.53329 24 22.18463
15.23051 24 14.43024 24 24
24 22.48579 18.25322 18.95348 24
20.73136 24 24 21.51173 24
24 24 21.54711 24 19.35663
24 24 24 24 14.66649
24 24 24 24 24
24 24 16.15344 24 24
24 24 24 20.52212 11.45119
24 17.56023 20.07304 24 10.71504
24 24 24 21.64474 18.22661
22.44292 24 19.04777 24 16.74918
20.09776 24 21.23393 24 24
13.88518 20.5124 24 24 24
24 24 20.03443 20.22525 24
24 24 22.78716 24 13.35544
24 17.9208 24 17.35894 18.72851
24 24 13.67724 24 18.54031
24 24 24 24 24
20.40694 24 21.93463 24 19.4502
18.93071 24 20.72669 15.96931 20.83166
24 24 24 24 24
24 24 24 18.99789 24
24 19.88998 19.74635 17.279 18.14123
20.86433 24 20.3849 24 17.80925
24 22.92495 22.90637 24 24
24 22.92055 18.05887 22.11533 19.47923
24 24 16.91075 18.0477 21.81643
24 22.87169 19.06534 24 24
19.21484 19.93766 21.33925 24 22.10114
24 24 24 24 21.76831
24 16.73987 22.54195 24 24
24 18.55073 24 21.17017 21.34723
22.13251 22.76613 22.19711 22.02794 17.47797
15.95146 20.52307 24 24 20.96794
24 24 24 18.63797 24
24 24 24 19.53694 22.47371
20.29373 24 24 21.73057 24
18.45331 19.55495 24 18.26982 23.03403
24 24 24 24 10.13364
17.22403 24 21.38329 24 24
24 24 24 20.20472 24
24 19.43999 20.14384 24 18.09874
24 12.64992 18.79455 18.93278 24
24 21.79692 20.58532 24 22.70559
18.24072 24 18.77417 23.10454 19.73924
15.26147 24 17.56614 24 24
17.77474 20.88381 21.87944 24 24
21.61066 18.2061 24 20.67528 19.41483
19.51076 23.06873 24 18.61538 24
22.33037 24 17.01435 24 24
22.98388 24 24 24 24
24 24 21.9767 24 22.93736
17.64892 24 24 17.16467 24
20.25016 24 14.60094 13.8671 24
24 24 18.88076 24 24
17.99945 24 24 17.58264 24
24 17.71605 17.69975 15.65788 24
19.06081 9.536299 24 24 24
24 20.35793 24 19.84544 24
24 17.5886 12.05381 24 17.20616
24 22.34674 24 21.33428 15.39275
24 24 24 21.97251 24
24 24 24 24 22.11601
22.9941 24 20.66858 11.52538 21.97622
15.54253 24 11.34032 24 21.16891
24 18.57831 24 18.55095 24
9.686195 24 24 24 22.99323
24 18.12188 18.45517 16.94634 24
24 17.8326 20.08977 19.41363 18.74004
24 21.33394 24 24 15.62644
19.39916 24 24 24 24
20.79622 24 16.45078 18.01236 24
15.69792 23.23417 24 20.23767 17.55424
19.40552 24 24 20.46733 20.5689
24 24 20.19393 24 19.61442
18.84041 24 24 24 17.42035
22.58845 19.70956 20.85638 24 24
20.27286 24 24 17.44386 16.07579
23.10778 22.06931 22.52533 24 24
24 24 21.71174 15.88072 17.27182
24 24 18.59644 24 24
24 20.5175 24 24 24
24 16.94527 12.27919 24 24
24 24 22.83033 14.93843 22.22425
16.50938 14.7257 18.26392 16.50578 22.40744
24 24 17.60893 24 18.62022
10.52999 24 20.93027 24 19.29711
13.42752 20.11969 21.33992 24 24
17.99907 24 24 24 22.48088
21.1431 20.45808 24 24 17.06176
24 14.47727 24 24 24
24 22.1525 24 20.20554 24
24 24 15.8293 24 20.69672
18.84345 24 24 24 18.93591
19.38924 17.13191 24 22.70027 24
24 24 24 17.72714 24
24 24 24 22.4466 15.28103
24 16.73493 19.33331 17.15258 19.55728
18.07125 24 23.45035 24 24
14.16181 24 24 24 21.26501
24 24 24 12.33415 24
20.67135 19.55676 13.65099 21.39462 24
24 24 15.52748 20.96672 20.62768
21.04309 24 24 16.64471 24
23.22398 24 16.44938 22.50507 18.88833
24 24 19.44107 24 24
24 22.87678 22.32628 24 24
22.246 24 24 19.22731 19.89625
20.61559 22.18857 24 24 24
21.94448 24 24 21.41756 18.61412
24 24 24 24 22.66644
15.93422 24 24 17.79401 22.05294
24 24 24 24 24
22.88466 24 24 16.64481 15.80001
16.38245 24 14.18191 24 17.21489
21.0937 24 24 23.03369 24
17.77094 18.75186 15.09211 13.06015 14.55465
24 24 24 18.97105 13.51823
24 23.14785 14.87905 24 24
24 24 19.01942 24 24
24 23.03816 24 24 24
24 18.53419 16.46764 24 24
24 12.71359 17.3472 20.42703 24
24 24 12.87934 24 24
24 21.97544 24 24 17.04834
21.4867 24 20.51335 24 24
22.61333 22.72388 24 24 17.27479
24 24 24 24 24
15.58855 24 21.25169 24 22.22789
24 21.95094 22.40217 21.77809 22.13391
22.96599 24 20.76511 24 24
19.58743 19.817 19.05023 15.87879 24
20.34357 24 24 20.89296 22.05092
22.49142 24 24 24 24
17.07045 22.34714 24 24 24
14.39862 12.16939 11.69534 24 24
24 14.90186 24 24 22.85625
19.11399 24 24 22.03313 24
21.6042 14.92699 24 21.85945 24
24 20.73898 24 14.89765 24
22.99465 24 24 19.58224 13.85641
16.07236 24 24 24 24
24 24 22.64177 24 17.31928
24 14.14642 24 24 20.64033
24 10.04167 16.99268 12.99389 24
24 24 24 24 24
17.73271 16.29165 19.68686 17.1846 24
24 18.88612 21.34298 16.53023 16.04536
24 19.8325 24 13.6888 24
16.8368 13.76006 19.05422 13.06558 17.41381
24 18.47233 19.85795 24 21.71583
24 21.84159 22.88415 24 24
21.18015 24 24 24 24
24 24 14.09029 14.17106 15.31744
21.18775 24 22.80808 19.80801 24
16.13952 24 24 24 24
24 14.41945 24 24 24
24 24 24 20.30786 24
24 11.51372 24 18.35795 15.73811
24 24 24 24 24
24 24 24 18.97019 24
20.15149 24 17.24544 24 24
17.638 24 17.11594 16.64367 24
20.77675 16.73165 24 24 18.20572
24 24 24 10.76142 20.59702
24 24 24 16.64473 24
10.67999 24 20.17002 24 24
24 24 24 24 24
13.16567 24 23.08653 24 20.26006
24 18.87498 20.97199 19.41268 17.64579
24 24 24 24 12.84142
21.28057 22.02005 24 24 24
24 24 24 20.60259 11.52058
24 9.905269 20.92297 24 24
14.33802 24 24 24 15.16377
24 15.64292 20.32706 22.47764 20.49646
24 24 24 18.46851 21.95774
24 21.60057 19.46328 24 15.01292
21.61044 18.40724 22.68316 13.96971 24
24 20.5207 24 22.5065 24
24 24 22.52519 14.9005 11.18606
24 16.76177 24 24 24
21.53697 14.1363 24 22.31234 24
24 18.15491 17.80138 24 17.02748
18.62631 14.38531 24 19.78145 24
21.88877 19.38782 24 24 24
24 13.48268 24 20.73165 20.68202
24 19.13342 24 22.76148 24
24 24 24 24 24
20.56971 24 16.41195 24 24
19.62845 19.80062 18.72211 24 24
24 20.91068 24 19.84798 22.38674
24 24 21.68313 24 22.14725
14.22354 24 24 22.66372 24
20.24846 24 21.58361 17.40971 22.08169
19.22719 24 24 16.35214 17.88412
24 24 18.75637 23.2133 24
21.46016 19.33982 24 24 14.82187
19.51913 24 24 24 14.5461
22.41333 24 21.39481 24 18.08601
24 24 23.21072 21.37011 18.43753
20.21627 24 24 24 21.77229
17.00883 15.51536 16.55909 22.94041 24
20.47888 24 22.7142 24 19.81838
24 21.72876 24 24 21.31405
24 11.82936 18.52193 24 24
24 16.85088 24 19.16402 22.29275
24 24 24 24 21.11334
24 22.13805 24 15.44207 24
20.3378 24 24 18.02609 24
21.46556 24 24 12.18701 21.09753
19.86563 20.48838 20.55087 18.20027 24
24 24 21.61787 24 22.92965
24 16.03482 24 21.1421 24
21.60659 24 24 16.3219 24
23.03215 24 24 24 24
20.30695 20.13935 15.19472 24 22.82452
11.44388 14.61835 19.15399 24 24
24 24 21.92833 19.13835 24
24 12.20005 24 21.3927 24
24 13.57653 20.14692 24 19.44365
24 22.38116 21.70745 24 24
24 24 17.02531 21.22752 24
24 10.60777 16.96647 24 24
24 24 24 24 18.17613
18.52668 14.68529 14.83873 20.93985 24
24 20.56426 22.35842 18.7312 20.84574
24 24 24 21.57588 11.74236
24 24 24 17.0593 21.68409
22.98922 23.05722 15.97966 22.00166 17.59448
24 24 24 24 24
24 14.94805 18.89816 22.4807 24
24 24 24 21.14106 24
16.78266 12.72503 24 24 16.47155
24 24 24 24 24
20.99141 19.32223 14.57367 14.626 24
24 24 20.49971 24 19.4335
15.01574 24 24 24 14.29417
24 12.96268 24 24 11.12603
20.90474 16.80978 24 19.25397 24
18.06404 24 19.94581 19.79784 24
24 22.66394 24 18.62254 24
24 24 24 24 15.93724
19.1652 20.92929 20.50466 24 24
24 24 24 24 24
24 24 24 24 24
18.30784 11.55513 24 17.51467 14.88864
24 24 22.98572 24 18.58507
24 24 15.76573 21.65362 24
24 15.72008 16.37939 24 24
24 20.52986 22.61912 23.02759 16.55677
24 24 21.63716 24 19.28723
22.91801 24 24 13.77208 24
24 20.76839 24 14.25678 24
13.34458 20.54316 24 14.46488 15.43483
24 24 24 23.38615 24
24 24 24 24 24
24 24 24 24 22.1207
20.21865 23.04979 17.54232 24 19.96942
24 16.98638 19.36756 24 24
18.90503 24 24 24 24
24 19.05848 24 24 20.19547
24 17.86892 24 15.79339 24
24 24 15.08276 20.74143 18.60875
24 18.6283 24 24 24
13.86567 22.06677 17.50285 24 24
24 24 19.88373 24 24
24 18.37783 24 24 21.20316
24 19.8808 18.47106 19.60902 24
21.19596 24 21.53852 20.21212 24
23.24526 23.08097 24 14.43988 24
24 16.7214 20.14937 24 20.99121
24 19.08639 24 17.55112 24
24 24 24 24 24
21.87088 24 16.99628 22.40364 24
15.26331 24 24 24 24
24 24 12.8942 15.90043 24
24 24 18.67151 19.065 17.33319
21.99819 24 18.95904 24 19.43806
24 22.96823 14.27532 24 24
24 24 17.6204 19.76372 18.38006
22.35449 24 24 24 19.85108
24 24 20.59063 19.03866 24
24 20.32985 24 24 22.57921
24 22.56524 24 14.87979 15.17346
24 24 22.77959 17.71606 14.05363
16.61049 24 13.45543 24 24
12.74399 13.61994 24 24 24
24 24 21.0233 24 24
24 20.84781 22.19683 24 21.22199
24 24 24 20.65449 16.20883
18.6142 24 24 24 24
19.32732 17.09365 22.02005 24 24
24 24 24 17.86295 24
24 10.96985 24 24 20.76693
18.50817 14.03878 24 24 24
24 15.74657 24 24 24
24 24 11.22756 24 24
24 15.18935 10.75451 20.36129 24
16.27006 22.89935 20.26477 15.7527 15.46233
16.76611 24 24 24 17.38922
24 21.79783 20.608 9.339267 24
19.34855 14.28757 21.28115 22.38799 24
24 22.04668 22.84172 24 12.34374
24 24 15.35734 24 24
24 16.58047 22.03141 24 24
24 24 24 24 24
24 24 15.67927 24 24
24 8.83247 23.46178 16.06522 24
21.08019 18.94217 24 18.77534 24
24 24 20.48704 14.71909 24
24 24 10.24466 24 24
13.70002 24 12.24447 24 24
24 20.36193 24 20.99361 24
24 24 21.52816 17.31027 14.0613
22.49255 24 17.46815 24 24
13.83376 24 24 15.84931 24
20.78881 20.51295 24 24 24
21.69586 20.51788 17.97578 21.03229 15.66161
19.70678 22.11068 24 18.08821 19.42459
24 17.20515 21.39915 17.00291 24
24 14.33559 24 24 24
24 23.32972 14.90282 22.87375 24
19.78318 24 24 18.58158 24
16.16181 24 19.45479 23.34397 20.14282
21.44754 19.04732 18.58712 24 21.43586
22.97059 24 24 14.75292 18.79459
20.27958 21.30631 24 16.80084 24
24 21.77503 21.82868 21.82947 24
24 22.3061 24 24 24
24 17.75454 24 24 20.43266
18.37656 19.35451 24 20.05377 24
18.16228 17.6614 18.16592 24 24
24 24 24 24 24
24 14.27565 22.84105 24 23.0907
17.75006 21.70548 17.35546 19.96799 24
24 24 9.513522 24 16.38195
12.6689 16.99649 13.87721 24 18.24013
24 24 22.00311 24 19.44332
24 10.18044 24 24 24
24 22.21055 24 13.6429 24
20.27881 24 24 24 19.20963
24 24 24 21.04694 24
21.98989 24 14.91935 18.52343 14.53427
17.04705 24 18.31122 22.95634 21.92686
24 24 24 24 19.98972
12.44773 19.42474 21.30087 24 24
24 24 24 24 19.36696
22.61347 24 24 24 19.86895
24 24 20.84107 15.50691 22.82404
24 22.80597 24 15.9772 15.04867
24 23.29075 21.18916 24 18.3837
24 19.8824 23.41855 24 24
22.41693 24 24 16.32808 24
14.74341 24 21.71928 20.3415 18.8944
16.79208 24 24 22.4407 24
24 22.621 17.35187 24 24
24 24 24 24 24
13.01776 24 20.90363 24 24
24 13.52428 24 12.38875 24
24 9.459228 24 20.34911 22.27442
13.22966 24 24 16.66213 24
24 14.90143 14.038 24 24
24 16.74165 22.96896 24 24
24 24 19.96511 20.00516 20.14435
24 18.80729 22.03117 21.26073 11.73852
24 20.8031 20.54307 24 24
24 24 24 24 14.76653
18.0214 21.76153 24 15.9872 24
17.27318 24 18.49894 15.01636 24
19.79686 24 24 24 14.2278
20.62129 16.99156 24 24 24
24 20.02806 24 24 24
21.66458 24 24 24 24
24 20.86619 24 24 24
14.0856 24 24 24 24
24 11.97453 24 24 24
16.74634 22.77786 24 20.71579 24
24 17.20776 15.5541 20.34971 24
24 12.18962 10.10258 16.89755 17.32991
24 24 24 24 24
20.50201 24 24 22.59879 24
19.18804 21.43336 24 24 24
24 24 14.19295 21.35346 24
24 24 15.87144 24 24
24 24 24 24 12.80625
24 12.88614 19.30315 17.98956 16.34445
24 19.76877 24 17.90104 21.93977
12.34643 24 24 20.3194 24
24 24 22.73688 24 24
12.81991 14.85663 24 24 24
16.64244 24 20.35632 24 24
18.97352 22.54897 24 15.13214 24
24 24 24 24 19.03961
24 24 12.59413 24 24
16.22872 24 15.89488 24 24
24 21.3549 21.42261 24 24
24 16.65803 19.78066 18.7998 17.26476
24 22.82448 24 19.78469 24
24 19.90363 24 24 16.36841
17.74827 24 24 20.55073 24
13.97454 24 11.64069 24 17.81104
24 24 24 24 22.19261
19.82416 12.4536 17.55863 14.07773 24
24 14.12578 24 20.84972 24
20.70249 21.45123 21.32192 17.18673 24
24 24 20.05686 24 24
24 24 24 21.7868 21.06264
24 24 24 24 12.94528
24 24 12.51556 19.02037 24
24 15.01746 24 19.88256 24
18.88605 22.70067 24 24 24
24 14.81015 24 24 24
11.65102 21.75344 24 24 19.35794
24 24 24 24 20.89233
24 17.21447 24 24 24
12.22563 24 24 24 15.54485
24 24 24 19.13864 24
22.02225 18.12051 22.3294 15.03403 24
12.87749 20.34519 21.60752 18.08135 24
24 24 24 24 24
15.75049 24 24 13.94607 20.26638
24 15.88953 11.55687 13.9917 21.77527
21.98551 24 24 24 24
24 24 24 21.57938 16.37403
24 24 24 14.05993 24
19.80148 19.5441 24 24 24
21.92021 24 13.34382 24 20.50799
24 19.47568 24 24 24
16.3895 24 12.76056 17.07357 24
24 17.46162 24 14.48365 20.8188
19.80059 18.39457 19.29867 24 21.80519
24 19.20439 20.00701 24 24
24 17.10523 24 19.23092 13.16136
19.86231 24 24 24 24
24 22.54777 18.15058 24 22.53948
24 21.77126 24 19.88377 19.62148
24 24 24 24 19.19195
22.70226 24 24 21.36966 24
17.25528 24 24 24 24
22.32591 24 24 24 21.22407
15.61506 17.08604 14.59174 21.22888 19.40744
19.83816 20.00758 24 16.86766 14.36737
24 15.50465 14.43657 15.36342 21.67039
24 24 18.35172 20.07673 24
23.13038 24 21.60345 24 24
18.25216 22.54512 20.81789 24 23.02667
22.70159 21.06356 22.75151 18.40429 19.69455
17.46374 21.12331 24 22.10122 24
16.94494 24 24 24 24
24 24 24 20.49311 15.34639
24 24 20.2633 17.5843 17.12535
24 20.7144 24 24 24
20.85243 24 22.87739 24 18.72122
24 24 24 18.50492 14.57235
24 24 24 24 20.83716
24 19.45353 24 21.20677 21.3815
24 24 24 16.51469 20.44188
24 24 17.55907 21.868 23.18653
11.68364 24 21.75327 18.89044 21.73697
16.81633 19.9618 24 24 24
24 19.38263 24 16.45633 24
24 19.93757 24 21.23322 22.56982
24 15.19381 24 24 19.19928
24 24 17.035 19.05581 17.16168
24 21.86712 24 24 23.04298
24 14.20715 18.72062 24 24
16.51308 19.20214 18.69436 17.82393 22.79398
23.08583 24 24 20.22977 24
24 24 20.39368 24 18.15461
23.0214 24 24 24 22.55476
15.02595 13.59871 24 19.63346 24
20.90396 19.75263 24 19.93061 19.39857
24 10.66982 21.68413 24 14.79928
23.00026 24 24 10.21226 24
24 21.50252 24 19.40807 18.46918
20.55253 18.94062 24 18.8082 16.67815
24 24 16.21243 24 20.87379
12.40263 24 24 24 24
21.78174 12.63389 22.40197 16.91629 12.6017
24 24 24 19.59766 20.34447
24 24 24 24 24
24 21.49972 18.71263 15.13641 24
24 20.07074 20.90888 24 24
17.9944 24 24 21.88656 24
24 24 24 24 22.2123
22.11284 24 24 24 21.27873
24 24 21.0059 24 24
12.41712 24 20.70302 24 24
24 24 23.1038 24 24
24 24 13.22664 24 18.88108
20.09754 24 24 24 11.08827
24 24 24 24 13.73842
15.21091 24 21.84835 18.78208 24
16.04824 20.50538 10.06532 21.00918 14.79271
24 24 22.86162 15.77084 14.07257
21.73554 24 24 14.63174 24
24 24 19.73526 23.36177 24
20.17216 24 24 24 24
24 12.70068 20.68552 24 24
15.82774 19.93374 24 16.18367 19.68725
24 24 24 24 24
24 24 19.71159 19.67301 24
23.11667 10.91052 24 16.74741 24
24 24 21.26415 22.98914 22.00582
16.39725 24 22.64465 24 20.9862
20.0421 24 13.16424 15.42527 22.81109
18.78369 24 24 22.73348 11.70713
24 18.29053 24 14.53187 21.86685
24 12.21481 24 24 24
24 24 12.45785 21.0791 24
22.27382 24 24 17.72607 24
22.38033 24 16.90604 24 24
24 15.51032 24 24 20.51877
18.91328 24 24 24 24
24 18.33627 17.02847 19.97385 24
24 24 24 19.02014 24
20.40657 13.39974 20.49626 20.24079 24
24 18.91705 16.27961 24 19.93076
16.35877 24 20.5378 22.74275 24
24 13.98372 22.27021 24 24
12.2034 16.59858 24 20.62424 24
24 24 16.77783 21.22692 18.48814
18.76392 18.31028 24 17.72357 22.67551
22.3837 24 21.88174 19.95019 24
12.03543 22.4495 24 24 24
24 24 24 24 17.34702
24 24 24 24 14.99152
24 22.17111 22.34481 24 19.88323
24 15.88745 21.04976 24 20.42549
15.06855 24 12.08016 24 12.29833
19.8507 24 24 12.72325 22.12851
24 22.34795 24 24 15.64963
20.89239 24 24 24 24
24 24 24 22.79806 24
13.51922 13.63674 24 24 20.27415
20.99287 20.23653 24 18.03388 24
22.77974 18.28429 24 24 24
18.15557 24 24 24 24
24 17.13182 24 16.60155 24
18.7681 21.41641 12.1936 24 15.34867
23.21981 18.5259 21.63151 24 19.80589
24 19.99004 21.14901 24 19.64948
24 24 24 18.47531 24
24 12.90909 24 14.84079 19.20397
21.01442 19.05085 24 24 24
24 24 24 21.5516 18.44922
19.12481 18.63894 12.72397 24 13.93904
10.48216 24 22.20902 20.35706 24
24 24 24 24 20.56715
24 24 24 24 24
24 22.02674 24 24 24
24 10.69392 11.97738 19.5399 18.36577
24 17.71874 21.48724 22.97386 22.47995
24 24 24 24 19.77522
15.83206 24 24 24 24
21.10562 24 24 24 24
17.58757 24 24 24 24
17.15776 22.18266 24 24 19.58467
24 20.91913 20.4313 24 24
20.97121 19.79242 24 24 24
20.533 24 24 24 16.61655
12.45826 24 24 24 24
24 18.68606 15.61881 24 16.72685
16.13247 15.55811 17.38413 15.1939 12.20878
24 24 24 22.2026 18.66365
18.80418 24 24 19.56212 24
20.19795 16.30218 24 24 24
16.13139 24 17.75567 20.17269 24
20.39096 24 24 17.10161 24
24 21.97677 24 24 24
24 14.47951 24 17.81452 24
24 24 24 22.15193 24
24 24 24 24 24
19.38045 17.1707 24 24 24
24 12.91667 24 24 16.09567
24 24 24 24 19.88707
21.76566 24 24 24 21.51315
19.19741 24 24 24 24
23.05913 24 24 24 19.01205
24 22.99418 20.6311 24 24
24 24 24 24 20.60315
24 24 24 16.88922 14.76518
24 22.20757 24 24 24
18.89077 24 24 18.62868 20.67606
24 10.6754 19.57999 21.40004 24
24 24 24 16.80243 24
24 24 24 24 24
24 20.38546 21.90603 15.72734 24
24 24 22.81732 24 22.28532
24 24 14.87018 24 20.29231
19.31548 12.21621 18.84164 24 24
24 24 24 22.42433 24
24 24 24 13.8715 18.99993
24 24 24 24 24
17.97107 18.83499 24 20.602 24
22.79465 20.7543 24 24 24
24 24 24 21.87063 22.32586
24 24 22.30057 24 24
19.39928 24 24 24 22.04315
16.32238 22.78793 24 24 24
24 24 24 24 19.77997
24 20.80346 24 24 24
24 24 24 21.94733 24
19.31754 19.36957 22.70646 24 18.03804
17.10903 12.37413 10.22301 24 17.74854
24 20.9292 10.97103 22.65072 24
24 8.338121 17.17595 24 24
24 24 24 24 14.74681
24 19.98128 18.53954 24 24
17.57589 24 24 24 24
17.73642 24 17.76673 24 24
24 24 18.30209 16.24501 21.53333
24 24 19.45969 24 24
22.52528 24 24 18.18347 16.70251
24 24 24 24 24
24 20.07053 24 24 24
21.93345 24 17.39722 24 24
16.91476 20.01626 17.71687 24 24
24 24 24 14.62684 24
19.74684 24 24 24 24
22.4622 24 24 22.22479 17.75589
22.60937 24 24 24 24
24 20.24232 23.177 19.69497 20.20814
24 24 24 24 24
17.31292 22.2655 24 24 21.87586
24 15.75859 24 22.38252 20.12454
18.60479 24 24 24 15.91192
16.17002 20.11131 24 24 24
14.21583 24 24 24 21.44802
24 24 10.04359 19.17982 24
18.93685 24 24 24 20.875
24 19.00035 24 24 24
19.43982 16.73487 15.41803 20.35965 24
24 24 24 24 24
24 16.72955 22.25216 24 24
24 11.05026 22.49815 24 24
24 24 17.65724 24 20.00324
22.69822 18.39711 18.65982 24 21.0653
22.43698 14.51772 24 19.24584 24
24 24 20.16714 24 24
17.55858 21.65729 24 21.83998 20.67502
24 20.16538 19.47718 19.64578 17.29245
24 24 14.63866 24 24
16.15317 24 20.98961 24 24
20.62755 20.17941 16.99327 24 24
19.97828 18.79274 24 21.89595 24
17.90312 24 24 18.70414 24
24 24 20.50333 24 24
19.86054 21.42531 24 15.99818 24
22.89847 16.0361 24 24 24
12.05653 17.76916 24 24 24
24 15.63833 24 24 17.26931
24 24 24 12.43145 24
24 24 18.60356 18.70915 21.52515
24 24 21.42435 14.16338 24
24 19.72167 12.51687 24 24
15.56231 19.09308 10.11428 24 15.40978
16.59214 24 17.52058 16.58962 15.40055
24 21.96836 17.29098 14.07089 24
17.11271 18.29128 24 19.34593 24
20.10493 24 22.65916 21.20708 23.07886
24 24 24 19.61934 24
24 24 12.58583 21.4135 24
24 24 24 22.37325 17.59653
24 17.5231 17.881 24 24
24 20.72543 22.46804 21.07313 17.49383
21.00857 13.12342 24 24 24
19.99119 19.50173 24 24 24
24 22.42152 22.9068 24 24
18.33885 24 24 20.61865 20.1966
12.12103 24 12.59982 24 22.1529
24 21.5133 24 19.12913 24
22.75683 15.15688 24 13.15961 19.12352
22.9879 24 18.05917 18.56389 24
24 24 24 24 22.21998
24 21.7058 20.56124 24 17.36711
24 24 15.86581 24 20.0268
24 24 24 16.01348 15.89282
24 24 24 17.21168 21.76981
24 21.08376 24 24 21.9752
22.76505 20.71694 12.42162 24 14.96426
24 24 19.58801 24 24
24 20.39554 17.66161 14.14815 24
24 21.52891 24 21.93597 24
24 22.63918 24 24 24
17.15399 24 19.5946 15.33751 19.28743
24 15.97102 24 24 22.43088
16.68563 24 19.27365 24 24
22.81304 24 24 20.8399 24
18.43152 20.33358 23.28931 24 24
18.0829 24 24 19.51876 24
19.35594 24 22.44247 24 24
18.45025 22.5566 22.66502 24 21.59395
22.10902 15.77112 24 19.85134 21.23855
24 16.87924 11.82341 24 14.13977
18.22378 24 24 24 24
24 24 24 9.341568 12.04924
24 24 24 20.76049 11.3341
24 24 11.77257 19.94384 24
24 24 24 21.81592 12.29622
16.55717 24 24 24 24
17.48914 24 15.20739 24 16.27543
23.17123 18.87314 24 24 20.0575
18.89654 24 19.8858 24 22.98623
24 24 17.52286 24 24
24 20.84875 24 17.73667 24
16.58063 24 24 22.41696 21.32803
22.84042 24 24 24 24
24 15.48515 24 24 24
24 24 24 19.04434 24
14.29357 13.78885 11.28779 16.1007 24
19.82281 15.01558 24 20.69953 19.52345
24 19.1079 15.25864 24 24
15.38092 24 22.78102 24 19.67526
24 20.46357 14.32325 24 24
24 24 19.56419 19.32672 11.12489
24 20.75832 24 19.68915 24
24 21.08074 24 17.08418 24
24 24 24 9.633482 22.27588
22.54083 24 24 24 24
24 24 20.21288 24 24
20.85379 19.25013 24 24 20.43332
24 20.22576 24 16.85594 18.58963
24 24 20.84031 15.82532 24
20.74693 24 17.88419 24 18.93707
24 13.09603 21.45457 21.57134 19.9535
24 19.61934 24 24 14.70462
24 19.75505 17.33287 24 24
24 24 21.85285 24 24
17.39769 22.48258 19.28365 24 20.21926
16.35642 24 24 24 24
20.47923 24 24 24 15.09941
14.51265 24 24 24 24
24 24 24 24 24
24 24 24 17.8474 13.62868
21.28063 15.33338 22.42406 24 24
24 14.84862 19.91376 24 24
13.1903 16.25145 24 14.47723 24
24 20.09457 24 24 24
22.27139 24 15.74304 24 24
24 24 24 18.53141 24
12.55637 19.86443 24 24 20.79559
18.95125 24 24 24 16.13339
20.70407 24 22.35665 14.51403 24
15.67699 22.02237 14.19097 24 18.8608
24 24 24 24 24
24 24 24 24 19.60698
22.33736 22.14547 24 24 16.42076
24 19.75054 24 24 24
24 24 18.19495 18.03197 24
24 22.02972 24 24 24
16.35694 24 17.27195 16.90931 24
22.58832 24 14.36294 24 20.91444
24 24 24 24 24
18.49192 24 19.50455 24 24
24 24 24 17.74721 24
24 17.16185 24 24 12.62901
21.49324 24 10.53553 24 19.70711
24 16.95324 22.3448 22.47702 24
24 24 17.87465 24 24
24 20.13484 17.22028 24 20.56338
24 14.5936 24 16.95113 24
24 24 13.63902 12.22145 24
24 24 19.82707 16.21758 24
24 24 24 16.23999 24
24 24 19.07729 16.50421 24
12.95208 24 24 20.55971 21.54733
24 24 24 19.59736 22.0635
24 21.39873 21.13317 24 24
20.72915 18.40595 24 19.04257 15.3363
24 22.48491 24 24 24
24 21.6354 22.69973 24 20.75433
24 24 24 24 17.7696
24 22.95846 24 21.81302 22.68436
20.99409 24 24 24 20.00252
24 24 24 24 24
22.25778 24 24 13.63649 18.7833
24 24 24 14.39836 12.69945
17.01789 24 24 24 18.9697
24 18.57367 22.43969 22.0478 18.74219
20.95443 11.6301 21.07348 24 24
24 24 22.34007 24 24
16.65823 24 19.35151 24 19.90274
12.86169 24 24 24 24
24 15.477 24 24 21.68775
24 13.0923 24 24 10.58788
23.00572 24 24 12.65079 16.72324
24 12.47543 16.4311 13.82877 19.44958
17.13428 20.00366 17.46648 20.0261 15.89681
24 24 20.26924 24 24
24 20.85222 24 21.65301 22.00795
24 16.14858 24 16.65203 17.33851
24 24 19.10789 10.8145 24
24 24 24 16.11635 24
24 21.64448 24 24 24
22.24789 17.16607 9.132012 24 24
24 24 24 22.76 14.82563
20.2687 13.32197 24 19.53697 24
24 21.645 21.97906 24 24
24 21.44464 24 17.56772 24
14.44797 24 19.30925 24 24
24 24 21.57542 16.95897 24
24 20.6428 14.30879 24 21.41752
24 24 24 24 24
24 24 24 20.0563 18.37561
24 22.36982 24 24 24
21.12065 24 24 24 17.92427
22.24933 24 20.98906 24 24
21.60747 14.14888 13.31353 24 24
15.72358 19.40408 17.70582 22.81193 12.77808
24 17.55296 24 19.33405 24
20.99073 24 21.06729 24 20.91471
24 24 20.5641 21.80866 24
24 24 22.40593 18.28694 20.18131
12.68387 24 24 17.22825 16.36795
24 24 24 24 22.67494
22.9198 16.5505 24 24 24
24 22.22378 24 22.01458 18.46623
19.41764 20.44044 24 24 16.39504
24 19.7707 24 19.26875 24
19.37552 24 24 24 18.53085
20.583 22.92049 24 22.68896 14.96989
22.32021 24 17.85895 24 18.55723
24 22.48069 24 20.46544 24
24 24 24 24 24
11.85104 14.2133 11.01679 24 22.38781
24 10.31112 24 22.30266 24
19.00097 10.67718 21.77614 24 24
19.34563 19.88441 24 24 24
24 24 24 14.7894 16.74278
24 24 24 22.58071 24
24 19.14879 24 24 24
16.30259 19.64183 24 21.00982 16.32721
24 22.82694 24 24 21.28439
21.50292 24
