8.955707 10.04673 11.54408 11.63646 2.672826
12.23135 10.7752 9.253092 5.264281 7.857481
8.223444 7.859852 5.799138 3.466881 9.831815
4.447904 11.1929 7.999887 13.68945 8.052643
12.19445 8.840173 8.13645 4.7539 13.22794
6.768759 9.065722 10.32646 10.06751 9.841209
12.44791 6.769232 11.49317 12.02765 9.273633
6.968415 6.012945 6.79712 7.802867 10.9828
4.588711 12.43332 6.580827 11.3852 10.55303
6.869573 7.526941 12.56141 7.178708 9.825009
11.10454 6.735544 8.144929 3.369673 9.082013
13.44958 5.497618 3.004671 13.202 6.59302
12.4592 6.76019 7.670958 5.388502 11.52901
3.252915 11.81791 4.257166 13.75614 7.306272
8.824733 4.65521 9.455897 9.882501 12.2209
13.4218 6.717858 9.130383 9.67456 5.074154
6.759763 8.937906 6.103721 9.751875 10.50296
12.39332 6.515461 6.149102 6.75237 13.10883
6.27283 13.71029 3.508624 8.130118 7.666203
10.21706 7.107963 9.47936 8.389613 7.510321
7.004974 3.251951 11.68243 5.342566 3.002456
13.83077 6.048589 13.75592 9.767709 8.488282
7.010128 10.00769 7.760637 11.6918 13.88096
12.42574 10.86998 9.199833 10.01335 3.252915
8.907611 10.19832 8.369701 6.995344 7.269788
11.66793 10.86963 13.6237 8.776111 9.92478
6.993165 9.844094 10.85094 7.927443 5.605289
3.241368 9.308188 4.225145 8.046896 13.18131
4.63735 7.344165 9.32905 7.006676 8.670712
6.039771 8.839502 5.227925 3.752002 9.392195
9.972728 13.74801 9.916664 10.7788 4.904959
7.692164 6.271435 5.050382 4.245232 6.646687
10.83539 5.803665 8.821993 8.093444 7.725433
9.772263 5.631405 6.045653 13.00851 5.623738
10.35124 10.79096 11.89785 6.181924 7.535016
9.567762 6.546142 5.585286 4.32764 7.577727
8.253055 8.760261 6.527616 6.112913 8.636454
7.369143 8.104056 11.69133 12.30514 9.406177
9.645265 8.856376 7.123294 4.634389 7.591299
4.197299 6.927304 9.119838 7.583966 6.400968
11.5938 11.90594 10.9235 6.496738 5.457126
6.869574 13.02058 7.89624 5.882584 11.45273
12.49803 8.769424 4.835499 9.088448 8.989292
7.408591 6.679199 8.61711 13.93505 5.369557
7.244681 9.506724 8.341684 7.79285 3.618361
6.144565 3.557117 9.774014 11.86849 5.748743
7.761124 8.128933 7.019347 4.599784 10.2982
7.876772 7.015166 7.754456 13.53459 7.874211
8.379142 6.952177 5.776405 8.847197 7.497017
7.776059 11.16931 10.56924 8.139161 9.696163
8.752703 6.252564 13.71022 3.993158 8.214604
6.005924 9.029639 4.005737 3.133059 13.09112
5.955909 9.751859 4.010785 7.879003 10.68169
5.0046 11.28235 9.273158 13.65082 7.46551
11.68731 5.642892 6.065902 9.320119 6.121034
7.275583 9.579246 9.730438 9.480668 12.32213
13.51483 5.096863 13.0869 6.155221 12.15997
7.768171 10.96729 7.503022 12.25569 3.649397
5.699186 12.47793 6.321455 6.623176 7.70853
13.86978 12.89483 3.003802 4.426319 13.53321
7.472224 10.37588 6.039935 10.54623 13.75005
6.309035 6.505035 8.70192 8.726797 5.411324
7.950624 10.82091 10.87856 10.70138 4.6991
10.28112 3.359147 3.002459 11.50734 5.926215
13.47806 8.244834 4.829633 11.31798 10.27568
9.641057 13.79794 4.882779 10.0469 5.513658
4.758131 11.7653 5.148422 7.253396 3.296083
9.556072 3.124238 7.586354 7.968079 7.752721
3.907785 10.68185 12.69883 8.75532 13.17625
8.452594 5.77055 11.76156 10.92405 6.753092
11.72928 11.66353 10.29277 9.75342 6.530809
5.192857 12.91776 8.567688 11.99452 10.74726
10.0547 5.007693 12.44048 6.445536 7.578791
5.931545 7.404026 10.335 5.409155 11.84429
10.57502 8.040637 9.718249 12.11786 4.410152
11.28897 13.46284 12.45944 3.355989 6.856842
3.255661 6.919897 7.938558 6.607234 7.594055
6.258944 3.915103 8.305968 11.23683 5.014108
8.796072 5.149405 6.102458 8.037648 10.1526
12.97846 10.05607 12.36859 11.46551 8.15563
8.019379 7.022583 7.464843 3.59607 7.65429
7.175142 7.225526 6.857135 3.756684 9.443693
3.369586 10.47707 4.253471 6.27957 6.991232
9.725507 8.651542 12.4897 5.754361 10.5582
10.49935 8.476376 10.81335 7.687572 10.3245
6.029283 9.999782 3.862486 9.005971 12.32488
8.119477 6.640628 10.11376 4.202978 9.787438
10.26147 8.805357 6.884213 12.31461 8.508081
3.862487 6.75237 8.594175 8.229075 5.243508
6.029283 7.502727 10.37533 9.521937 7.132084
12.46828 12.55745 12.13744 13.74113 3.888454
10.78756 6.956716 8.29089 10.00952 6.689985
7.070967 6.313155 7.013608 6.705599 8.776115
4.754276 8.635416 7.519202 4.753309 6.253142
6.754659 9.381105 5.777163 9.596983 11.5311
13.1981 4.499125 5.013112 6.874392 7.027317
13.63228 9.738203 7.880786 10.04397 13.44531
5.749969 13.12861 10.62965 12.58018 10.86795
9.380255 5.280818 11.06766 13.53127 6.965526
7.203117 13.64564 8.121226 13.83833 5.089582
8.739264 9.445417 2.994127 3.663847 12.53914
6.621321 11.00702 12.77096 9.343724 4.256673
6.164854 11.60536 9.143747 5.383127 11.48803
8.330967 10.59217 7.882526 3.047111 5.62373
4.075532 11.27453 10.27807 8.811203 11.00682
10.41207 9.856755 13.31227 3.251951 13.78082
5.3077 6.824897 8.223114 6.328202 8.806
13.08188 8.066385 6.2811 9.663235 9.513566
8.018261 5.335532 7.773406 3.881631 6.807166
9.894735 3.369683 4.973915 6.513452 8.998836
11.90034 6.810296 11.56379 4.252055 7.026142
13.08533 7.74326 13.35055 6.059312 3.099104
10.21619 7.927938 13.39863 12.29302 4.416011
9.892413 10.47233 10.02016 10.44554 8.084956
9.145075 11.7427 6.206026 6.650886 3.251951
3.758565 9.79186 7.515723 5.284798 10.00851
5.759322 7.553032 12.67565 2.74957 7.731173
10.33498 3.843853 9.408953 13.90547 2.698956
6.606263 10.25469 11.00708 10.9819 7.5725
3.007761 13.92417 7.499912 12.27131 5.017911
7.373741 13.94591 6.762447 5.940569 3.125573
5.873355 2.997367 6.205468 9.485 8.752702
10.24151 3.888453 4.969909 11.96329 6.413802
12.75466 8.644308 6.866045 11.24035 6.396415
6.883565 6.142932 9.272864 5.178002 4.372233
7.66769 10.72202 11.09538 3.369544 5.805118
12.82866 9.393831 9.286253 5.869595 10.26918
10.67349 9.450576 9.101407 8.982023 13.71025
9.779327 6.336794 11.10377 9.037494 4.149665
4.08903 12.20462 12.76539 7.99811 7.333329
4.235729 13.8397 12.36378 11.19146 3.566323
12.86856 8.112687 5.242116 6.800068 12.13948
8.043357 7.01506 11.92906 5.296687 13.01081
5.480447 7.734215 7.502958 3.578671 12.08108
6.394243 8.520085 8.760661 5.851828 6.792677
13.05935 8.004002 3.414569 8.752702 5.671061
9.378506 3.75311 7.31294 7.647685 12.50419
7.507341 14.06453 9.042849 8.059425 3.919927
4.752111 4.458473 12.56544 7.027653 5.908557
8.9336 4.619252 5.868341 7.799673 10.11329
10.73159 9.865276 12.3744 4.261059 8.035037
4.257815 10.50588 6.258945 5.765533 5.281758
8.617522 8.502533 9.007694 6.16485 5.601222
6.677408 6.226055 3.633447 2.859693 6.496736
11.83281 9.81345 3.421873 3.204982 8.896454
8.503243 11.20457 7.49646 10.26887 7.47001
4.120198 11.09662 11.59478 14.01307 12.81247
9.857753 6.954028 8.424875 2.645338 11.78802
9.563591 5.335863 9.320762 5.754958 10.32874
7.29495 7.199322 10.84547 4.453825 7.359437
4.188867 11.88809 6.948631 10.78603 9.499938
3.855679 2.721671 8.486497 7.359437 5.77773
7.344169 12.60935 3.00246 10.77048 6.733275
4.231564 10.00524 11.05744 5.25631 9.241002
10.25683 2.624995 11.71036 9.134212 3.705493
11.9018 4.852834 4.011863 8.737262 13.83201
12.73026 6.072091 12.43453 9.94966 5.281738
9.753729 3.443036 10.45668 10.77309 13.35854
5.01197 7.252445 4.521584 9.869718 9.239424
9.76126 8.437265 13.35326 5.252171 6.518392
7.427242 6.561048 8.307412 10.23274 12.76977
6.103582 10.41871 13.3151 13.52143 8.667335
4.503294 6.018424 3.379645 12.96803 9.69002
13.99099 9.219179 10.8051 5.752072 4.363119
5.9369 8.857873 4.855664 13.53897 8.103441
6.045931 4.87883 10.0254 9.313139 10.78673
13.03859 12.87185 6.908898 4.00891 8.667513
4.004342 13.5895 13.00851 7.473547 3.253427
12.30603 8.36994 8.595106 4.350596 8.372212
9.259776 7.369163 7.34734 12.72356 6.941807
4.689716 10.54673 13.53218 8.250419 10.39956
3.809058 12.16103 8.097061 11.57664 5.022759
12.47431 13.34505 12.06248 10.61127 13.26629
7.137416 7.337278 3.058738 9.160924 7.534412
2.994127 9.345864 12.55478 8.996958 9.54155
4.762884 12.73173 6.280071 11.06256 9.242244
10.33067 8.187077 11.39781 5.25632 9.575283
9.010626 2.749572 3.23591 12.67334 6.652726
12.01371 9.917062 5.447249 5.201146 5.996658
8.559191 5.617851 12.61796 8.149752 11.30795
9.590092 8.489958 7.270077 13.30516 9.100507
4.699099 5.564903 8.020112 13.79967 11.40089
6.642638 6.300924 7.855925 3.003802 12.93968
6.083994 7.898061 9.506414 7.13052 11.58434
9.206303 11.78156 9.327773 11.24467 10.86382
8.633608 5.774181 10.71718 12.15424 4.193082
6.197174 13.28051 9.404281 10.79397 12.65588
6.997801 3.486828 10.26955 4.753309 9.635009
9.712004 5.751966 5.195841 7.830764 4.863149
8.670811 7.376433 13.5115 9.780277 6.792355
4.357413 13.30346 8.618223 9.056085 11.32322
10.75181 10.29307 10.6247 11.25358 5.941125
10.14379 3.126845 5.432482 8.476102 5.57519
11.48396 7.412712 5.002234 7.820251 4.896619
7.015199 7.278602 8.762326 11.32761 13.87944
6.009525 13.93351 6.445044 10.05943 6.897955
6.061448 11.80058 3.284435 3.042435 8.723963
11.37044 8.762243 12.96335 13.2619 12.67106
8.485737 5.520071 13.7144 7.287419 5.253846
6.019825 7.002067 4.041342 8.488863 6.991699
7.38045 12.90882 7.189132 8.104371 10.60432
3.133061 10.2281 7.377653 9.217951 12.57215
10.47602 4.011859 11.75615 6.788082 11.88259
12.73561 7.510919 9.189532 5.702204 6.347673
9.177457 11.68331 7.091917 14.0563 6.506998
12.51923 7.602612 6.910739 5.052056 7.760302
5.640045 3.869636 4.512337 6.752371 8.650843
11.42965 6.402798 8.830957 6.25265 11.73276
9.255192 8.259438 8.759368 10.00212 7.811542
2.672821 8.235149 3.22824 7.704712 8.586116
10.64145 10.23718 3.766273 8.528682 5.004599
9.385923 8.058495 4.257166 5.138415 11.5148
6.201371 4.433562 8.842584 12.21025 2.956841
10.86129 6.439982 7.381562 11.59679 6.788023
8.254824 9.330824 3.133327 11.87159 6.00488
10.3025 8.401078 11.5207 9.256674 3.805174
9.663229 12.79142 13.43763 7.66634 5.109855
10.54093 12.40308 3.633413 8.653488 10.76344
8.711988 6.383371 11.90692 5.810423 6.866039
9.111895 10.90732 10.34776 12.78332 5.439609
8.483851 10.28033 7.857797 7.072797 8.661318
5.369557 9.311956 8.038785 6.984721 6.75237
5.004599 6.43603 14.05201 9.077541 4.05842
8.753008 9.253019 8.837027 4.986845 6.157926
7.281945 8.328085 5.142772 10.01318 13.26286
13.54397 6.784717 10.80922 12.15981 11.81322
13.51454 5.049685 6.006202 7.024368 10.38062
8.491591 9.545055 9.799211 10.3982 11.87537
13.28145 9.501103 13.25496 3.750524 9.113083
3.475596 9.006085 4.097446 3.255661 12.3612
3.659214 9.038285 12.09548 6.369595 3.25566
5.080822 8.594195 4.084516 5.64819 4.253215
7.120059 3.133059 11.75439 4.954831 8.94448
6.324502 11.84044 11.65874 7.209009 12.76056
5.869566 6.336794 6.056933 3.133329 10.20858
6.473933 6.653985 10.16328 8.017911 6.802491
6.866655 11.39204 5.495501 8.637837 7.002923
13.6693 11.04313 7.699652 11.38545 3.808754
2.621896 11.22898 11.36443 4.4692 3.497414
5.756674 12.29878 6.662264 12.83067 6.446996
4.761757 7.120235 4.257815 10.82972 10.58689
12.24074 7.258372 10.52695 12.07157 6.754209
7.25956 6.666797 3.953072 9.963241 6.150347
4.378026 8.502533 5.789752 9.013973 5.623176
13.95516 13.55201 3.293412 8.753579 6.49687
4.620551 2.750751 8.492469 7.753421 9.56502
10.39137 5.980895 10.86084 6.477659 7.464316
6.751035 7.369813 9.892166 11.02116 7.771014
3.881631 11.75667 7.013772 12.25439 5.510041
2.994127 8.504441 7.254356 6.28007 8.913844
6.869854 3.719579 12.95857 10.52868 6.083991
11.75998 12.51434 7.654291 11.09013 4.664059
10.43225 11.31134 6.967385 7.753751 3.504185
4.473062 12.62091 6.805061 10.80068 12.8549
11.26371 3.23591 7.253858 3.003802 10.02263
4.257815 7.273141 5.623743 10.57164 13.74927
12.22416 6.889648 7.617012 10.50468 3.752002
8.041578 5.555887 8.911786 7.359665 6.809342
10.55173 12.23841 3.571719 9.401147 10.90539
8.675143 7.251418 12.165 3.586586 12.68704
10.61502 12.17894 6.001698 9.21305 9.076085
13.57664 10.96402 6.271454 13.27495 12.52484
5.492403 8.525847 5.235311 13.91948 3.68227
8.042038 13.87093 9.118733 6.2523 6.290169
9.703597 7.348069 8.492871 7.256317 9.941744
3.007755 8.07889 7.576691 8.178678 8.635642
5.869954 12.70376 10.13098 10.83155 13.01455
8.993897 13.12872 7.114699 6.997803 9.676225
4.506512 7.7437 4.499804 11.37515 10.64274
8.745853 3.375056 7.998517 9.514616 11.64209
7.499362 7.036937 13.69973 10.52334 3.251951
6.17493 6.518374 8.93322 6.575459 5.352682
6.745756 9.118262 9.147435 5.630581 6.078932
10.00364 7.848967 7.654929 9.646694 8.299285
9.346747 10.06992 11.87924 11.84013 3.771652
6.88473 6.134472 12.13545 9.20323 3.369545
7.504271 7.204024 12.96391 12.541 5.886628
5.905951 3.078746 7.711196 8.798322 13.36283
6.650554 4.382352 8.034509 6.530813 13.47979
10.2125 10.84545 9.344502 10.5304 12.89754
9.263992 7.275645 5.597543 10.14008 11.86988
9.277273 12.6063 8.145916 10.88352 7.026144
4.259556 8.601526 13.26971 8.035032 11.30855
3.99746 12.14001 3.40276 5.449982 8.016324
12.03984 3.622351 5.826126 2.753276 5.157532
4.089023 13.28082 9.926513 7.055584 11.55641
8.744833 5.50266 8.148288 5.879348 13.60857
7.216718 10.9811 8.34023 3.453679 8.781446
9.964051 8.812359 9.494285 12.31112 13.10578
5.04181 8.044359 11.91753 6.151335 3.307934
5.752234 8.754616 7.849498 10.69044 11.20767
13.30362 4.306665 6.836485 10.00243 6.00488
10.54574 5.35967 13.08473 11.58714 13.0078
6.660198 7.906038 9.630038 7.759505 6.930682
10.28791 8.29929 6.495209 9.152115 2.869536
5.255492 3.405225 9.468952 7.6703 5.533894
6.230065 2.74205 6.351456 12.36777 6.219998
6.258944 11.97287 11.97475 4.702161 6.650823
12.4266 7.734282 9.003068 12.37668 8.070953
7.882879 10.01907 8.497732 12.89498 5.855543
9.508991 7.763657 7.635023 5.242876 10.31882
11.3879 8.764223 5.926337 6.29017 5.829116
8.975167 6.530813 4.434488 4.109506 4.712972
2.751892 7.849549 6.736147 8.672213 9.306127
8.760661 13.38179 13.03921 9.497643 3.937611
10.01218 11.91602 7.24377 4.673301 6.274694
11.18401 11.22706 8.169336 10.27598 2.599647
8.876189 13.20396 5.934343 8.74541 8.014551
7.789138 12.40487 5.577492 3.411969 9.690115
5.591028 3.92274 9.948035 5.883469 7.719656
9.597403 7.704214 8.252611 10.79172 12.20898
5.305141 8.425654 6.358555 9.425235 13.31012
12.89809 10.67792 13.1689 10.83982 2.799072
9.822096 11.42595 8.981063 3.281626 8.949141
8.301744 11.97484 10.69246 10.20344 9.002699
7.881662 8.183106 5.997626 13.41605 11.598
4.620552 12.61321 6.605657 13.97119 6.514646
7.409005 9.70143 6.812554 2.74957 12.21803
3.251951 3.99654 4.069094 9.913434 11.31553
8.552192 7.560332 9.67715 4.004733 3.495676
7.28437 5.094258 13.91669 11.77755 7.90563
7.687194 13.28443 11.37905 10.7804 7.008694
12.33727 9.529112 10.42134 9.751494 7.260303
9.038429 8.478115 10.89196 7.64176 12.97839
4.004342 8.050354 5.070066 9.24018 12.79917
6.615338 4.267524 5.5039 12.01672 8.070453
6.657835 10.24762 3.63345 7.968205 14.06127
7.392514 9.888663 6.018249 9.571034 4.299153
12.89017 11.85505 6.918101 2.994124 6.462509
2.703828 2.750751 3.63345 10.75058 6.045695
4.264487 7.568597 11.1809 6.103594 7.184649
4.89662 10.91207 6.632258 12.62993 12.35739
11.22399 13.94939 10.40972 5.744896 6.872009
6.808499 9.885012 9.560284 11.25358 5.63903
8.405781 9.015587 8.781563 7.759902 5.753622
8.76821 9.140763 11.9329 8.720143 8.823053
7.506141 8.778528 9.093392 10.09728 8.207943
10.11584 9.19721 10.54444 8.366175 7.857478
11.45126 4.002426 13.70129 3.699027 12.98658
8.457037 6.430491 3.173693 8.052631 13.96021
3.416272 8.440422 10.00455 4.752112 10.50733
7.730817 4.313097 8.083126 8.010128 7.012741
7.38098 11.81387 7.962787 6.012507 2.994124
3.251951 9.071314 10.75434 5.54187 11.22707
5.763446 11.41698 6.71129 11.91603 5.288707
7.341699 5.885629 6.253753 9.052007 4.010785
9.112413 2.906239 6.424051 6.507946 8.597932
6.834911 10.45129 5.258397 10.99935 6.007456
8.372734 12.53789 7.442064 4.470058 10.0226
11.55752 13.01104 3.003802 9.472565 5.501249
6.497734 5.027306 4.257816 10.50778 5.880305
8.142168 7.975035 6.413434 9.214437 11.054
12.60953 9.226443 11.12244 7.837278 11.70825
12.89123 4.679729 2.756135 13.30318 11.02626
10.25381 10.76036 10.61386 10.37162 7.2588
6.266988 4.465081 9.554479 10.49963 13.51012
10.56296 7.750836 6.508548 6.432357 4.22197
3.548542 11.51635 10.49977 8.646218 10.43167
5.335667 8.821578 7.749139 12.47728 8.8683
4.902409 9.969192 9.86961 9.160352 8.615645
7.319318 6.65045 10.69577 13.13611 11.82985
5.891645 13.56843 10.69269 7.253092 12.63918
7.85507 11.86924 7.394203 11.56172 5.715375
7.932685 9.420879 12.78673 6.801605 7.00734
7.393206 13.20919 3.881622 8.247628 13.89076
8.68177 11.9134 7.766012 12.59131 6.123528
7.594783 3.888454 6.894742 11.50935 5.559945
11.01345 9.436422 13.57623 2.751892 5.173501
8.036256 13.07679 13.13807 8.902233 8.792733
7.252446 6.631295 11.22122 11.39868 11.80152
7.634153 7.516341 4.54733 4.257166 7.29489
3.191006 12.68524 6.047717 4.460104 8.646354
8.886873 7.384613 13.13634 8.199781 10.78703
11.73159 9.885075 6.253579 5.911466 10.9975
5.35967 3.433372 8.88109 6.763762 6.064467
7.4398 9.63063 6.155696 4.13563 10.55376
9.883344 3.001955 9.59948 8.229162 5.133653
6.22828 11.11969 3.633415 4.997561 7.484747
9.030477 6.00589 3.379645 10.9328 6.948472
4.040203 10.35374 9.887176 3.624299 3.078743
5.150173 13.22099 8.291572 8.506042 5.802364
5.024209 4.179876 5.509526 10.13973 9.77574
10.93109 5.910303 9.004581 10.52253 3.003475
8.115722 13.26751 8.275043 11.08954 8.732948
3.475667 2.848171 8.502511 12.94099 9.618992
13.22807 3.007761 6.643754 7.786826 6.403837
13.41496 9.603404 6.934049 6.368698 8.729903
7.591119 7.354146 9.714773 12.32965 8.814765
8.155972 2.997366 11.31798 2.751892 12.13051
7.297468 8.124278 3.506035 4.276293 3.369544
12.62167 10.93262 6.534447 10.00804 4.383158
3.329129 9.237898 8.60787 2.913651 13.04642
10.02623 6.304116 8.926059 13.10596 6.175549
5.249126 3.252915 8.148791 7.505657 6.002132
11.0337 5.513658 10.51082 7.708545 10.65493
10.68692 13.05381 10.89988 3.794111 2.863096
11.54284 4.191126 6.72917 12.69387 10.01202
8.226456 10.69957 4.010785 11.91257 12.06232
11.22974 6.915138 7.37273 10.75394 7.765985
7.174189 5.893599 6.178927 8.801941 14.0612
8.391767 8.252411 8.059784 11.09359 9.661303
4.391036 6.457302 7.187542 7.310617 8.292458
10.35887 5.895753 4.252055 12.97382 6.721978
9.866051 7.273139 11.03986 4.708354 13.34771
11.06058 5.635728 3.962963 10.01254 8.852791
7.621036 12.91754 7.92061 7.258071 11.30104
6.120398 5.475505 4.492037 9.757685 7.436555
7.042051 9.006405 13.29804 11.09168 4.512335
7.19157 6.866045 8.439638 8.642157 5.0242
2.621849 11.10519 6.371164 4.661541 9.029263
3.511566 11.55201 11.87212 7.70423 10.86795
8.063898 4.79844 11.10436 8.794452 5.892071
10.02902 10.33106 6.5702 11.94891 12.30964
5.278501 11.94184 4.104043 3.255661 8.271357
13.91663 6.74996 11.72461 7.479325 3.124246
12.06864 12.99477 8.783597 6.614049 7.59907
4.631643 7.482983 4.518349 4.004342 3.48623
7.258843 9.85871 13.75083 9.843091 11.91173
9.465911 9.00734 9.348121 12.99859 11.61228
11.81081 3.145143 13.72678 8.751185 4.386419
12.91472 8.753572 9.720468 10.61118 8.442245
10.95925 7.259168 3.904727 14.03912 8.840947
11.44398 5.837931 13.67771 8.078588 7.264507
9.235299 11.72353 4.135631 3.78096 3.253427
12.7858 8.926171 9.081617 8.686885 13.02637
10.14964 7.260564 3.414569 4.642673 11.71998
8.055568 6.335726 4.004342 6.932973 3.51999
8.856575 12.70354 8.490072 11.5976 7.91829
7.136438 10.37672 8.052543 7.614053 3.495681
12.33058 13.74822 8.671395 7.000942 11.22818
6.216179 12.25548 9.405374 5.883473 3.736967
4.627747 6.520039 12.91902 4.62948 9.400148
2.599647 5.485833 4.615259 4.382362 6.814716
12.6098 6.283746 5.967848 8.987168 8.51697
11.49729 8.016321 3.23591 5.777167 12.36908
12.83605 8.632051 7.253092 6.053949 7.25956
7.408383 9.174252 11.00378 6.861691 8.568883
5.281461 8.178794 9.540274 4.027405 7.549696
10.34925 9.511739 10.91237 4.755299 6.240631
8.542673 7.256077 11.34382 10.21184 5.64468
8.988659 3.752046 10.10433 5.495495 8.590369
10.94472 5.257996 7.004009 8.483356 6.387454
11.95688 10.00645 10.85997 5.353405 2.889515
11.98614 7.753991 12.42959 9.265909 8.43563
7.645388 10.11524 5.774088 11.35082 11.96302
12.41847 4.790012 3.607917 10.99217 11.67946
8.690747 10.07063 7.80358 6.726481 5.738285
4.381214 3.32168 2.649091 13.25901 12.22173
7.950309 4.000819 7.406678 8.473534 4.370437
12.67228 7.642337 3.915091 11.10043 12.00769
12.23756 4.959859 6.508991 4.184329 9.16145
7.761861 4.38236 10.59892 10.65627 8.035032
13.53911 7.381259 8.257698 6.258945 10.2553
6.336794 4.004342 7.848354 7.277404 9.275583
11.9483 3.881631 3.972943 11.40684 4.003099
6.90576 3.617409 12.37164 8.166557 7.719612
8.662148 11.94832 4.842998 8.415881 12.28785
5.85826 6.225125 12.62334 8.971338 10.26847
11.9168 11.52049 13.50654 11.41518 8.325875
2.672826 5.653912 6.721666 9.545929 7.606344
12.35011 11.25906 4.68317 7.759902 4.649727
10.5973 10.7626 3.353408 13.59286 8.420444
6.578462 4.636134 9.509197 4.610603 2.800136
6.788762 8.107414 7.058577 12.77401 10.25902
7.73121 6.970862 12.57698 10.63846 14.04517
3.757258 7.623692 3.70265 11.68285 7.620711
10.11228 11.77892 10.01012 3.671994 11.91489
9.507686 12.82435 12.79213 6.668388 4.308882
11.68633 10.64036 8.536596 10.71087 12.04733
3.856195 4.002962 9.206325 6.03936 4.62516
6.172605 6.141482 3.99746 5.111068 8.278972
13.69364 7.931828 8.329716 12.66406 6.258944
8.60124 7.795831 8.044838 10.98053 6.376772
11.67523 9.266367 10.18023 8.575441 6.199225
7.736554 7.704455 3.475673 10.78388 9.591111
9.104063 3.605912 8.435629 12.07877 8.753579
8.104062 9.369672 8.921797 12.69338 9.164758
10.93707 5.97959 3.252428 4.034938 7.759483
5.742988 5.636418 7.975545 4.141689 5.256305
8.105817 12.22071 12.20753 12.56307 4.382353
5.149026 11.66225 10.76425 13.51295 11.37968
10.95788 3.686139 11.00829 6.603307 7.643142
6.150432 6.144562 6.505035 8.017535 8.374734
10.98995 10.24745 13.5358 8.147876 12.42325
10.37475 11.48951 7.797053 7.398629 5.762144
8.987528 9.146192 9.352151 13.15166 9.787338
8.790915 12.14445 4.199062 6.207941 3.119469
4.983368 6.37782 6.247975 5.307155 10.11195
6.104764 9.328655 6.427615 10.42855 3.185963
5.583142 3.869547 7.710956 7.696271 9.216385
7.135024 6.682682 3.077332 8.40551 6.251275
7.109263 5.939391 10.28972 9.866006 3.466703
6.515051 5.758665 7.031493 7.901247 10.12631
8.569852 6.752615 4.412123 11.70213 9.405113
3.497413 5.185015 8.756408 6.926084 9.395104
6.961439 8.541892 3.80002 9.732959 12.73507
7.175757 8.546186 3.227342 3.228386 12.83977
6.385363 13.4452 7.579298 4.232656 8.541459
10.26809 2.855804 4.004342 8.890064 6.880136
10.5346 12.78702 8.252611 9.692558 12.16664
7.5609 11.26784 8.241132 8.857201 3.714358
4.50447 6.109739 13.56088 7.600118 10.48718
3.495676 7.771596 4.6797 9.032558 3.251951
13.15468 8.155011 11.41577 7.162145 12.61613
8.770901 9.465659 2.603683 4.931683 8.208017
13.49143 12.54239 9.120372 7.063145 13.08216
4.708911 8.965555 4.634723 4.752112 4.010785
12.84388 9.642745 10.95988 11.60638 13.66253
3.251951 5.663127 7.885064 8.873536 9.514042
8.246551 6.040827 12.59631 5.971955 13.75807
6.752371 7.72578 7.7028 6.428 6.008189
2.774327 7.652198 4.369636 11.70508 3.577361
5.167443 5.965028 9.881705 6.62994 7.812827
8.939743 10.4863 8.653066 9.384862 10.14505
9.198209 12.85385 8.789625 8.261592 2.781605
5.568892 12.17481 6.372419 12.52364 11.44754
9.797392 12.26458 8.516967 4.940163 5.800237
7.091903 10.20975 13.11122 10.30272 10.00769
11.50808 9.532223 5.728151 13.2999 6.402713
8.226379 5.410028 7.36916 4.257816 7.560989
10.18642 8.568251 9.713626 13.37127 3.771648
3.713987 3.928317 5.122186 10.69332 6.939295
9.860867 6.420754 4.208523 8.052585 14.02285
13.7027 6.607586 3.714358 6.771089 3.984542
7.863104 8.402402 11.9851 4.184749 11.62871
3.950941 5.392227 11.26977 4.109149 10.13676
10.89087 11.25328 8.51697 7.155664 8.272057
4.633569 6.055133 6.598957 3.339572 9.100221
12.7553 3.547026 3.714366 6.862098 8.478065
5.549228 9.369102 11.0116 10.6622 6.824853
6.194211 8.65532 11.69478 7.049933 7.005196
6.820583 7.281891 5.765393 2.953467 13.45094
6.998242 11.30768 8.99892 7.470049 5.316585
11.78508 7.860118 6.095918 11.86216 13.60688
6.433353 3.74116 2.997363 11.35225 5.3567
2.983429 5.379289 4.075325 8.606587 10.55966
4.439974 4.369168 12.52338 8.593076 8.961311
9.307711 4.331994 12.66886 7.872344 5.976845
5.29004 7.114311 8.353161 3.091433 8.520563
5.770553 8.051542 12.09977 13.68699 5.91834
5.695727 8.218473 10.82231 12.98466 5.118663
9.388546 7.933712 6.509865 6.938667 6.461567
11.29251 6.85049 11.8695 6.73662 5.126975
7.491299 8.116062 11.81709 10.75494 9.534236
12.11665 5.423099 9.973777 7.566028 6.004019
11.3485 10.05751 6.591959 8.035036 5.397113
7.99477 5.801495 7.299857 8.307375 12.70445
8.585919 9.33484 5.716784 3.251951 8.165843
9.227812 11.25996 8.687488 5.630588 2.997365
11.01251 9.964491 12.11889 4.623993 11.87265
9.865215 5.850617 3.501702 8.445508 7.767349
13.21752 5.367552 8.41175 4.498922 6.029287
6.610864 7.057588 8.685443 7.377433 8.46032
10.04016 12.2537 4.771686 12.04291 6.019441
12.58411 8.573355 6.749656 6.355864 12.94749
6.313154 10.02423 7.071018 3.75376 11.02002
6.2523 6.733893 9.190074 6.357321 12.36242
6.714787 7.247291 13.63421 12.74343 10.48685
8.828783 7.196833 9.17019 10.49688 11.83124
8.498199 10.6378 5.021921 6.466208 4.757673
7.527792 6.587746 6.298104 8.244496 5.439626
7.478574 6.69646 3.133326 9.114681 3.809068
3.750524 8.639143 6.505035 5.986883 2.893874
9.001098 4.997562 4.14313 9.354628 3.750524
7.500431 10.80737 5.799749 6.24459 6.589493
7.008621 12.05583 4.006182 11.41943 6.334685
6.029285 3.909102 5.494746 8.33251 7.306004
12.66712 7.880416 11.42577 9.672602 10.66066
3.255661 9.841865 3.591465 5.909966 7.59853
5.269473 9.910994 6.203229 6.001239 13.06839
8.779362 4.461165 3.743103 12.14784 7.966191
6.82402 8.868828 9.015971 4.506685 10.30411
6.272566 10.55332 5.258397 10.55111 8.454493
8.842777 7.752615 6.435483 7.255688 5.55959
11.7675 12.21819 12.13456 9.273095 5.828399
6.731844 12.08823 10.29147 6.509048 8.170559
6.324691 12.02649 4.752112 2.633102 4.104038
4.318249 5.252171 7.914328 7.688473 6.960463
9.197311 7.253019 8.660749 6.033306 7.699975
13.32933 7.884726 10.66961 9.918208 12.87075
5.524377 8.244573 11.52226 12.25577 5.871186
13.2573 7.913651 11.10589 5.674808 12.15124
5.891001 10.6963 4.752112 6.581746 5.38172
9.518426 11.10138 3.969963 6.924832 10.42084
9.682181 12.13442 8.148574 6.694563 3.133329
8.905658 8.252789 6.476617 9.04372 13.12009
5.353383 6.663943 6.987025 13.95789 7.062587
6.258944 11.30147 4.504679 13.39952 6.00819
4.081166 6.752514 11.30345 7.148023 4.568233
8.915751 4.512332 7.358457 7.505371 8.98605
12.25728 9.763444 11.69964 7.280278 5.175948
6.007018 11.58886 7.463788 10.81003 7.349421
8.395544 13.74495 13.83775 10.81396 5.452666
13.18307 7.407253 3.688471 12.67311 6.2523
11.08909 11.19817 13.19861 13.18523 9.03829
13.57875 13.05155 3.904115 8.58746 4.516319
7.416821 11.12546 8.277726 11.21023 9.941541
4.752111 5.152621 10.76315 5.421486 12.50067
11.77245 13.90374 5.653759 11.602 4.49657
3.139966 5.591046 5.359165 8.660621 10.00936
9.681405 8.275043 3.563796 7.935584 9.272726
5.072264 3.663903 11.81115 8.750253 10.25147
11.92511 9.101779 7.851263 13.0851 13.33854
6.259805 9.729856 11.74346 2.646205 7.548955
9.909743 4.431735 6.839942 5.412027 7.147086
6.29262 5.369559 3.495389 5.641478 7.581678
8.25342 7.253131 5.673603 9.681894 7.057177
10.72121 5.875903 13.71441 11.14174 9.695769
7.210965 8.659855 3.714366 10.25433 7.873001
4.280779 8.488396 10.76599 7.381416 5.607952
13.78073 13.79108 8.509596 8.170715 6.650925
9.284544 7.727338 11.44346 9.520155 9.480343
8.170868 6.680091 8.420052 9.689436 11.79631
9.58113 10.03913 8.68346 13.49968 5.501485
7.254083 6.026042 10.22031 5.546576 10.9853
6.952326 4.266771 11.1399 6.791446 9.842997
8.959982 13.05781 6.029282 6.265078 11.59912
3.096656 9.25127 13.79978 3.869564 3.299843
5.909346 8.518745 8.144062 13.21926 10.09307
5.244082 13.62112 11.46098 7.787764 13.38673
13.88739 10.242 8.739451 10.24818 11.93351
12.53063 7.65814 7.657526 8.987193 5.753509
8.424746 5.526759 10.65718 4.990204 10.00348
10.75314 8.399358 13.91005 7.594357 13.15464
11.75193 8.259303 11.70212 10.11821 5.917786
7.899886 7.554671 5.082536 10.50672 5.474668
6.509762 13.64697 6.825011 5.958502 9.535022
12.6967 11.54522 9.617593 6.965175 6.519576
3.618361 6.898307 5.944416 12.88717 7.652281
12.6015 13.99054 3.757257 11.34096 3.251951
6.020567 6.775507 13.85748 3.91509 8.211973
4.521584 7.515723 7.041054 7.962663 7.797077
9.24445 13.49279 6.46082 10.7752 5.879541
5.106379 3.953072 12.57486 11.00769 8.504671
12.11072 12.36603 9.934662 11.6319 10.96369
10.28179 11.05272 7.808197 4.588946 8.173372
13.62954 9.818083 10.56167 9.497951 9.206616
13.63809 13.17839 7.774054 8.856862 5.130805
7.496816 5.85684 14.02382 10.52612 10.25342
5.136179 11.75038 4.509095 7.392319 6.065627
5.891811 8.137089 9.493415 4.757674 13.76041
4.75813 9.000782 11.30444 5.243705 8.727293
5.752445 5.284785 10.42579 9.899964 6.749171
7.719432 13.30362 8.079752 5.753616 10.07551
6.579924 3.069119 4.004342 10.44358 4.518349
12.70242 10.56476 7.126477 5.911545 6.413429
6.156756 9.903046 9.03829 13.82671 5.84046
6.768698 3.64006 9.276145 8.016324 4.603895
6.697373 3.026658 6.369568 5.049191 10.34814
7.162188 2.621874 6.712116 8.138733 13.36723
7.758071 4.214004 8.118233 4.927139 2.849139
5.80376 4.429993 9.120091 14.01329 10.27885
12.26938 9.352118 12.20671 10.65222 9.049356
6.559341 8.171681 13.69919 11.48757 12.4981
4.167584 8.153136 11.14501 8.756452 5.895674
13.68928 9.014182 13.94013 7.497872 9.688083
6.079506 4.309429 7.279254 10.81726 12.34453
6.138692 6.405197 8.344036 12.55323 3.003803
7.553644 13.08845 8.928801 12.72484 4.922856
10.55063 8.542288 8.803248 3.698129 5.905714
13.00417 9.722567 9.328834 6.290169 7.809404
3.003802 8.75429 3.043703 9.971231 3.25025
12.76979 6.12076 5.219595 6.476615 6.711287
7.319783 11.82538 13.74083 7.835154 4.089349
11.98184 7.005243 11.31312 3.425543 8.052592
9.065144 6.068223 11.49295 3.508624 10.27371
9.456276 13.40939 4.772618 12.1085 7.368177
11.22274 8.166535 6.15794 9.366296 12.22963
5.540901 3.271356 6.873125 4.505666 6.172233
7.301625 7.013636 6.820918 5.706095 12.26458
11.93356 10.85323 8.252611 9.928756 8.036045
7.007693 9.099867 9.63469 10.54666 13.90065
11.01873 3.001811 10.76758 11.88585 12.16073
7.038559 7.170672 10.96207 4.504471 6.002308
8.221623 3.253184 10.16998 6.528309 6.368465
11.7555 8.609717 7.981222 5.906669 4.164283
4.712462 6.914387 9.725513 5.372993 13.00321
4.833943 11.54902 5.527315 11.36289 13.42118
7.369161 8.514285 6.00537 7.297491 7.452672
8.731894 5.638864 13.14943 9.112156 5.659672
9.512973 3.888448 6.597087 5.77802 7.000606
5.096347 10.50934 3.251951 7.410849 11.00115
11.49551 4.003099 8.6909 7.557946 8.38968
7.249206 8.283346 8.694011 10.70499 11.00152
8.369811 3.724181 5.87041 4.512335 9.509178
9.017669 11.24333 5.571705 12.81698 8.752702
9.774068 7.313666 3.777948 13.08328 9.74412
13.96051 9.685708 7.813177 8.969121 3.780972
8.415277 8.423522 4.014188 8.012582 4.359487
8.75823 9.970953 11.02116 7.26218 6.374296
5.231374 5.673703 4.527288 12.15831 5.463056
13.14182 10.29303 9.360286 4.503283 12.86536
8.804679 10.74138 9.542448 8.955946 5.697285
7.12256 4.908169 9.034704 12.25496 12.78232
11.79492 8.420961 11.35756 10.61271 8.06952
2.752292 12.99908 9.261247 3.823897 5.658665
3.808315 11.04117 8.464208 8.89007 11.87654
6.313154 6.464691 7.13404 9.351008 3.136791
12.50578 4.135631 8.951968 13.20333 2.994125
5.154596 3.323442 13.85336 12.84502 7.880786
8.253944 14.03498 8.778127 3.869545 6.204928
8.896611 8.582548 11.55579 6.211541 3.888453
4.837027 12.76055 8.767101 4.119915 10.26978
5.933974 10.22682 7.793551 3.235907 12.02
4.758131 8.344167 6.751983 4.162647 5.513656
5.217832 6.253618 7.38462 7.585384 6.108466
6.464956 6.239076 11.03961 8.641438 3.339572
10.86716 7.002564 8.64809 13.63398 13.94318
4.567542 9.473377 10.04912 10.70032 2.781598
3.570482 12.84671 3.251951 11.57608 3.334993
13.91548 2.872532 8.082826 6.322677 13.6867
8.505757 6.686907 9.533066 5.030649 8.410478
6.015491 4.00904 8.366303 7.858462 5.544634
9.034407 7.252445 9.628516 11.49994 3.994358
4.497508 9.863636 5.786873 2.857482 7.546308
11.41893 8.96389 12.23653 12.38057 7.252446
11.36966 6.899565 7.520581 11.54166 9.449876
6.029287 5.74996 9.505722 7.005196 6.997798
6.515059 8.326167 3.32561 7.122861 7.53766
5.767695 13.02775 11.31797 4.263293 9.860636
8.765991 4.638851 6.760115 6.258944 7.759791
13.57334 7.494515 4.379555 9.669741 4.373937
8.634846 8.567707 13.26039 7.449449 11.48522
6.006716 5.046703 8.40245 10.00635 10.86795
13.1214 9.408348 4.518562 11.00626 11.75394
6.636927 5.019178 3.355622 9.676724 11.40081
11.48064 8.197041 8.18463 4.287087 8.649101
10.06265 5.3173 9.887176 10.00206 3.570135
8.673291 7.099758 7.326356 11.25079 7.384615
6.940858 6.706691 2.672828 6.416081 7.635024
4.253753 8.294949 12.39376 10.25375 9.089483
5.677064 12.04187 5.408756 6.663449 7.49761
4.992382 11.48268 5.804256 5.154436 6.195155
3.124246 6.286109 8.181164 12.09339 4.206929
6.632306 5.52676 10.52637 4.719468 12.65466
13.924 7.884195 9.819945 6.158101 13.33324
11.70018 6.492406 13.50192 9.137675 12.29654
8.263514 13.07131 4.180051 13.34134 4.35643
11.72373 7.136461 8.688369 5.504735 7.602906
4.044341 5.645603 13.82958 9.171307 9.381153
7.965046 10.54325 12.10037 8.517631 11.00425
8.799414 11.43332 11.04696 9.876087 11.10258
10.71553 7.893725 11.70018 8.252611 12.72347
3.579185 13.23996 3.93966 10.27492 5.754958
3.507159 3.003802 10.7709 7.676813 12.12835
11.01405 4.001766 7.586166 11.25415 11.61848
3.416272 7.048932 7.703972 8.041753 12.43124
13.31653 6.462508 8.597848 10.20798 10.8518
3.161746 6.525298 9.194139 9.457433 8.665928
6.266803 3.001953 4.664093 3.003802 8.498035
3.601525 11.37343 4.495588 5.331753 7.802701
11.20972 11.74328 5.022761 8.65443 6.917998
6.064022 9.194003 2.751892 5.957644 9.665399
7.224623 6.164416 5.804665 5.835202 6.991865
9.622226 6.759527 9.639575 6.785517 13.10648
5.856566 6.238708 7.504822 12.47293 8.162536
10.93551 13.13232 7.809281 9.528525 8.775922
13.277 10.40717 13.62876 9.136156 7.124469
5.749165 7.600103 6.386565 8.826322 9.594686
7.566977 10.60608 11.02633 11.89458 12.99967
4.798185 11.68281 7.831425 12.81676 2.835269
6.752721 11.5973 12.42434 7.502179 7.435173
5.880282 2.755689 8.698656 10.13939 8.99947
12.14155 6.271429 8.516967 6.79684 7.997947
13.26181 11.37501 7.074042 7.255904 9.368713
13.73056 13.90684 6.091493 10.0118 8.650068
6.609994 3.633413 7.269705 3.098495 8.997341
3.607538 8.846382 6.99961 8.210738 9.743904
8.040712 6.925775 13.42135 9.119187 4.639538
11.38415 3.916871 4.257815 9.681028 11.70568
7.029964 10.35831 12.55656 8.63694 3.251951
13.95788 13.47549 9.822338 5.769789 8.267357
12.75996 7.085885 10.89746 3.252234 10.64905
8.254395 10.57616 4.050829 10.15217 9.575293
6.84262 4.351272 4.255802 6.505035 6.688803
13.01081 6.231718 8.14591 6.196599 12.09696
9.431401 7.757535 7.231842 4.88278 4.010783
5.02132 12.84765 12.0197 6.413417 9.621771
6.373173 10.07969 9.195938 6.223009 9.677423
8.03203 4.25401 10.16741 4.254355 7.506507
11.67117 10.05529 6.258557 6.772276 7.807374
3.002397 6.821131 4.641143 9.712018 7.383249
6.70222 13.89801 12.50817 9.754958 3.504185
8.145167 11.99076 6.26391 12.56094 6.755299
10.86746 4.512335 10.59948 4.048428 8.28963
8.538165 4.50447 3.741382 10.16911 13.34427
3.255661 9.506203 6.006452 7.934488 12.84219
11.19892 8.439996 4.571132 11.51167 9.506203
4.561924 6.004679 13.44784 5.918516 6.37961
6.211759 12.07947 11.11483 5.506507 9.910992
7.93371 13.07223 11.88599 5.485383 5.319102
8.913897 3.527114 9.175422 12.26566 3.09324
11.37618 6.960986 7.503677 8.068383 10.43632
5.337573 8.336307 13.32213 13.3433 12.06138
5.054895 12.72772 11.21996 13.04952 9.524825
13.72608 7.321574 6.637065 7.78732 6.25234
9.769773 8.289352 5.252171 13.82914 8.921628
6.857702 5.797721 5.013113 5.967253 12.71958
6.886375 10.93215 7.178613 9.900427 2.994127
5.02783 5.943066 10.13715 9.018528 3.253145
9.555033 2.995699 6.844431 9.543897 9.807677
11.52509 5.814706 6.321357 4.005738 2.61082
13.45289 9.301117 12.50423 10.31021 10.27413
9.254394 4.242861 11.46066 9.047472 5.252171
5.363463 11.65317 8.282946 8.760782 7.555892
6.75237 4.303557 7.753282 11.49378 5.129142
14.07352 9.236349 10.62689 10.33429 9.687196
4.752112 12.87897 3.247158 4.934074 10.7881
6.869718 7.003739 10.98181 7.601276 9.546224
6.776988 10.53624 12.28296 7.088892 12.02385
8.539324 13.31625 9.232426 9.976204 4.604039
11.82251 5.307934 10.65198 12.43066 12.01635
14.06683 8.275217 3.220388 11.47849 13.49327
9.578884 7.220315 13.037 10.37748 3.799268
5.785346 13.89232 10.6185 7.374501 4.99424
4.296675 9.700816 5.800759 7.28427 8.699612
12.40636 4.787851 11.00991 11.82557 13.95015
2.608112 10.47184 8.987796 3.504185 8.593771
8.295976 4.804181 7.584218 2.67754 11.61787
4.278933 9.18601 4.94424 6.008072 5.676759
10.12001 5.836624 9.566193 8.819932 9.565058
13.20383 13.66925 13.29125 10.96717 10.3932
13.00226 8.723952 5.638254 8.972077 6.332644
2.925078 6.882181 8.135746 8.638939 9.252801
8.241951 6.130378 9.605653 9.506204 10.5151
13.29687 3.997944 5.375919 8.768447 4.637446
8.768994 4.151888 13.29749 4.713144 9.903788
8.274149 7.015166 11.72071 3.251951 7.979448
8.062876 13.54535 3.756684 12.25955 8.380915
11.30847 10.21013 7.621133 13.79553 3.10976
12.70693 5.520657 7.981249 9.540139 5.581684
9.871565 7.998758 10.99336 3.849279 11.55052
9.929247 4.859891 11.17236 11.03934 2.855804
6.80158 3.892315 12.76539 6.26817 8.008505
9.991709 13.1363 10.72729 8.640727 5.024209
7.557152 8.683325 9.001854 10.18866 9.841557
6.050632 12.88493 10.51424 7.116384 5.575964
8.848257 9.288055 10.26456 9.028427 12.22406
8.385932 9.2528 4.751432 5.904004 7.228204
9.248467 3.750515 7.267627 6.714885 5.316484
13.6207 13.78495 7.968444 10.45061 7.32242
6.969115 4.074879 4.999444 9.624305 13.67355
6.014148 9.036835 12.53501 4.252159 11.36068
4.004342 3.112897 6.711719 8.058374 6.889234
3.279287 10.74863 7.742186 12.63925 3.140693
12.18114 4.580384 11.44551 3.867192 8.933855
9.891295 4.585473 9.875563 7.0016 9.58945
8.75859 12.9204 3.251951 7.798935 7.12728
9.170374 12.91687 2.65765 9.121845 3.046394
9.90606 8.537926 11.73303 4.362214 4.516319
11.57229 5.967752 7.403536 3.601408 8.576861
6.749989 7.302569 8.685847 6.880136 5.348945
5.527742 9.371271 7.113266 5.253406 7.016719
5.437107 11.02505 6.599547 13.65947 7.906537
7.857479 10.87624 4.010783 6.005557 9.115633
4.538838 13.04441 4.010785 10.55305 6.633935
13.61452 4.994473 5.497149 4.500197 8.29987
9.637742 3.421685 4.755253 8.135642 11.26319
9.786021 5.509461 4.310359 6.060046 8.750598
8.469342 11.70369 13.86675 11.97804 3.581053
7.281165 3.266237 8.304976 12.84601 6.043453
4.029305 7.794839 3.710356 11.29248 7.587469
13.04548 11.85599 8.049281 12.0246 6.689903
9.570654 3.150755 11.26568 6.207937 6.049302
5.62279 9.714383 11.1653 3.133326 12.76391
6.996771 10.12209 5.248302 10.24995 7.00671
9.323647 10.42728 9.344174 9.196696 9.593813
9.122585 3.000584 9.595835 4.974048 7.12255
8.632208 8.28756 3.964138 3.133326 10.26056
7.109082 12.25411 9.173509 8.20784 5.892204
10.33274 8.001783 8.042038 8.091741 11.03236
4.224409 7.047584 6.585413 7.558449 3.108495
11.73934 12.80602 11.04157 5.406531 8.935039
9.667671 6.528617 8.456489 12.2376 7.685656
10.37891 8.406238 11.16066 11.99734 12.38961
10.03441 6.104837 3.752002 7.523994 3.251951
6.538095 10.83696 11.58625 3.255661 7.91932
7.723944 6.394793 10.97941 6.807604 8.259476
3.334993 7.637115 10.26137 6.758711 11.51221
6.959458 6.359064 5.946623 10.00117 13.93245
8.068539 6.766367 9.125897 4.753309 4.8483
2.698956 13.02964 6.3282 6.64406 8.371856
8.035036 11.1043 6.00488 12.1998 5.998527
10.14813 9.051191 5.269473 6.75237 7.259561
5.151372 11.20955 6.2523 11.01013 13.26287
12.42235 12.70568 3.953946 7.50187 6.23806
2.751892 6.99814 4.252055 13.01081 13.33704
5.258397 7.927523 11.75629 5.325588 5.886955
13.27767 5.197846 5.752233 10.50672 12.12603
10.74232 9.146057 9.65743 8.752702 11.30174
6.496415 8.815067 6.258945 8.626219 8.962665
11.36164 9.199433 9.324409 9.98264 4.010785
11.85696 9.219178 2.990076 12.26697 7.541589
10.49899 9.509525 9.752958 13.12934 13.3051
11.56297 8.968358 8.414011 10.64044 9.97006
8.169356 11.52636 8.401154 13.4653 6.508964
5.752696 3.528217 6.791088 5.978319 7.68349
7.136462 6.065325 7.58375 6.505035 6.016263
7.267624 10.51699 13.6105 10.88427 10.78148
9.541787 6.591952 8.729675 4.930405 6.230815
10.8749 3.635019 9.093387 6.008072 3.756681
8.016322 6.523978 5.393845 10.29031 10.49416
7.6546 6.386057 7.360503 4.496739 8.072624
10.50901 6.515795 13.2713 11.78082 6.778713
9.391739 3.220382 3.56911 8.1135 8.955015
8.169338 4.444124 5.699613 10.86963 7.310609
11.13615 11.11794 13.7956 3.373333 7.259167
6.024579 8.162555 6.053461 7.7599 8.137827
13.15278 5.416172 10.49341 8.349502 6.701049
13.56471 4.512336 7.714108 12.76433 5.250946
12.39459 6.758853 7.837441 8.735068 10.4886
10.2277 10.13939 7.157854 11.04327 6.472402
13.45796 6.869552 9.901519 13.58472 7.369624
5.02783 6.933109 3.757258 12.76882 7.693465
7.655753 7.897474 10.09989 5.009276 12.2726
7.172405 2.62202 6.996775 12.31487 10.13917
3.199492 7.714546 4.678857 6.383003 2.935232
5.966966 10.30181 8.588828 8.920544 9.630779
7.397378 9.706937 8.177003 8.760217 8.763666
6.30928 7.478568 6.374995 8.297421 6.869724
9.338763 4.005477 9.170779 4.002426 14.00126
6.059312 12.54723 3.081706 11.53097 5.620482
6.255026 12.41328 6.46064 9.228137 12.75608
3.286618 4.41007 4.345674 8.167765 6.893191
7.546308 5.313086 13.35574 3.043319 3.630563
2.983673 6.314522 12.30691 5.957149 12.8217
13.00851 8.512038 8.625782 5.921819 11.13758
13.48554 5.752399 8.014543 8.40097 13.71563
10.59603 7.782775 10.1406 9.630689 8.01258
3.307159 12.02119 9.65949 5.024209 7.160906
7.901732 11.77278 6.258945 10.75629 10.25416
4.497508 9.322379 8.992376 8.766294 7.530088
5.252171 11.42973 10.96368 10.06597 13.62919
7.838133 3.757257 11.4636 12.80401 8.064264
9.753753 13.11285 4.257514 10.64399 4.509098
7.45158 9.291112 3.251951 9.76456 13.02637
6.388775 12.03847 13.95039 12.08613 7.140555
5.017138 6.976807 11.33842 6.505035 8.391048
13.13358 13.89713 3.252915 5.426952 4.382352
6.268904 7.64879 9.901508 12.51551 2.995699
6.087915 5.359199 5.911469 6.468995 8.59001
7.955887 13.46311 4.752112 6.03587 9.827928
7.015168 5.752567 5.393258 10.25936 12.13981
4.509092 8.215714 7.828012 12.05744 8.264124
11.93126 5.5109 3.352086 2.632278 2.715581
9.470175 10.3884 8.261777 8.046909 5.133653
6.888213 10.3076 6.931344 10.71693 5.973493
12.45363 7.806771 9.054541 6.508635 10.45622
3.441054 10.96309 3.876859 8.842515 6.965571
12.2056 8.758139 4.579501 12.17739 8.243382
8.785985 4.512336 9.482072 9.780148 10.02871
5.217544 8.098895 7.723952 10.67208 8.762694
9.300005 9.398104 8.247089 7.386565 5.375023
4.136026 6.848571 11.47134 11.56024 7.550825
14.02436 7.604038 8.964525 6.512827 8.710849
9.518426 9.337342 7.5039 6.7528 11.646
12.63829 7.218823 6.091488 11.67188 3.25566
11.65097 7.227661 11.91494 3.756684 6.950579
7.005822 12.82765 9.748782 11.05656 10.21266
5.653788 6.12137 6.199801 8.267772 9.607314
5.427965 12.90701 5.463718 12.73582 10.69345
5.39388 11.80973 11.64684 3.645718 10.87995
13.30934 6.07019 4.075325 12.63753 6.696445
10.64489 4.254349 7.280018 7.499083 5.504735
4.335903 7.528852 7.120231 8.437861 11.83124
8.162705 9.084666 9.549777 7.358692 12.81006
9.946759 10.46128 9.834297 8.829658 7.999637
14.02387 9.576991 2.749824 11.6274 7.068132
10.33956 5.272901 9.859575 5.005304 10.23059
5.210988 8.359613 6.079507 7.540287 11.25394
10.36808 4.008222 4.398347 3.633413 12.11
6.057452 7.014651 9.071541 10.31558 10.33956
7.530273 6.853749 9.481548 12.42682 5.269473
12.16011 7.490581 4.7678 9.625296 9.813738
8.011266 8.504393 12.91129 5.758858 5.938512
12.04578 4.708053 8.592702 3.919091 11.65334
6.652027 10.9594 8.067713 6.828884 12.30335
11.18389 6.471534 11.84616 10.27701 3.954426
9.836407 11.15854 10.01495 13.02781 12.24648
9.729493 11.02218 12.15784 7.964977 7.606113
12.64331 3.995633 3.750524 10.06513 5.728952
10.28178 8.426187 10.51507 6.951259 2.867694
11.04641 8.629024 10.27929 9.496025 9.648143
12.87782 13.75847 10.02782 14.0023 12.67638
5.779353 9.256142 9.842896 8.122961 5.254958
12.89946 5.752233 6.339835 10.38781 8.328701
6.792171 12.32657 4.559757 7.516939 9.695209
4.50447 4.722238 10.77128 13.3056 6.805104
4.516313 4.45345 3.255298 12.25569 9.665511
2.695733 4.996632 6.01793 13.10392 3.804736
5.098577 12.07156 4.633569 3.531976 11.00702
5.388826 4.382351 9.79406 13.27476 6.966881
7.052641 12.52632 4.262498 10.25302 9.753977
10.66697 11.78876 11.40745 10.97828 13.53407
11.00702 7.774056 5.271489 4.503283 9.278934
13.03108 7.753142 7.10237 9.11043 6.959458
9.893743 6.379841 2.624994 7.553379 7.013817
8.952037 5.913748 5.259914 6.684343 9.346746
6.75237 5.256787 6.777859 12.70862 10.02062
3.475673 9.475064 12.5064 8.77445 5.620775
6.111343 5.851744 3.658757 6.009797 6.136362
11.06083 10.88423 7.731173 10.25198 5.634836
5.252171 11.6438 4.529112 7.551054 6.418942
6.362006 9.411182 12.81551 5.90497 13.47707
9.109138 11.49374 9.503832 4.938572 12.26888
4.635938 6.250862 9.857777 11.70117 4.871319
6.523442 9.224926 3.46692 8.902712 13.79714
4.918229 11.25221 8.842448 8.142949 5.745746
4.510298 7.927906 7.618073 7.634419 14.00007
12.25601 13.6686 7.005196 6.831207 6.2523
10.64984 6.563644 8.430582 5.689544 6.984507
13.09529 7.772626 12.25358 12.39226 12.67364
8.728997 12.43407 4.860389 11.92595 8.895967
7.860767 5.758664 12.88155 10.19394 5.252848
13.21002 5.870011 8.754948 4.755907 7.642008
5.004599 4.786009 13.51598 8.642222 10.99143
8.194213 10.01012 6.444421 4.120718 10.50506
6.286189 11.76515 12.08628 10.40553 4.215561
4.206687 9.794097 10.8026 6.91761 11.73965
9.921718 10.22035 10.08462 6.446049 11.29245
8.293134 13.36067 4.50561 8.987707 6.509788
8.791516 5.256306 5.636456 7.3745 5.581137
6.644129 3.844015 6.514644 3.633413 14.00244
6.048581 4.503283 8.753689 6.01415 4.620485
5.29779 13.77039 9.011127 7.285829 10.69422
5.62107 8.276259 10.55296 4.121355 11.35174
7.43487 7.012506 6.869554 4.598142 3.45238
5.785928 4.143823 5.173592 6.65344 10.52195
7.631075 7.715303 9.883842 6.710095 9.324763
12.88099 3.255661 3.978793 4.009039 3.506712
9.973379 7.973336 5.342957 9.891806 6.04859
3.362295 8.506198 11.83713 6.762543 8.157716
7.105054 6.961469 6.784644 7.823558 12.68386
9.999255 6.456866 12.37909 11.35639 4.264487
7.610552 9.341037 6.519899 6.665746 9.518551
8.869596 13.63646 4.504471 4.626652 8.861132
10.59057 7.074021 6.976984 10.13845 10.75734
8.809685 11.18033 10.13939 10.23224 7.735538
5.956865 10.97324 6.133835 9.938793 8.823013
12.52602 12.01735 7.000606 5.915728 6.612586
5.257996 10.12567 3.498014 12.71303 6.204599
10.73627 7.189595 8.081008 9.997146 4.004342
12.15682 5.752234 6.617367 9.230579 10.89382
3.600768 6.733413 5.802364 4.38235 10.1718
8.606157 2.749572 6.253131 3.251951 6.484984
6.00488 12.43592 10.11691 5.776157 7.890998
8.205387 7.445861 4.504471 3.9006 6.307587
12.09993 2.645341 7.717095 6.083993 9.209004
7.858965 10.14159 13.14057 13.46442 9.512094
10.11959 8.752702 13.63583 7.64569 2.994125
7.706057 13.74953 12.07332 3.982251 10.74414
13.2473 6.752125 2.994127 13.71192 11.36042
6.173367 7.100209 2.791243 6.629624 6.077874
5.512496 7.637662 7.042758 9.674175 13.21756
8.252611 6.886378 11.24181 13.87546 5.397113
9.480669 6.068703 10.33071 2.753019 13.29325
7.018225 8.051328 4.567681 12.44 6.859983
8.579407 7.797851 8.939745 6.020112 7.752721
11.78096 3.008744 6.183753 7.001465 9.223537
11.86733 8.29553 11.15345 8.971519 4.526331
6.090289 6.930145 3.286618 5.123866 4.482409
3.71612 6.795397 7.629619 5.786867 9.253752
4.758131 9.900157 7.188542 3.538276 6.254987
4.256365 13.35808 10.88352 9.38678 13.2463
9.247708 5.415093 6.313165 9.177358 8.753753
9.118092 3.75311 7.291842 13.2663 6.410775
10.7789 8.754567 9.872857 7.56511 8.375916
10.28919 10.62086 12.04749 5.269786 7.469628
5.100039 3.856322 2.624995 12.81769 11.1617
6.844324 7.744679 11.00804 4.934085 9.700772
11.166 12.46717 12.49318 7.531279 5.374112
10.03956 6.01415 12.29919 6.319339 5.72557
8.028502 9.595556 9.754394 5.772418 8.974449
3.733002 9.341554 7.388721 5.782035 11.94948
7.327063 8.197317 3.133329 4.50447 4.14311
3.721563 11.75464 7.005107 7.010084 5.066652
11.38792 9.802004 5.752232 4.123729 7.016726
12.25358 9.700559 5.26539 8.136879 6.763188
10.34713 13.44916 7.156147 9.059575 11.01891
7.0016 9.529961 8.151581 10.28536 10.36626
13.81149 9.44819 12.22083 8.253131 11.38539
8.252611 3.275868 7.539992 11.09191 7.71902
11.41086 8.416171 10.07676 5.86821 12.70803
9.170356 6.009123 13.09178 8.031751 5.540908
5.257996 12.73387 12.71791 3.007761 3.003802
10.13508 14.0107 3.40122 4.941631 9.543255
8.38665 5.687329 5.348084 10.86327 13.63493
12.51251 3.850102 3.432364 13.28254 6.708728
7.816001 9.753568 13.78794 5.280434 7.634153
7.901081 11.45685 8.402454 12.66694 8.16583
11.13417 3.752002 8.915946 7.815663 5.064609
9.278596 10.22561 9.764484 6.767225 7.861753
6.86133 10.45699 7.162943 7.269046 13.61034
9.752994 6.870729 10.64545 8.900167 7.226096
6.552309 4.697918 9.620828 11.17879 8.584355
9.250169 10.34675 3.859674 11.00702 3.356179
7.85591 5.758665 7.476574 8.505757 10.45003
8.777187 3.227333 8.725813 8.760662 8.584446
10.87364 6.557711 9.489441 6.75237 10.97822
9.004679 9.403837 9.273098 11.71942 3.23529
4.512335 4.253142 5.966629 6.464593 7.015166
5.318247 10.87833 10.90713 9.500489 8.283184
12.94896 3.75311 8.487942 9.777008 13.29863
7.658263 13.70375 5.25237 10.37911 10.5256
5.901093 6.958219 7.652476 13.08836 8.041876
8.369589 4.75813 7.220706 8.752598 11.1835
11.55637 6.254157 5.802364 6.938549 9.649827
12.0979 12.49332 8.940195 10.50472 13.5794
9.754394 8.507693 8.587459 4.13897 10.06872
5.808894 7.706947 8.567262 7.238695 13.08091
13.06389 6.253618 10.52492 6.122849 6.621767
11.90808 10.96068 6.083993 13.2318 4.465711
7.225893 4.757674 7.64101 5.997681 8.341471
9.79307 10.78583 2.994124 6.138947 8.99509
5.123866 13.78643 5.567142 6.792677 6.22303
8.442736 3.766972 5.591468 13.26543 10.25342
4.50447 6.385072 8.433825 14.04617 9.824552
10.26539 4.396282 12.22281 4.206227 4.379015
11.30218 12.50183 4.632441 11.29404 6.28007
8.761013 12.39812 8.432428 9.588976 5.15803
6.014148 3.672721 4.503283 11.88818 7.024823
12.36241 10.47187 13.2663 7.505371 2.908914
6.315257 8.738126 4.443616 4.444605 8.509049
7.515723 11.79818 5.054949 9.147413 10.77495
12.3522 5.978773
