1.505316 1.14717 0.3562641 2.422957 0.8203645
0.2364223 1.365402 2.769609 0.6582113 2.19436
0.7461679 2.188263 0.3433297 1.192762 1.156638
0.8299629 0.6618106 0.4441411 0.1800592 0.2089504
2.342664 0.2965113 2.032169 0.3716205 0.3160666
1.173021 1.379347 0.5037788 0.9484135 0.6530371
0.2408249 0.9072979 1.804774 0.8912792 0.2218836
0.3114065 1.778368 2.174223 0.8232172 0.3594828
1.400877 0.2105999 0.9192062 0.5254372 0.1588917
2.441936 1.346547 1.015309 0.2772871 0.811823
1.322585 0.6560109 0.4923517 1.010501 0.7428919
0.2061265 3.413974 1.828455 0.3719013 0.3016999
0.1182125 0.4997109 0.4778297 1.397874 0.4696015
1.828314 1.325062 1.209956 2.762743 0.4067674
0.4400342 0.8712212 1.182727 1.189457 0.8859101
0.2475609 0.9300868 0.3140849 0.2660163 1.156595
0.8310319 0.2820485 0.4510235 0.2462866 0.6512885
0.5264834 0.4410499 2.736001 2.776655 0.5050819
0.887517 0.3156677 1.785062 0.2491003 0.4071754
0.5438107 1.093373 0.2838189 0.2456361 1.783307
1.827914 2.778061 1.011408 0.9639208 3.444738
0.4555914 0.6000607 0.3558396 0.2643203 0.8146241
1.838041 1.842261 1.379556 0.3344871 0.8882638
0.5603262 0.3986196 0.2374757 0.3038798 1.828308
1.376122 1.490932 2.441356 1.799916 1.370786
0.7794993 2.441724 1.566991 0.9145259 0.5189127
1.804734 0.3690545 0.5439993 0.2058038 0.7093954
0.4831995 0.6693638 0.2698991 0.1482264 0.2942902
0.7173565 0.1489278 0.2678889 1.843367 1.520582
0.7125799 0.5838038 0.5297901 2.778005 0.2734953
2.14551 0.2601197 0.380465 0.4917471 0.791306
0.6334981 0.9162193 1.063983 1.467882 0.7252088
0.3535456 0.5465994 0.5594023 0.2378826 0.3822576
0.5182066 0.7471473 1.10183 1.840844 1.421557
0.2531682 0.8920093 0.8434864 0.262276 1.08943
0.2988095 0.4064212 0.7651766 1.153322 0.4116405
1.2836 1.209653 0.6988143 0.4969458 2.422988
0.440771 0.4684073 0.2988718 0.7523605 0.3097227
1.597951 0.7714217 1.422162 2.42959 0.4670268
0.7510298 0.2837071 1.028716 0.3792334 0.4042032
0.507855 0.520957 0.7621867 1.206408 0.636337
2.441923 1.819867 0.7174292 0.5283706 1.141878
0.2514758 0.50179 1.560691 0.288087 0.2572541
1.320106 0.6815171 0.3819551 0.235248 2.441966
0.7195095 1.843895 0.4263773 0.6916291 1.009648
2.220793 0.7759385 0.4406674 0.5499967 1.783549
1.376452 0.6698005 2.09158 0.5385236 0.3570749
1.452837 1.102001 0.8156902 1.101777 0.9995072
2.039571 0.6258644 0.5016978 0.6107238 1.205989
0.622409 1.587896 0.3092678 1.424057 1.860158
2.775329 1.538338 0.2452441 1.76345 0.4604761
1.844614 0.3025061 0.7610788 1.441228 0.4595947
0.96013 0.6118104 1.098326 1.001498 0.2997194
1.847556 0.5074301 0.4265714 0.7912489 1.215157
0.275285 1.032115 0.9020405 0.6711537 0.6996316
1.664397 0.6312104 0.5671532 0.2906297 0.8934811
1.829888 0.5527783 0.3653376 0.6779511 0.1613353
0.6466775 1.039239 1.749514 2.764315 1.530854
0.4204083 0.2030022 1.131899 0.5290521 0.5320211
2.441104 0.5689331 1.845473 0.6611992 1.521173
0.5722714 1.452442 0.7142221 0.8241349 0.4549212
0.2867963 1.846829 0.2860387 0.2157736 0.6830118
0.3377155 1.263092 0.3373712 0.6574666 3.292097
0.7799373 2.240942 3.444626 1.842871 1.598149
0.5995058 1.15303 0.4815071 0.7669699 1.60225
1.441045 0.4878001 1.404057 0.7034955 1.102648
1.382026 1.37435 0.9358876 2.768481 0.5846335
0.7735375 1.408697 0.4326524 0.7850074 2.770987
1.072207 0.646459 0.9070548 0.3644887 0.2310488
0.8291058 0.9161342 0.257783 0.6683526 2.769593
0.2928037 0.3616994 0.3246106 2.772659 0.7827494
0.7047604 2.152578 0.6033056 1.801789 0.2257861
1.767867 1.842179 0.1973471 1.498713 0.2710018
0.4308089 1.36383 0.3503142 1.101355 1.109466
0.2652311 0.5236075 0.4585867 0.203901 1.323966
0.3568875 0.1751106 0.3144458 0.4640272 2.212305
1.374702 1.60087 2.135619 0.585168 0.8824238
1.381489 1.317687 0.3203177 0.2777835 1.084958
0.6389099 2.836018 0.57485 0.7795584 1.220709
0.7606046 0.7735366 0.3117641 0.4392905 0.2650594
0.8403187 0.5063744 0.446383 1.210051 0.4023914
0.7225211 1.822275 2.195233 0.8985023 0.4011491
2.441812 0.3469075 1.170472 0.2312422 1.767137
1.627206 0.913819 0.3560086 1.831658 0.8806947
3.473944 1.037492 0.9732868 1.182716 0.2368367
0.7823348 0.4180164 1.590785 1.845242 0.4179457
1.427315 0.5958753 0.376938 0.5375064 0.7618639
0.2636039 0.8895998 1.402676 0.9545958 1.841569
1.590784 2.776649 1.294846 1.621906 0.5828358
0.782335 0.8670562 0.8861474 0.4809688 0.3477599
0.4325161 1.162886 0.3668234 0.1334163 1.002586
0.8277133 0.3808578 2.200591 1.839066 2.591098
0.9362922 0.5358114 0.4616789 0.2316811 1.178243
1.14608 2.426466 1.09915 1.829429 2.773806
2.768117 0.506556 0.8777091 0.551279 0.5345866
0.1195696 0.897628 1.102441 1.456076 1.151215
0.2815189 0.7462251 1.036017 0.2143112 0.4304865
0.4237215 0.7996135 0.1889086 0.1208732 0.1895819
0.3076641 1.359911 0.2219319 0.1565455 0.6328067
0.636149 0.2091637 1.413068 0.5042615 0.2554897
0.3514196 0.2681916 1.06729 1.11722 0.6978277
1.34393 1.843429 1.366597 1.026934 0.3961312
0.6476682 1.555964 2.223664 1.403827 0.4927558
0.2421016 0.7364834 0.339458 2.15786 1.421534
0.6802345 1.530617 0.3028548 0.8699754 1.734529
0.2275155 0.1828786 0.5866803 2.778072 1.359846
0.824093 0.5850129 0.3674292 1.086866 0.550312
0.6505569 0.9087663 0.8909238 0.2243476 0.9477183
1.099186 2.459021 1.275918 1.402688 0.3965008
0.4330615 2.441397 1.950974 1.152234 0.4276424
0.4406427 1.508824 0.2230542 2.77781 0.5405092
0.7659086 0.5639436 0.7452127 0.9529234 1.924785
0.7975353 0.4946972 0.219639 0.8571358 0.4787861
1.330163 0.4162856 0.8418494 0.3049992 0.5745127
0.1969057 0.2133531 0.717975 0.3244013 2.778062
1.091323 0.8709337 1.101678 0.5241936 1.840843
1.370993 0.3566127 1.011391 1.355701 0.3361482
0.1841307 1.091016 0.2836716 0.1527851 3.293281
1.818744 0.2371702 0.8831714 0.5048136 0.6061602
1.78132 0.5285795 3.399491 1.369263 1.097849
0.4710728 0.4689526 0.8778079 1.476946 2.740759
1.434897 3.415521 0.4115592 1.166387 2.775429
0.3898782 1.002587 1.130442 0.2163896 1.255902
2.768115 2.210226 0.6513545 0.266553 0.3970234
0.3275009 0.725803 1.181946 1.126152 1.224602
0.4005171 0.4990739 0.6307797 2.441958 1.285604
0.2098548 0.7496347 0.8878206 2.435228 0.2484513
0.3053609 0.367165 1.287584 0.6414944 0.7536067
0.4235804 0.4330862 0.2673708 0.3415335 1.532038
1.296425 1.600946 1.37513 3.41088 0.329375
0.5429164 0.3708465 2.17797 0.5684183 1.100124
1.008947 0.5993035 1.033129 0.7038018 0.6533637
1.103928 0.4904672 1.265844 1.122963 1.836854
0.5976989 0.3051606 0.2565933 1.652632 0.3483312
0.7409622 0.4129123 1.379799 0.9141634 0.6820928
0.4572963 0.6202331 1.202844 2.775428 1.833523
0.3923237 1.829474 1.503381 3.412847 0.1540519
1.842814 0.2800312 0.6367854 0.6554085 1.129226
2.777605 2.671683 0.7723999 0.2620329 0.725089
1.840159 1.02477 0.5403206 0.3659028 1.655883
0.3486087 0.3533882 0.2438245 0.4596832 0.7821251
1.381801 1.261107 1.381443 0.8747555 0.6762366
0.3559933 0.3630811 1.842201 0.6476731 1.214624
0.63184 2.202792 1.015664 1.192581 1.206395
0.6320246 0.7130973 1.925125 1.859786 0.2330575
1.749042 0.3543014 0.7318101 1.222031 0.6332031
1.020522 1.316913 0.7627242 0.3638178 0.5402981
0.1922404 2.482174 0.3182978 2.214374 1.514329
0.2936788 0.6639589 0.275262 2.767013 1.027625
0.4340779 3.289989 0.7758315 0.737639 0.397036
1.275136 1.010508 0.5628034 0.8846619 3.468332
2.215466 2.677141 0.382274 0.397036 1.362908
1.367808 0.3514775 3.444633 0.2006362 0.8360585
1.838142 0.5219282 0.3012828 1.153825 0.5941411
0.5098796 1.413518 0.4539397 1.032935 0.7435239
0.5857577 1.831434 0.849436 0.6479397 0.5392516
0.3281305 0.9304013 0.873871 3.195002 0.251173
3.218946 1.05192 0.478072 1.367524 0.8796984
1.152648 2.776371 0.8897502 2.441292 1.043555
0.2994157 0.3896763 2.263466 2.777393 1.19571
0.3657928 0.6348542 0.3574924 0.3114332 1.360436
0.485005 0.367468 0.3442776 0.158731 0.4200573
0.9579572 1.099953 1.397434 0.8711216 1.516116
0.2549368 0.5949658 1.336678 0.576717 0.9372943
0.4464415 2.193352 0.9643647 0.5643082 1.503413
0.6446591 1.035408 0.3058563 0.3481963 1.130846
0.81589 0.9898473 0.9895156 1.785582 0.3912566
1.847947 0.4647701 1.840842 0.3946028 1.831651
0.6537454 0.6872388 0.6356031 1.618503 2.323455
0.2779985 0.4407559 0.2427846 0.3009194 0.4971374
0.6310228 1.046732 0.4473139 1.925639 1.385354
0.7933484 1.108763 0.3536738 0.552755 1.09768
0.4644946 2.421007 0.4284562 0.6556777 1.374239
2.416869 1.308372 0.3935508 0.7973301 0.662016
1.067287 0.2452599 0.9296228 1.206202 1.082731
0.9004011 0.2595311 1.655492 0.5583998 1.487271
0.3544774 2.683927 0.4413132 1.153818 0.6021626
0.474912 1.355664 0.8748337 1.344592 0.4519168
1.170914 1.033011 1.380791 0.3279469 0.9830601
0.3928072 0.5872644 0.1823645 0.7769511 1.05416
0.2220196 0.4419213 0.8023937 0.8395182 0.3015832
3.292091 1.48743 1.098541 0.8850113 1.171421
1.405676 1.44313 2.202545 1.845476 0.4019458
0.3143278 0.5051822 1.840909 1.406043 0.2635207
0.3526754 0.8829167 0.6905035 0.3241515 0.6630112
0.5617761 0.717062 0.3250584 0.1630653 0.4921365
0.3140855 0.4623344 1.010954 1.112829 0.2745804
3.412843 0.7303628 1.559781 1.829414 2.427513
0.4052458 0.6592015 0.760353 0.5844679 0.6331257
0.4578264 1.373407 0.1892345 2.674599 0.9072002
0.8189004 1.117794 0.326945 0.3554532 1.10289
0.4331561 0.416516 0.5648639 2.772209 1.323608
1.147075 0.7032564 0.8996146 0.7471287 0.7032081
0.4197033 1.323252 3.446677 0.4623358 1.576937
1.774547 0.4534847 1.066147 0.3561889 0.4178731
1.839087 0.1828788 1.818949 3.364394 0.6128139
0.8184942 0.3438803 1.347991 1.390184 0.6450965
0.3545632 0.6804614 0.2126119 0.2989972 1.584037
0.5080236 0.4025826 2.145866 0.3519176 1.303326
0.6112169 0.6613304 2.631588 0.4893626 1.014415
1.036237 0.5305976 0.7846887 0.6843299 0.2497398
1.441217 0.4045938 0.444166 0.4638454 0.531849
0.4438128 0.8494323 0.3726961 0.6915357 2.201955
0.1947579 1.775587 0.811576 1.674228 0.2989754
0.3543979 0.3039772 0.4854086 1.761055 1.824286
0.398067 1.285712 1.323207 0.3786507 1.370039
0.5122425 2.441663 1.101424 2.776549 1.061829
0.5521695 0.2663475 0.4376784 1.284117 0.5036898
1.8301 0.3393003 0.2902167 0.7612731 0.3819408
0.8203885 0.7609616 0.8390594 0.8763505 1.023909
2.231896 0.2272505 1.374024 0.3869869 1.847613
0.3622041 1.07536 1.209954 1.447081 0.348083
0.4949741 2.150653 0.8551981 0.5873364 1.765251
0.5798248 2.085611 0.9972028 0.6952966 3.425333
1.83079 0.3497092 2.433139 0.2122018 1.847082
0.4268747 0.414 2.087667 1.817809 0.6460871
0.2243479 0.7689885 0.2842974 0.7308172 0.8492458
0.1671402 1.335395 2.433129 0.7598143 1.374139
0.6575276 0.6609912 0.7391848 1.369975 0.6978698
2.59007 0.8268547 0.8959426 0.2334885 0.2538176
1.879082 0.2883003 0.3506294 2.216238 0.9965845
2.441966 0.2684465 0.4196533 0.6304459 2.776651
1.847614 0.3770791 1.078738 0.4976306 1.295314
2.773962 2.774261 0.5442797 0.9791703 0.7717649
0.8733459 0.6992618 0.629679 0.1899622 0.8197034
0.6306314 1.260774 0.5656686 0.956202 0.5623563
0.5114614 0.7600007 0.8460297 1.093731 0.2865758
0.4653787 1.16373 0.7171035 0.7223942 0.5059982
0.3001142 3.457268 2.767088 1.14534 0.4938325
1.229348 0.5774959 1.21513 1.374698 0.3010379
0.9773441 0.7811673 0.4450754 2.435229 1.374741
0.7928635 1.294809 1.03504 0.4200652 1.829554
1.028489 1.441229 2.769193 0.7712927 0.7251498
0.6795188 0.2382391 0.4779269 0.3575403 0.3697626
2.43534 0.4330861 0.2840586 2.433128 0.8586206
0.5387937 2.201332 0.4682465 1.097849 0.5587101
0.3255726 1.393685 1.799606 0.5418059 1.749726
0.172875 1.223253 0.3195357 0.2026066 1.368588
1.379939 0.3782003 0.2186074 0.6216636 3.415243
2.760682 0.902375 0.4282624 0.5105809 0.682986
0.61464 1.028405 1.381801 0.8553718 0.2866179
1.475437 0.6625929 0.2920112 0.8179452 0.4858087
1.380887 0.4424397 0.5556119 3.105634 0.9504849
1.032895 0.363081 0.9238871 1.776708 1.275498
0.2044622 1.078752 0.3329425 2.772201 0.949102
1.025071 2.342125 0.550896 2.77268 1.127413
0.7044178 0.6777857 0.9609597 0.3518588 0.3456037
2.343286 2.440983 0.2932561 1.098232 0.6638208
1.402688 2.760678 0.3514889 2.769095 0.8688129
1.06729 0.8736816 0.5444364 1.655504 0.8951928
0.7460815 0.9906193 1.369398 1.086727 0.3143283
0.8608873 1.769312 0.4023913 0.5994018 1.152193
0.2323424 0.3677037 0.6026433 0.2924147 1.847689
1.957159 0.5699468 0.5584828 0.2093372 0.1990471
1.36658 0.8748332 1.828309 1.845473 0.4074717
1.381801 0.9157745 1.421544 0.4302576 0.4240519
0.361085 0.7607136 1.265251 2.722184 2.778004
0.2387676 1.095576 0.3484531 0.7315368 0.5019554
0.3100154 0.2891387 0.893188 0.3735198 1.562169
0.8081582 0.5804169 0.9577997 1.291338 0.6143436
0.9802807 0.6495833 3.451558 0.4453663 0.2663466
1.324223 0.6291317 0.6244272 1.665633 1.095858
1.764892 0.5630081 0.4792184 0.5358496 1.176119
0.5423234 0.8566161 0.3547245 2.776907 0.6813506
0.577578 0.3478652 0.5329514 0.3588738 0.2782785
1.78135 0.2415216 0.5412908 0.5461841 2.425685
0.9523899 0.6823959 0.1546585 0.4135747 1.77572
1.80316 0.4561955 0.2742416 3.412827 0.952156
0.6150592 0.8958967 1.063361 0.5355319 0.9716162
0.6424692 1.761699 3.408454 0.4464587 0.2682661
0.4410019 0.8916824 0.4467979 0.3806789 2.778072
0.684629 1.099678 0.2925518 0.7613273 0.6022985
1.114781 0.2826102 2.848971 0.9772856 1.221822
0.8951404 0.649554 0.3064069 1.537209 0.6818124
0.5394825 0.5428331 1.022741 0.3027381 0.4518733
0.6366789 0.5208495 0.3612665 0.2183069 2.441979
0.5783967 0.8084869 0.3626642 0.4832334 0.6746127
0.3842349 1.274117 0.3966388 0.6628248 0.6464383
0.6607122 1.403972 0.2525235 0.7827258 0.3750053
0.2065156 2.603283 0.297674 0.5044711 0.441315
0.281039 2.118728 1.049336 1.432158 0.2783164
0.9140125 0.7596889 0.551592 1.034142 0.5405087
0.8945683 1.329288 1.36998 0.7821486 0.9001107
3.414961 2.237049 2.064269 1.05699 1.101267
0.4204696 0.9212794 0.7561077 2.773216 0.6198558
1.29646 1.359914 0.2369962 0.6046314 0.3475338
1.153037 1.750287 2.843356 0.7073142 0.7958093
0.2857812 0.5356252 0.4198972 1.786327 0.4069026
0.3841565 0.5415407 0.6868956 0.2183416 0.4248406
0.7360201 0.5949563 0.5175662 1.070582 1.26862
2.777056 1.350373 0.723381 2.589446 1.009357
0.4936974 0.9837015 0.7196793 0.9322606 1.847132
0.4276388 0.9957267 0.7623604 0.282409 1.153057
0.7721848 0.6670956 0.2918651 1.210339 0.4063428
0.8342929 0.6818144 0.489798 0.6056595 2.441345
0.610835 0.5985038 1.795288 0.5538009 0.4439135
1.224399 0.6994203 0.7626241 0.6267471 0.7252301
1.381489 0.6456556 0.5344337 0.8863049 0.4015099
1.043441 0.2767522 1.096159 0.5779868 0.7701857
1.27604 0.2333292 1.2054 0.7627792 1.071294
1.839957 0.5113188 2.42778 0.7842762 0.2454347
1.021062 1.206057 0.691253 0.6813461 0.5955442
0.3697127 0.7827262 2.147866 1.795756 1.948703
2.777977 0.8367798 0.5441185 0.5197369 0.3579169
1.379799 1.312723 0.4267498 0.7454919 1.264876
0.2589361 0.2957446 0.6349547 1.555132 0.8900246
0.18627 1.624914 0.4042415 0.2598703 1.529619
1.453639 0.2655926 2.148266 0.4435392 1.775665
0.9066637 0.3964757 0.4499508 2.249322 0.4461091
1.297727 0.7858566 0.3554746 1.403486 0.3242442
0.4899957 0.5555529 2.775763 0.7697787 0.1659151
0.9108871 0.5350823 2.191215 0.5079763 0.274442
0.5405173 1.721262 0.2291626 0.2359185 1.620651
0.334167 0.2015404 1.411522 1.229223 0.3227212
0.6657388 0.6666983 0.9436349 1.125648 2.731437
0.3082706 0.4154081 1.205095 0.2208212 0.6096166
1.025072 1.337605 0.7449787 0.5257855 1.102296
1.000736 0.5883341 1.504765 1.355706 0.466624
2.778169 1.451407 2.162702 0.2323982 1.58219
0.6865772 0.8764239 1.549712 0.8770296 1.798328
0.8496204 1.28387 0.4453849 0.3234998 1.002846
2.60184 0.221276 0.4959298 1.296357 1.836868
1.308424 1.186498 0.3113574 0.315823 1.370029
0.2693948 0.7778239 0.3398766 1.440155 0.4839956
1.847946 0.4171281 0.8734381 0.9770785 0.9042009
0.6726573 0.9723752 0.8449811 1.771741 0.3416167
0.3288658 1.7291 1.015657 0.9922073 0.5456283
1.226915 2.569835 1.46336 0.2382048 2.540857
0.6907536 0.6042557 2.710282 1.067321 1.076111
1.851438 2.342125 1.015657 0.5565748 0.4672026
0.9089867 2.164372 0.4665919 1.348421 0.9767133
1.576903 0.2401052 2.330961 0.6832946 0.4674536
0.2436848 0.43797 0.7269816 0.8941865 1.771213
0.4804546 0.2796662 0.3819883 2.772098 1.02717
1.018942 0.3052811 1.129764 1.380506 1.340902
1.362018 0.398168 0.5001636 0.5320533 0.3706037
1.841387 0.2747539 0.7396433 0.3072743 1.328609
0.4717047 0.9342367 0.7791856 1.005391 2.194374
0.2940302 1.750517 0.3462354 3.292788 0.1960244
1.388143 0.4471424 0.8881425 0.3096097 0.2715247
1.026114 2.080662 1.059448 2.777504 0.447877
1.619323 0.8977086 0.2286634 1.838042 0.208431
0.5478061 0.2575179 1.564885 1.83391 1.067318
2.778178 0.6028134 0.4857187 0.5808616 1.624921
1.374097 0.7048498 0.2651208 0.5244862 0.568907
0.4332699 1.032664 2.771455 1.078788 1.098324
0.4119534 1.005411 0.4615359 0.8462102 0.3271243
0.5162768 1.701638 1.381971 3.473771 0.9983017
0.7705249 0.4070892 1.337391 0.5709444 0.6731279
0.231314 0.956615 1.845473 2.076876 1.059728
3.413251 0.5792511 1.381761 1.838521 0.7432791
0.5601863 0.480839 1.322372 0.2848157 0.7604773
0.7569722 0.4338192 0.7325569 1.308373 0.4595906
0.3117245 1.471058 1.272524 0.4574329 1.082442
0.6513515 0.499306 0.5702253 0.3699882 1.15249
2.722635 0.9043011 0.5093222 0.3112887 1.83793
0.3061579 2.727117 1.547978 1.507964 1.632032
1.08321 1.827254 0.7743244 2.857014 1.057246
0.9354568 1.905887 0.8023447 0.371664 0.4049442
1.337479 1.071751 2.44179 0.3375917 0.4688422
0.8972104 1.531394 1.523592 0.1511296 1.188463
1.211133 0.4094723 0.23707 2.769614 1.010318
0.5199918 0.3021127 0.1986002 0.5908098 0.9108482
0.3932719 0.204811 0.4132715 0.3686774 1.842873
0.9717045 1.852502 1.402711 0.5200839 0.9769288
2.390157 0.451842 1.048918 0.2029665 0.50825
0.6161112 1.002588 0.4222348 1.179177 0.438367
1.77769 0.5166642 0.3436847 2.778095 1.554934
0.698807 0.2569563 2.417553 0.8354793 2.429925
2.776272 1.147799 1.096407 0.2110659 0.1427998
2.430689 0.5342458 1.098256 1.209952 0.6822795
0.8640851 0.736831 0.7593559 0.6822657 0.4757043
0.3463111 1.402231 0.5669869 0.2990928 0.9088064
0.4752183 0.318155 2.772094 0.9878637 1.20554
0.9957267 2.150924 0.5985339 0.6635443 0.5830219
0.293352 0.2023543 1.828885 1.450571 0.8080849
1.386766 3.449324 0.5213517 0.5338824 2.432359
1.622752 0.2027486 2.433104 3.414347 0.5837081
0.2510674 1.841824 1.397434 0.1707265 0.4729418
2.637939 0.8357822 1.399376 1.417411 1.274115
1.089584 0.3010353 0.9698308 0.5489622 0.5314648
0.7783749 0.9326855 1.839029 0.2618146 1.090694
0.5375335 1.10696 1.389433 0.8408292 1.830544
0.2160409 0.1434888 0.9149925 0.4288008 0.3298097
0.7376619 0.9708243 0.646087 1.527862 0.235547
0.5329712 1.781324 0.3843039 0.8748812 0.6018289
0.2192467 0.9947098 1.060896 0.3125734 1.620636
0.4738921 0.4784736 1.974963 0.2820521 0.182962
0.3764541 3.415516 0.6774024 2.777974 0.3745692
0.4501302 0.4898345 1.371418 0.7549741 2.441958
0.2798391 0.5544824 0.3002668 1.841006 0.7710635
1.060318 0.8379708 0.8283917 1.024716 0.2346534
1.094101 1.166711 0.5570422 0.3514389 1.167004
2.73378 1.828294 1.435055 1.842232 2.733917
0.2253423 1.102649 1.836794 0.254235 0.5511966
0.7756352 1.175737 0.9897312 0.4101627 1.572832
1.153892 0.9229489 0.6254055 0.8327959 0.1589964
1.618702 0.7737388 1.098323 0.3053298 0.6102969
0.6440695 0.7895268 0.5564259 2.770848 1.204378
0.230928 0.3244454 0.6307664 0.2907866 0.2821505
1.350127 0.8880469 0.6653912 1.03943 0.7652674
0.727567 0.2678498 0.2716714 1.508293 0.4392572
2.187765 0.64966 2.777824 0.5000204 0.751113
0.7832555 0.9157883 0.3397645 3.11675 1.138921
0.3582761 0.4919373 0.9188408 1.779282 0.2872877
0.6190644 1.269853 1.169115 2.755517 0.1869696
1.028134 1.616515 0.5550835 1.820443 1.582067
1.0446 1.843835 2.615401 0.3352992 1.101459
0.3799104 0.6513545 0.4612659 1.131428 0.7783946
1.169296 0.6255324 0.4352783 0.9302147 0.3398816
1.185429 1.078388 0.4250669 0.5451802 0.1895819
0.8136301 2.603757 1.419009 1.953932 1.177993
0.3250189 0.3292313 0.7025781 0.5573374 1.208048
0.5336859 0.5156747 0.5961601 1.374702 1.672817
1.092589 1.312309 0.4996898 0.6296036 1.408719
0.6720039 0.3118738 0.718763 0.7808754 0.6828267
0.4813802 0.3666744 0.7726659 1.847944 1.397833
1.817693 0.4528729 0.4875296 0.2319156 0.3586991
0.2059202 1.842871 2.578573 0.7328378 0.6399572
0.2718162 2.218231 0.5137383 0.4459793 0.8946725
0.7710506 2.767724 2.081168 0.2949413 0.2259217
0.496359 1.21064 1.38288 0.6012493 3.477949
0.7920194 0.7742616 2.279547 1.491685 0.3767633
0.2726359 0.4763079 1.450571 1.653037 1.831651
1.084821 0.3231627 1.724273 0.4035742 1.094884
0.5884319 0.7384332 1.202844 1.815905 0.4979317
0.3802918 1.560388 1.847945 2.042143 1.54542
0.4431617 0.3996561 0.9306587 0.2419858 0.7888309
0.3993392 1.4513 0.7293922 1.43505 1.798353
0.6544908 0.210997 0.9486409 3.437878 0.4801532
0.7975612 0.2920242 0.316107 1.403487 1.369997
1.165481 0.4044053 0.4888911 1.801363 0.6579898
1.529619 0.4524983 0.6314214 1.403948 2.56191
0.2666853 0.6435933 0.4737974 0.2612799 1.10086
1.205871 1.101303 0.8748332 0.8777012 0.2025497
0.5071311 0.897826 2.769609 0.5773326 1.380887
0.554403 1.75117 0.829755 2.183441 1.160748
0.4131872 1.547398 0.2606139 3.220599 0.3874847
0.7497864 0.6987529 0.455439 2.76575 1.070449
1.104509 1.823757 1.013851 0.6298993 2.192913
0.3286332 2.773394 0.6843174 1.799581 0.3769085
0.54366 1.21144 0.2774726 0.4211 0.8569816
0.2905601 1.84435 0.6242851 0.9132254 1.393805
1.04543 1.828037 0.7111187 1.203672 0.2373779
0.4563276 0.3838678 0.2748043 2.791017 0.406433
0.2915989 0.8827936 0.5398223 0.3215521 0.2645528
0.3425764 0.2112209 0.4579148 1.625724 1.772183
1.207825 0.9740525 2.209586 2.752131 1.352409
0.8151967 0.7717672 0.900599 0.2261365 1.774639
0.3513634 0.3049135 1.317688 1.064986 1.842261
0.8243852 1.076037 1.839956 1.181762 0.2699428
0.2301023 1.403947 1.336148 0.2289817 0.7821496
0.6980653 0.2694482 1.589128 1.381448 2.765857
0.433086 1.847945 0.2488539 0.7109483 1.664407
0.3732071 1.402688 0.374142 0.8618765 0.986607
0.9005969 1.087516 0.5703122 0.3142246 0.9624855
0.5970825 0.3732078 1.071271 0.4974499 1.647429
0.5071734 1.823598 1.817531 1.174707 1.372089
0.6118441 0.8948194 0.5150195 0.4007419 0.6956017
0.8203629 0.6825823 0.5888722 0.5365406 0.8511527
1.602944 1.13688 0.3968442 1.380508 2.212149
0.317819 1.37789 2.549496 0.5915103 0.6142614
0.7394225 0.5771018 0.9633111 0.6778706 3.327854
0.3609296 0.4876923 0.2398577 0.4072928 2.752025
0.3361379 0.3354301 1.200436 1.436222 0.2299774
1.380265 0.775109 1.373277 0.8329787 1.381702
0.2288711 1.221993 1.837935 2.500898 1.346171
1.842158 0.9488898 0.8963067 0.8250839 1.510616
0.2125038 1.470228 0.7816705 0.2994328 0.2486965
1.848108 1.788348 1.845501 1.157678 0.3552469
0.6265685 2.231309 3.414953 0.7168142 0.2725607
0.3054848 2.068251 0.2973483 0.9873926 1.381489
0.5966563 0.5575719 0.4977174 0.3249962 1.452817
0.6394896 1.802715 0.8491141 0.3717227 3.290904
0.8361205 0.4460507 0.7376415 0.9734433 0.6341988
0.304448 1.282488 0.8104843 0.2509939 2.772197
0.4684095 2.434907 0.7876239 0.8302473 0.3178287
0.1639059 0.4923748 2.542094 1.233505 1.151979
1.154885 1.450518 1.601269 2.219481 1.153843
0.4835356 0.3762239 0.3722221 0.309457 1.403953
0.7952752 0.584564 0.4060204 0.3609204 0.8570605
0.1697039 2.605831 0.7854535 1.261362 0.3399269
1.431967 2.220776 1.846829 1.180209 1.455609
0.5110234 0.2859683 0.564766 0.4825325 0.4965783
0.9187598 0.223584 0.6821388 1.634894 1.368172
0.6797753 0.4155886 2.783563 0.774683 0.1794904
0.6476029 0.7496508 3.292449 0.7999152 1.273506
0.7832815 1.194516 0.5136345 1.881537 0.4423459
1.345057 0.3889927 0.8936539 0.3533984 0.81346
0.4975368 2.442029 0.6014862 0.7388044 0.4729212
2.427728 0.3066685 3.201872 0.4651073 1.172615
0.4169075 1.157359 0.3507329 0.5347182 1.144027
1.081022 1.381712 0.7759269 1.012778 0.6787251
0.2695741 2.771281 1.255988 0.3749345 0.2929684
3.41537 0.9782358 0.3487531 0.8397407 0.2616619
0.5836873 0.6160355 3.329095 1.61574 0.6836005
0.3841473 0.3264633 1.213987 0.8517797 1.554237
0.9986653 0.562686 1.343606 1.278247 0.3545298
1.369481 2.195663 1.847949 0.3578945 1.036421
0.8269897 0.2414041 2.775659 0.3851965 0.3459083
1.422881 0.8150305 0.884783 0.594747 0.6351094
1.847819 0.2513539 0.9089108 0.4869581 1.69837
1.798327 1.358545 1.17058 0.4193838 2.778176
0.3207623 1.265993 0.3141024 0.5852605 0.2294287
1.280601 0.4170446 2.046346 0.9987233 0.3355542
1.808636 0.1311612 1.181771 1.112472 0.366207
0.9228218 0.5068832 0.4450828 2.777501 1.098322
0.5848299 0.3093658 1.660998 0.7587201 0.2517664
2.778172 0.7425745 1.401733 1.054898 0.2249247
0.5571523 1.445143 0.7086988 0.8028857 2.755518
2.776548 1.814839 1.022141 0.6726984 0.7196039
0.7474234 0.252716 2.441669 0.4326636 3.201683
2.974253 1.643806 0.3864684 1.037394 0.2816627
0.2887038 0.4760923 0.3980777 0.5969823 2.453303
1.161362 0.2646132 1.351328 1.200764 1.638656
0.8158837 0.5954475 1.415375 0.4789354 0.4805751
0.2820735 1.37593 1.100896 1.471198 0.8325995
0.4854237 0.3851735 0.2648941 0.4902293 1.842153
1.841568 0.760003 2.456827 0.497828 0.7933162
1.392648 0.2341716 0.4407582 1.381761 0.6036687
0.3160171 1.068511 0.5091395 0.4886046 0.4518696
1.13709 0.6410805 0.7965365 2.346114 1.135284
0.5471615 0.5909259 1.729329 0.3096188 0.129408
0.2526402 0.544534 0.6351083 0.6329097 2.085573
1.384883 2.06558 0.1528231 1.060853 0.6248786
0.9506817 0.6157624 1.370567 2.200438 0.6169938
0.4756942 2.773216 1.100859 0.7990502 0.2737871
2.432614 1.138037 1.216916 0.5179183 0.4384425
2.76586 0.3909127 0.635091 0.7779753 0.5478114
0.7757749 0.5536676 1.835494 1.010728 0.948994
0.6886316 0.5807955 0.3379547 1.1165 1.846582
0.5382903 0.3774137 0.9038901 1.184141 1.425776
3.401019 0.5597085 3.405808 0.6332009 0.6920779
0.9105877 0.4535855 0.575476 0.3688707 0.3952546
1.062072 1.178253 3.415551 1.078424 2.196379
0.7832279 1.565041 0.7994976 0.3769373 0.2343549
1.477451 0.7747669 1.078754 0.3347158 0.4296434
0.6541028 1.677655 0.412821 0.5302005 0.3056779
0.7991437 1.003814 0.2819591 2.16409 1.193902
0.9161069 0.4832035 1.233135 0.6078596 0.9640608
0.5880866 0.4695148 0.3423456 0.6906294 1.066699
1.886892 0.6183847 1.784123 0.3330361 1.863684
0.213129 2.792354 0.1553429 0.4032583 1.037302
0.3958983 0.695138 0.5114922 0.2341445 0.5683107
0.3141705 1.34991 0.1875505 0.582852 0.8187114
0.2657993 0.7109488 1.296896 0.7821255 1.014168
0.4299497 0.6979784 0.2960887 0.7031345 0.4277186
0.2672206 2.257598 0.6040981 2.778175 0.7007854
0.7310363 0.5730372 0.5263928 0.9772691 3.415528
1.833921 3.127682 1.029375 1.420936 0.4733951
0.2238994 1.058883 1.554395 0.5592061 1.145364
0.1952341 1.185737 0.2976623 3.405776 0.7823116
0.5027448 0.6032633 0.3825134 1.221797 0.468765
1.106693 0.4375358 0.8733193 0.9704251 1.182798
0.4887764 0.5601685 1.03583 0.9624844 0.2526255
0.5358135 0.2898221 0.7616875 1.165139 0.5465092
2.776917 0.2514558 0.2433079 0.8770653 1.278488
0.3825899 0.9160223 0.4618626 0.1788655 0.2043729
1.118848 0.331371 1.341978 0.6181277 0.2563992
3.410351 0.5178679 0.7566068 0.6077537 1.211186
0.6756886 1.330494 2.605088 0.6560312 0.4335424
0.9886305 0.2915033 2.433157 0.3292058 0.7933375
1.14534 0.4492186 1.846829 0.7040551 1.566905
3.457394 3.41431 2.222232 0.5227317 1.14534
1.814989 0.850476 3.331869 0.8949645 0.5713851
1.374499 0.263608 1.742774 0.41185 0.9186171
0.7823257 0.7020955 1.801282 0.4717172 0.3829702
0.3064679 0.4424776 0.7105527 0.5952812 0.365113
1.374701 2.068649 0.5580946 0.4399713 0.3473301
0.9154325 0.2216468 0.4711691 2.716946 0.2566573
0.9110348 0.6279391 0.7494179 0.358363 0.4242382
1.23775 0.4057761 0.3787149 1.356263 0.2644686
1.256913 0.5371451 1.381971 0.3017614 1.770252
0.3087606 2.771379 0.9790331 2.764415 0.366333
1.145855 0.4796595 1.042485 1.367479 0.9201484
1.617819 0.4009863 0.2081212 0.7039143 0.2676452
0.6569694 0.5968878 2.777501 2.43141 0.5961619
1.143675 2.777389 1.438645 0.5988494 0.6356237
0.4054596 2.774161 0.5791623 0.5915847 0.7221741
0.5730644 2.022859 0.2953179 1.00249 2.437266
1.190496 0.670059 1.097533 1.824363 2.326884
2.758447 0.6835491 0.4329573 0.2974354 0.5847214
0.7911452 0.8771712 2.777504 0.2988696 0.9987104
1.099967 0.2201585 0.3715066 0.6178543 0.6075381
0.5744786 1.658709 0.1667029 1.030438 2.433132
0.2055382 0.4414666 1.064249 0.2535424 0.2032255
0.4454283 0.3882535 1.302059 0.2100794 0.3558987
1.38148 0.273165 2.722315 0.3477035 0.7196044
0.7284087 2.775785 0.5364919 0.5038241 1.242513
0.6475548 1.101453 0.5869286 1.846282 0.4465433
0.386968 1.374138 0.978052 2.674593 1.092268
1.84335 0.3217645 1.061372 0.3326776 0.8474782
0.4525605 0.7433319 0.3635308 0.6784088 0.9815552
0.2195354 0.6284546 0.9864805 0.3104376 2.776907
0.5364403 1.228732 0.6097232 0.3574387 0.781144
0.4782769 0.4714574 1.877383 0.312749 1.195655
0.4933949 0.4591459 1.362934 0.5417922 0.2591423
2.777603 1.359044 1.204475 1.724287 0.1966169
1.670589 1.238356 1.141632 0.8545535 1.205196
1.206296 1.297694 0.4197619 0.6387229 0.4394225
0.5635423 0.9149926 0.8246441 0.2560107 0.3683491
0.7379403 1.471503 0.3205864 0.2305395 0.213916
0.2488982 1.244649 0.4357289 0.4513571 0.4011626
1.008172 0.5171316 0.8740372 0.58357 0.3272869
1.007463 0.9510173 1.158999 0.359633 0.5972837
0.5553363 2.441991 1.195392 0.8365437 0.9266351
2.772659 2.773509 0.5026369 0.8565737 0.366209
0.3712137 0.5732089 0.5495174 0.324507 1.523605
0.9015622 0.7030287 0.6350919 0.3342463 0.9722845
1.653951 1.845399 1.204466 1.093751 1.964574
0.2131006 0.323257 1.373519 1.083292 0.3243917
0.1395917 1.378051 0.1884151 1.098826 0.7594764
1.355513 0.6045477 0.2484953 1.22013 0.2238328
0.5093954 0.8105642 0.5877901 3.401061 3.453723
1.350931 0.4752045 0.265802 0.7152172 0.8823826
1.277423 0.6213843 1.554182 1.066905 1.042931
0.6451092 0.5342655 0.7823359 1.682046 1.290099
1.332142 1.346156 0.8872262 2.441234 1.610543
0.2356721 1.097319 2.222576 0.1636287 0.5436543
0.4795447 1.039601 1.220171 2.213605 1.404933
1.504331 1.176795 0.5295762 0.3997304 0.666698
1.746267 0.3058564 0.7592196 0.6491274 1.829026
0.4704917 0.37631 0.5544549 0.6186079 1.00236
2.773708 0.4017916 1.54174 0.3674329 0.6275801
0.4903327 1.071354 0.3427332 1.009761 0.6070835
0.4277386 0.3635886 0.6850111 1.843878 0.9092317
0.3491481 0.3311005 0.5263492 0.3888466 1.089394
0.3383288 0.3316473 0.1585599 0.3988429 1.092645
1.009648 0.7269565 0.6226022 0.6425366 0.2527078
1.287823 0.3188412 1.380306 0.150779 2.778171
1.188427 0.4456184 0.1776203 1.317688 0.5795304
0.8897504 1.101679 0.8765664 1.260254 0.3343157
1.116145 0.4989852 0.5238883 1.36544 0.4254253
0.8210378 0.5556117 0.2895307 1.842095 1.828457
0.7000211 0.4313074 0.7729254 0.1761074 0.2986904
0.3992406 0.8402 0.6693522 0.9801699 0.261559
0.5862264 0.800078 0.2019525 0.164686 1.138441
0.2247324 0.1715689 0.9154393 0.7150348 0.9621101
1.206346 2.196022 0.8931893 0.3358244 2.772681
1.450774 1.305954 1.785447 1.014912 0.8738512
1.069806 0.9720476 1.172551 1.211176 0.3467317
1.382072 1.117806 0.5705081 0.8013605 0.3641754
2.776356 0.5242105 0.3456471 1.369081 1.423432
0.9482014 0.485773 1.486213 1.818414 0.2995175
0.5864333 2.161659 1.847944 1.225218 0.7726658
0.2137553 1.125406 0.8004894 0.7888173 1.322388
0.5044816 0.1800733 0.7811439 0.7630685 0.4061865
0.4516885 0.4226943 1.66319 1.101267 1.053786
0.5896298 1.088039 2.441956 0.493784 0.3342726
0.7720788 0.6875944 1.104388 1.433901 0.4489372
2.755514 1.435682 0.8339746 0.6998586 2.799487
1.634259 0.5439628 0.6713998 0.2615326 0.5007201
0.2400988 0.4031598 0.3227183 0.4973104 0.3453522
1.049132 0.9657644 0.487717 0.8169297 3.485747
0.3104594 2.203522 2.208787 0.3420736 0.5302319
0.164503 1.129518 0.2486525 3.412403 0.6462056
0.3872473 1.370108 0.7195856 0.5927818 0.2234273
0.3555399 0.9960089 0.2576021 0.4080444 1.845412
1.427607 0.2754811 0.1950494 0.2377164 0.9163098
0.2484529 0.3391103 0.5954551 1.29138 2.057432
0.3528667 0.7273646 0.5505936 0.6813506 0.8905405
1.845474 1.533208 1.168841 1.174818 2.936709
1.370728 0.6223214 0.4423147 1.064258 0.2651211
0.3783657 2.37774 0.2435409 0.5008557 0.8757912
0.4658153 0.4882017 0.3033716 1.596412 0.3096168
0.3364217 1.068926 0.2237746 1.785062 0.3469098
0.5443299 0.6738429 0.6697163 1.831004 0.3726109
0.3112995 0.4428329 0.9988872 0.4997956 0.7683162
0.5961243 1.672667 0.7025543 1.826677 1.034888
1.502526 0.4616737 0.6056128 0.4865115 1.375887
0.5366883 0.3524259 2.775766 0.6106039 0.3378657
1.842262 0.5797434 2.428896 0.4615012 0.9628066
0.2938743 1.745366 0.1950584 0.5515617 0.2726332
0.5380486 0.3591249 0.2278096 1.847763 0.492176
1.098671 1.336825 0.1849072 1.42095 2.16537
1.824935 0.9841649 1.172845 0.3635152 1.057505
0.5801039 0.4480864 1.627195 1.244572 2.729081
0.5737067 0.1818208 0.7811078 0.5986136 0.3430225
0.440758 0.214054 1.846264 0.3459129 0.2804415
0.5159123 0.5771341 0.2840315 0.5731437 0.3154955
0.7055779 1.002589 0.6706812 1.221243 1.071847
1.292738 1.06465 2.77807 0.4640164 0.3091827
0.3811179 0.986607 0.8098672 0.5599573 1.269764
0.2891801 1.239832 0.9111915 1.011675 0.246572
2.440961 1.82554 0.4941999 1.101458 1.043481
1.100414 0.7161107 0.5051388 0.1853017 2.775428
0.4175629 0.84193 0.7722296 0.2294567 0.4239074
0.2099427 0.3609907 0.3843352 2.444603 1.653077
0.3353795 0.2665394 0.8802616 0.8449779 2.189184
1.819338 0.3976649 1.098199 1.375359 1.456224
0.9022707 1.554677 0.4243774 0.2224786 1.4221
2.230569 0.5159814 0.549639 0.5769076 0.4326732
0.3609606 0.5471179 1.173433 0.4067208 0.6851274
0.8188209 0.9600484 0.7471652 2.767013 0.3475705
0.3104026 0.6937819 1.37702 0.8641833 0.7792104
2.077037 3.404818 0.8623435 1.129435 0.45704
1.50945 0.831722 1.051287 0.9724782 0.9552022
0.5358127 0.4850478 2.431065 0.2607663 2.421834
0.4356453 1.450571 0.8307749 0.6988611 1.067318
1.831477 2.383398 0.5075263 0.4687295 1.036016
2.770826 1.089109 0.4410436 2.442003 0.8474903
0.2689257 0.294221 0.3389176 0.7792324 1.002587
0.5442798 0.3708657 1.011129 1.378834 1.370724
0.6880019 0.2079107 0.546281 0.8748557 1.049349
1.38203 0.4082232 1.174571 1.076863 1.102681
0.6129722 1.828802 1.402224 0.1892846 0.4391097
0.428843 0.5835662 0.3180976 2.231891 0.5179183
1.511879 2.732063 2.837295 0.6013477 0.1564004
0.8413948 0.5565906 0.5849958 1.39356 1.638647
0.3735968 0.4127262 2.778066 0.6799703 1.557247
0.3210648 1.378061 0.5398854 3.027408 1.084824
1.845615 0.6089388 1.184178 1.073921 0.2573789
0.7576357 1.087112 0.2880166 0.2605361 0.4707058
0.893803 2.776371 0.3016175 3.468188 0.8645404
3.414666 0.7950854 0.679644 2.210611 0.7139102
0.4483912 1.939442 0.6240166 1.219438 2.77627
0.9948695 1.013736 1.819863 0.56136 0.9982431
0.7823116 0.4985672 0.2376666 1.846584 3.41283
1.768012 0.4633186 1.159373 0.4159943 0.1642543
0.9071909 1.80753 0.6774241 1.173726 0.3800007
1.204448 1.443845 0.5039087 1.381492 1.370557
1.074078 1.801754 0.987595 0.2447122 1.456283
0.6478527 0.3377053 0.2623863 0.1806884 0.4960817
1.843834 1.10019 1.103107 1.272438 0.1895821
0.5935506 0.7082018 1.093305 0.2493545 2.770749
1.449905 0.851174 2.215438 0.6354525 0.2144024
0.56501 0.412012 0.2615404 0.6233237 0.3305727
0.9694495 1.168935 1.399377 0.4151918 0.905636
0.8428819 0.4714005 0.5396202 0.2426721 1.402234
1.094426 0.612077 0.8203553 0.961929 2.427729
2.771457 0.8900393 0.3182298 2.771455 0.2778771
1.086892 1.084977 0.787044 1.486288 1.14484
1.127217 1.795283 1.295854 0.4704311 1.862361
1.408719 0.8540248 1.640319 0.7556225 0.5513688
2.410958 0.3763096 1.094884 0.9634254 0.9819406
0.3130987 0.9764327 0.5041893 0.5189802 0.3415418
3.281815 1.173584 0.9409081 1.607745 0.4750765
0.3193316 0.7174757 1.389726 0.2845041 2.197072
0.275272 0.3993271 0.5521461 1.847381 0.3350037
0.5531234 0.4673309 0.3971882 1.170483 0.3006181
0.6213764 0.2766871 0.8406089 1.770103 0.3153204
0.2155534 1.015468 0.7783457 1.003575 0.2833775
0.39255 1.682359 3.281825 2.775762 0.7838878
1.985154 0.1741134 1.476713 0.4673439 2.767013
0.8272607 1.845473 0.2867429 0.333615 0.8874139
0.3318514 2.735717 0.4931056 2.769665 0.891211
1.026115 0.9174682 1.375239 0.7117922 0.4088867
0.1702177 1.076112 0.7610869 0.3286164 0.9075441
0.7983203 0.3935549 0.4841503 1.125624 0.7884441
0.4519365 3.449317 1.353771 1.845478 3.411443
1.255656 1.063855 1.799384 0.7871973 0.8028075
0.4700777 0.3480237 1.097681 0.4425521 1.199887
0.3138376 0.3752902 2.778078 0.3598845 0.9587618
0.4259175 0.5011193 0.4840232 1.543452 1.119209
0.3992009 1.1472 0.9733841 0.4157757 0.3536444
0.5494868 0.5058881 1.745403 0.2675947 0.4651417
0.3586457 0.7921893 0.6426747 0.8110793 0.9037358
1.138454 0.3262602 0.2458942 2.423962 0.414925
1.313405 0.4869738 1.397136 0.2924345 0.7612358
2.118717 0.2272315 0.2928538 0.1669795 3.401036
2.21128 0.2602943 0.5401935 0.7875389 2.552763
2.770986 0.7127389 0.2085875 2.732103 0.7707605
0.7432978 2.764313 1.303198 1.446826 0.5836337
2.264579 0.9162446 1.100895 0.420952 3.411921
0.5595798 1.750716 0.5736602 0.8650002 0.6592919
0.3971238 0.8618788 1.297327 0.9388422 0.7474063
0.6846475 2.433129 1.369979 1.242641 1.201688
0.9987557 0.2665651 0.7679894 0.4023124 0.7203749
1.062446 0.5220835 0.8209148 0.5775722 2.515841
1.033721 1.652415 1.381802 1.543887 0.6022084
0.8957911 0.3269822 0.7752411 0.974837 2.778172
0.2100797 1.442193 0.6496894 1.370759 0.3908312
0.252487 1.14044 0.4573982 1.194167 0.4568994
2.769146 0.7619216 0.9631657 2.205939 0.6021442
0.4061377 1.632902 1.006601 1.846829 0.9651254
1.836683 0.5484604 1.030693 0.9828525 0.7435659
0.3832626 0.3192666 1.08189 1.404056 1.098359
1.763362 0.2745853 0.3286735 1.322356 0.3566732
0.5735705 0.6013567 1.860784 1.630853 0.2704452
0.8949255 1.151447 2.319703 0.6576168 1.825134
1.014366 0.386235 1.211172 0.9160653 0.7914457
1.78435 0.5830949 1.030263 0.4052342 0.2969074
0.4963828 0.2438053 1.822188 2.767012 1.847692
0.6835382 0.3546763 2.733906 0.460886 2.765758
0.40865 1.101457 0.9250461 2.973285 1.351289
0.8899253 1.847805 0.8686655 0.4877499 0.2081171
1.374701 1.844841 1.84439 2.145613 0.2991563
1.032532 0.3231101 0.813722 1.330233 1.844842
1.036452 2.722315 0.6480092 0.7515776 0.7800788
1.827047 0.2352246 0.9700492 1.825168 0.5538699
0.6183783 1.128874 0.1446139 1.03314 0.4979365
0.32071 1.34964 1.340636 0.6404462 0.5666558
1.453228 0.466011 1.787111 0.8121154 0.4830479
1.032018 0.5402828 0.8934817 0.4296578 0.2468389
0.5470788 0.4774619 0.4186336 0.3857698 1.09578
0.3727 1.06885 0.7943821 0.6127267 2.772304
1.360393 0.6082734 2.777392 0.3963684 0.2312859
1.166059 1.461522 1.10244 1.285332 0.5898903
0.7448267 1.578691 0.8261521 0.2094237 1.06729
0.589111 1.10326 0.2626735 1.081984 1.150979
0.4346302 1.794686 1.083765 0.7681732 0.3790732
0.9177404 0.6426043 1.530746 0.7610772 3.369607
0.1618878 1.674354 0.3003759 0.2116765 1.138952
2.769093 1.688121 0.2492119 0.2138362 2.777384
0.8892495 3.335774 1.13374 1.186005 1.392451
2.776649 1.634437 0.1797669 1.113708 0.9765041
0.4957974 0.2721957 0.7662681 0.5726624 2.601819
2.777504 0.8717932 0.6966516 0.4362274 0.3030798
2.44129 0.4502453 0.4598769 1.285538 1.147574
0.6651838 0.3884808 0.6705881 0.794623 0.4098009
0.4808794 0.3410003 0.2085462 0.3909387 0.8896636
0.6763106 1.022549 0.4370912 1.591221 1.82719
0.2589056 1.651586 1.627824 0.8782827 1.244311
2.074146 0.4547227 0.8979956 1.450267 3.327665
0.3027326 1.014911 0.3886903 1.455948 0.863946
1.696848 0.3972414 1.053737 0.2156892 1.850822
0.3008375 0.7380495 0.3982656 0.1976519 0.3256761
2.95326 1.470058 2.450464 1.847687 2.254239
0.4803354 1.844308 3.087627 0.7773678 0.7541182
0.5387629 0.2164316 0.7544256 1.375057 0.4846737
0.4021594 1.235162 0.9492396 0.6123839 1.053019
0.2340347 1.50683 0.4071992 0.2255571 1.723595
0.5388537 1.200756 0.7902964 0.4632727 0.5671866
1.003679 0.6290517 0.9755016 1.447327 2.774967
0.2611347 0.8569923 0.354631 1.844783 0.5256768
0.3218222 3.411947 0.7416757 1.371874 0.2913264
1.172787 1.220987 0.1814198 0.7890831 0.2922937
1.138929 1.102023 0.8000494 2.778072 0.9881728
0.9513047 0.2349442 0.8985023 0.2955974 0.1820052
0.5280774 0.7676397 1.039561 0.9059795 0.6628548
1.126065 1.096117 0.3146751 0.7805763 0.4052416
0.5119715 3.40641 1.12767 2.799144 0.381274
0.4006906 1.532046 0.3565287 0.251306 2.195698
1.612246 0.9510286 1.37513 0.3914568 1.840735
0.6511428 1.087467 0.4001775 0.5119087 0.7783749
0.2645196 1.2997 0.3254692 1.941617 0.49194
3.490233 1.441838 0.3689052 0.4797086 0.414409
0.2712196 0.1840621 1.37572 1.044598 0.6714233
0.3463774 2.775068 1.487932 0.630672 1.283278
0.5368818 1.145341 0.6639446 0.646635 1.340634
0.2368223 0.5343969 0.7972017 0.531452 0.9105497
1.098847 0.7521726 1.203758 1.386263 0.5369733
1.102575 1.180144 1.089303 2.777103 2.186112
1.847945 2.584613 0.4592582 1.46547 1.396863
0.90219 1.177852 0.5572902 0.2817189 2.295982
0.5688311 1.789859 0.2735338 0.7737148 0.6064974
0.9947839 1.299779 0.2685595 2.736501 0.2834256
1.043651 0.6111462 2.778169 0.2474051 0.9396567
0.3085283 0.4802132 3.008095 0.4876144 1.057213
1.329187 0.544517 0.4356417 1.592121 1.195656
0.8502106 0.6808707 1.069181 0.757708 0.4914028
0.4655127 0.7038962 0.3610255 1.036417 1.781346
0.7840731 0.6143363 0.4557325 1.829237 1.771807
0.6493131 0.3577614 1.187638 0.2025818 0.7455468
2.194374 0.2014218 1.098367 1.845881 0.4826524
0.7734581 1.410516 1.098327 1.101089 2.431418
0.8029332 1.797479 0.8666858 1.206142 0.309867
0.5329099 1.691022 1.825431 2.425691 1.377301
0.884687 1.784841 0.3763212 1.460276 1.175947
0.1885546 0.558688 0.2611312 0.3011508 0.9617181
0.8774647 1.13281 1.020273 0.4505293 0.7087178
0.3696982 0.3851139 2.489197 1.01821 0.7539499
0.2099664 0.3525376 0.6871871 0.3998623 1.159688
0.768819 2.205333 0.3148388 0.7999097 1.194874
0.7993495 0.9964627 0.8104976 2.433157 2.733909
1.20637 1.423901 0.2058925 0.3028904 1.840396
0.3890717 0.4491607 0.583087 0.35783 0.8055162
1.819445 1.162205 0.3901472 1.694737 1.055242
0.9613008 0.5221994 3.144565 2.43316 0.5053814
0.464234 2.155771 1.447756 0.321049 0.8081333
0.4479592 3.450861 0.5423234 0.7278456 1.09111
1.359629 0.6254518 0.8665576 1.199486 2.951628
0.4302408 0.7475513 0.2060817 1.072202 0.400386
1.644481 2.690376 0.2618885 1.944626 0.4278035
0.4242539 0.3658055 0.7607733 1.001273 0.275461
0.2603734 1.055861 2.777905 0.3742415 2.778177
0.3294974 0.6849491 0.1876013 1.374691 0.2945669
1.62949 0.8097783 0.3644301 0.8956743 0.3392895
1.557247 0.8615406 1.037479 0.5211311 1.054767
0.298126 0.353831 0.6047286 0.3461723 0.5154841
2.163618 1.802715 0.3645225 1.829427 0.8705407
3.293287 0.1345737 1.086863 2.222549 0.6338877
0.7821256 0.2317681 1.847136 0.4467373 3.408356
0.2648636 0.1965165 0.9154325 2.776648 1.380844
2.203794 0.9711644 2.77681 1.838031 0.2459421
0.518509 0.5545137 1.068199 3.450073 1.316634
2.778082 1.819652 2.777814 1.836853 1.561029
1.381972 0.2057996 1.821327 1.747297 0.8020998
1.12968 0.3684775 2.777154 1.843882 0.2068263
0.5495094 0.4429935 0.2519223 2.775427 0.2455609
0.9567346 0.3806744 1.381449 0.1918791 0.7914959
0.2912578 0.8063391 0.2666613 0.4163569 1.098327
0.2241017 0.594966 1.043662 0.9380621 0.5078087
3.47721 1.839082 2.770114 0.21595 1.336677
0.3320332 0.4026173 0.3126924 0.6142348 0.4439229
0.4042301 0.4363043 0.4139906 0.931223 0.6191458
2.114034 0.6325986 0.9030457 0.5611545 0.9535412
0.3993269 0.5074529 0.7393689 1.846829 0.6741013
0.6639385 1.051455 1.50872 0.2490609 0.9121569
1.084203 1.296903 0.3423749 0.8195524 0.6501889
0.2915961 1.448677 0.7556231 1.375057 0.898526
1.101301 0.8425411 1.038804 2.942733 1.779885
0.3913684 0.288456 0.6163914 0.6625502 0.3906272
0.7253509 0.6845415 0.7025063 1.35989 0.4408094
0.1930864 1.627768 2.162529 0.3829782 0.4026617
0.4042404 1.606648 0.4946595 2.441703 1.508267
2.423989 0.2718692 0.3421902 1.451534 1.210652
0.7197062 0.9005488 0.568026 1.380551 1.448776
2.204427 0.7844774 0.7197218 0.3410277 0.9184538
0.5880139 1.101426 0.557246 0.8309785 2.343677
0.8508714 1.210922 0.6634507 0.9015472 0.9066252
1.813786 1.446826 0.6376025 0.5334533 0.352399
0.1724379 2.435366 0.7311115 0.2609722 2.441691
0.58911 0.6433052 1.38026 0.3067641 0.3681245
0.5138888 0.7056646 0.4027504 1.785162 0.6014015
0.3707383 1.420678 0.682717 0.3699365 0.5405899
3.288369 0.6002849 0.9393927 0.3787217 2.143359
0.6796791 0.796893 1.295089 0.774713 0.2023479
0.6827071 0.1602701 0.5541358 0.5078852 1.050294
1.325935 0.9886439 0.7110145 1.121373 0.4069676
1.114699 0.5955754 0.2173285 1.750517 3.390801
0.9529233 0.7176695 2.119477 0.1287249 1.027782
1.825912 0.9458737 0.2847096 2.460422 1.823744
2.217578 1.066675 0.5788615 0.4549992 1.177247
0.7139104 1.031296 0.4236214 1.736253 0.7191016
0.7831027 1.220495 0.8439579 0.9517256 0.2261581
1.840785 0.7214727 0.6790415 1.281454 2.419162
0.6443691 0.9700693 1.368421 0.2583953 0.2901215
0.5848086 1.828501 0.2311269 0.9740678 0.8449911
1.15623 0.4562636 0.8979074 0.7783753 0.9186544
0.6425691 0.4336772 1.381449 1.821326 2.769967
3.414666 0.4010427 0.4409193 1.37422 1.092525
2.777384 0.1940284 0.574269 0.5045388 0.1783822
0.8517006 1.380307 0.5226008 0.2515985 0.3746049
2.771556 1.03368 1.331744 0.1860964 1.785444
0.6367751 0.3588086 2.778172 1.375678 1.094884
1.386933 0.3954443 0.2621895 0.2632863 0.3687624
1.651818 0.458749 0.522677 1.846829 0.3385438
0.872284 0.3071746 1.828293 0.4157699 1.403972
0.9069353 1.43505 0.7410097 0.3366982 1.794689
0.8752314 2.186904 0.4403125 0.5749157 0.5741625
1.407327 0.2272884 2.777501 0.685614 0.5032738
1.101993 1.173921 1.08272 0.3430737 0.4428901
1.78547 0.7988031 0.2885478 1.162897 1.816896
0.2011848 0.4891551 2.558256 0.9365244 1.6108
0.308429 0.4250135 2.741807 0.1482262 2.432359
0.5558494 0.8956743 1.645417 0.6286986 0.9934819
0.2798912 1.882666 0.6126742 0.840415 0.4182576
0.6532719 0.48949 0.9895431 0.2799484 0.6327887
0.6149371 0.85386 1.984767 0.7444136 0.8961113
0.8991165 1.101427 1.409956 2.673313 0.8182308
1.294693 0.5386236 1.629495 1.509609 0.8783498
2.735861 0.440724 1.251187 1.397151 0.7403571
1.501322 0.389223 0.2189919 0.7721814 1.246465
0.7138179 0.4226197 2.473268 1.567841 0.3079164
1.099966 1.557925 1.82978 2.774966 1.791215
0.4506102 0.5354193 1.297331 0.4825518 1.374734
0.5103884 1.624 0.1660297 0.898502 0.2257372
0.5496068 1.474066 1.176795 0.2767558 0.2065083
0.8404614 1.055939 1.015495 0.882128 0.3906737
1.107112 0.9301612 0.7181428 0.194751 1.176997
0.5577049 0.8249059 0.4629777 1.027263 0.2759132
0.2670516 0.7629286 0.7994977 0.3277937 1.856309
2.098234 0.6576341 0.3704522 3.404775 1.84738
1.234027 0.2357555 1.028404 0.6179456 0.3698683
0.3723617 0.4506927 1.177291 0.2707877 1.166592
1.742718 0.509374 1.465775 0.371379 0.2974071
0.5991654 0.3469035 1.597593 0.2998238 2.16596
0.717066 0.5108284 0.2572612 1.827322 1.280592
0.518556 0.769024 0.3872468 0.5661866 2.77075
0.8144902 0.8514662 1.259223 2.433131 0.3704958
0.5334074 0.6416799 1.667041 0.2481356 0.717066
0.4609037 0.7339877 0.487979 1.799969 0.9154325
0.5359039 0.6529231 0.9135329 1.809179 0.2489455
0.7216105 1.828954 0.6140111 1.056022 0.3527058
1.558557 1.581936 0.3092528 2.2577 0.3480503
0.2358751 0.3742124 0.3547834 1.343057 0.339993
0.4004311 1.029752 0.5743987 0.1855354 0.8571856
0.4955583 0.1805581 0.2206945 1.436332 0.5387797
0.638251 0.7041116 1.825239 1.074554 0.240558
2.399821 1.799151 1.14534 1.741841 0.6147374
0.2962197 0.4131826 0.5440186 0.7804371 0.9241648
1.082212 1.162984 0.90219 0.4807639 0.5349417
1.755448 0.3506126 0.3719003 3.384093 0.9525
0.7879038 2.762641 0.2690123 1.422655 2.767011
0.7190069 2.777156 0.7750341 1.398669 0.2503691
0.283716 0.1398549 0.5599899 0.3460622 0.3817016
1.847823 1.631941 0.2288969 0.5110838 1.33666
1.19567 1.411746 2.76586 2.764316 0.247148
1.342444 1.206052 1.196055 0.713839 1.420738
1.279582 0.7066186 2.43264 0.8447821 1.843371
2.562294 1.403967 0.4266463 0.3705488 0.6337771
0.3096077 0.2656003 0.766286 2.774258 2.766321
0.5823745 0.262116 0.3245714 0.4793744 0.8502129
1.843428 0.9154208 0.5124679 0.5769071 0.4732965
0.4333745 2.773701 0.3017328 1.279102 0.298126
0.5413579 1.036548 1.413529 0.2789953 0.7200948
0.3881698 1.32194 0.7938574 0.6326275 0.5394839
2.776652 1.822284 0.7194084 0.8552918 0.5444146
0.7376412 0.4027102 1.366424 1.139846 1.05604
0.8128735 1.035096 1.530344 1.268374 1.46821
0.4945065 0.6065024 0.3361481 2.516371 2.428094
2.777285 0.358817 1.186497 0.6679511 0.6163118
2.179514 0.4433448 0.4104611 0.6780089 0.3718757
0.3022236 0.4929531 3.373898 1.35324 0.2559853
1.450884 1.944844 0.7176119 0.5420461 0.896753
0.2572279 1.030719 1.613318 0.7933103 0.9656325
0.5440845 2.515332 0.5839871 0.516192 1.356091
0.7955604 0.4946997 0.3168332 1.658709 1.048482
1.813387 0.5136333 1.846582 0.3729388 2.776909
0.2036373 0.2441474 1.274393 0.5354398 0.6607483
1.577168 1.091739 2.772198 0.192334 0.4352714
0.364749 0.4966853 1.279859 0.2648195 1.389466
0.3678383 1.381753 1.281642 0.4288822 1.173468
0.3552476 1.429166 2.766703 0.909002 2.226286
1.847614 0.6851521 0.7982278 1.000041 0.5439689
0.4877662 1.837931 1.18793 1.006747 0.8308178
0.641363 1.192786 0.6753623 0.2864419 1.09475
0.8511996 0.3216481 2.406899 0.915257 0.4318807
0.2771734 1.174681 0.9186056 1.11848 2.194044
0.858843 2.18611 0.9939097 0.2527499 0.553341
3.057555 1.153842 1.560934 1.455943 0.8679865
0.6832207 1.434502 1.102328 2.433129 0.4422727
0.6000787 0.5769072 0.3024405 1.102538 0.7909059
1.968044 0.2288999 1.781881 0.5157345 0.2977215
1.381167 0.5627461 0.776393 0.9676283 0.2169778
0.8282515 1.833921 2.43539 1.334738 1.48602
0.9706414 2.117745 0.9831062 0.5912664 0.130858
0.2461599 1.465987 0.6933197 0.8001055 0.3299207
0.4520013 1.3747 2.924534 1.087124 1.089841
0.2162667 0.1480526 0.2641093 0.3896764 0.6000575
2.181909 0.6622533 1.558244 0.6698279 0.4794942
1.322165 0.7104328 0.7739339 0.3538109 0.646312
3.403692 0.3379301 0.5475631 0.6099848 0.9089879
1.206753 3.477092 1.766024 0.5083743 0.3050717
2.441845 0.5348728 1.847762 0.9740612 0.3859082
0.2830981 0.5736651 0.7235654 0.4862546 0.5304178
0.5022181 0.7893839 1.446826 0.3310571 0.8646723
0.7988564 1.044919 2.431751 0.2357616 0.473255
0.1557489 0.3215084 3.461884 0.2214383 0.4122647
1.211439 0.7980936 0.8861942 0.2352737 2.291647
1.636799 0.5445559 0.373069 1.145874 1.847946
0.8045376 2.77705 0.3645442 0.5106716 0.7063312
1.344605 0.7444249 0.5314644 1.403975 0.3031922
1.283294 1.355664 2.773409 2.778066 0.41374
1.847133 0.2016618 0.292084 1.663232 0.744213
0.9515256 0.7156864 1.847762 2.045898 0.2474325
0.5106544 2.214388 0.6439217 0.314328 1.850424
0.3657525 0.2577767 2.235036 0.4562955 1.160219
1.028897 2.775426 0.3818243 0.1698115 1.067307
0.801831 0.3470906 0.5315373 0.5038889 0.434975
0.2951657 0.3397743 1.06729 0.5978809 0.3851267
3.068029 1.332203 0.8970732 0.4194688 1.846442
1.152715 0.2193814 0.3096214 3.079282 0.6419395
2.775765 0.7448277 0.2354676 0.4027353 1.014168
0.2906295 0.6891722 1.215907 2.774256 0.2804621
1.823947 1.172783 0.9598721 0.3357771 0.9813387
0.3595213 0.5957255 0.2887035 1.098541 2.770885
0.2864409 0.7600367 0.5427469 0.1654392 0.4977872
0.4256696 0.9059775 0.3451445 0.7759613 1.09458
1.474554 1.035548 2.217575 1.421303 0.7811248
0.7428194 1.834114 0.768332 0.6796627 2.771434
1.382031 0.3441768 0.7067425 1.030263 1.031136
0.7498856 0.6668181 1.03415 0.3630195 0.2726634
1.156495 0.5232083 0.5357966 0.4022517 2.771562
0.3311318 1.829487 0.3042144 1.374236 0.544304
0.4980245 0.5005793 1.769335 1.156637 1.762469
0.7855729 0.1912312 1.181719 1.370683 0.8017316
0.5897119 2.197295 1.413528 0.2569929 1.097101
0.5376372 1.181628 1.840945 2.149082 3.276253
0.8963698 0.4570812 0.5127661 0.3729733 1.45643
0.2785154 1.102539 0.9043146 1.912612 0.8279452
0.7441269 1.293534 2.769095 0.8227395 0.4194064
1.615964 0.1932024 0.7446627 1.236687 0.4215914
0.4399058 0.3635278 2.433131 1.847822 1.028973
1.631436 0.5723864 0.3149819 1.783724 1.049229
1.183039 0.2578035 2.777147 0.545042 1.77178
2.772099 0.7534839 1.375127 0.5462668 1.377243
0.4001345 0.7270683 0.6854615 0.7704599 0.9462886
2.736508 0.6676106 0.2389904 0.2947762 0.3533969
0.5465187 0.3218 0.7080798 2.77341 0.484772
2.775664 0.6855368 0.7075813 0.3358305 0.6532178
0.2540983 0.5862432 0.7648926 1.088808 0.3545349
0.7697315 0.8703467 0.1957331 0.5170463 0.5961078
1.21144 0.590634 0.1475737 1.781324 1.845472
1.024892 3.326302 0.689232 2.180158 0.6935556
0.4976361 1.811758 1.252341 0.6330885 1.292259
1.833857 0.6495739 1.580742 0.1957383 0.3613426
1.010317 2.771899 1.083349 1.654752 2.430689
0.9215893 0.7232412 1.103117 0.3205672 0.4829246
0.4854631 2.777906 0.3804777 0.6490797 0.8060278
1.658413 1.195422 1.375195 1.372437 0.4965371
0.9891333 1.038032 0.6127594 0.7285433 0.3387493
2.159026 0.5486639 0.2557385 0.5707013 0.6516465
0.6898671 0.4427174 0.2844375 0.3595741 1.963533
1.176373 0.574593 1.117403 1.843372 2.19732
0.5325752 1.381711 0.3827022 1.845616 0.5623775
0.9032686 1.214014 0.7019854 1.379759 0.3457309
0.4484066 0.4820699 0.5420731 2.776647 0.3305031
2.722314 1.567568 0.457794 0.7854268 1.27526
1.101459 2.773685 0.7757187 0.7541983 1.102023
1.049355 0.4290218 0.4693529 0.3336099 0.9113995
0.1776533 1.829476 1.054357 0.8889085 0.1725341
0.2499452 0.1948334 2.776653 1.449666 0.5158172
0.6403939 0.5217231 0.5977217 0.3821127 1.084944
2.441871 1.382073 0.5508086 0.7541892 0.7545644
0.7743749 2.770069 0.5314652 0.2701911 0.6596153
0.2685579 1.127818 0.3547189 0.5189951 0.7415024
2.769093 1.84226 0.3127492 1.026188 0.5558476
0.4257155 1.20851 0.3208523 0.7899775 0.158432
0.3949678 1.828803 0.3534822 0.78668 0.6933384
0.9296914 0.4492446 0.314328 1.80126 1.232485
1.285882 1.211176 0.5335553 0.2573375 0.6665183
0.3359285 0.9054135 1.067318 1.447357 1.800483
1.421303 0.1852234 0.9365539 0.6820928 1.630838
0.2468346 1.202714 0.5239361 0.2753393 2.772759
1.847821 0.6938407 1.839665 0.8914153 0.5620965
1.335463 0.8836602 1.819608 1.620314 1.280704
0.4566394 1.993902 0.6065386 0.20655 1.6555
1.15081 0.167466 0.7737039 0.4103946 3.268841
1.10257 1.554146 0.5769071 0.3754247 0.3560467
0.2416278 0.9411066 1.3742 1.846235 0.5130902
0.8577562 1.920609 0.3390512 0.9671073 0.6954877
1.101679 0.4004367 1.384493 1.029732 1.665638
0.6316512 0.8568535
