"c[trans]" "c[com]" "c[circ]" "c[rep+]" "c[rep-]" "c[pack]" "com[max]" "rep[max]" "c[3A]" "c[stay]" "scaler" "var c[trans]" " var c[com]" "var c[circ]" "var c[rep+]" "var c[rep-]" "var c[pack]" "var com[max]" "var rep[max]" "var c[3A]" "var c[stay]" "var scaler" "ly gamma shape" "lag" "ly gamma rate" "lag var"
-5.280296 -2.480635 -6.585797 -9.143283 1.509491 -5.477632 6.488682 8.388732 9.743686 0.4414177 0.0002844771 0.7054132 0.9367351 0.4414678 0.2192902 0.5329118 0.9953961 0.9704984 0.6569501 0.5939923 0.5010785 0.9067764 35.68474 7.684031 2.206761 3.756507
-5.539968 -0.6657947 -5.398164 -9.697632 0.7936775 -4.050787 7.606467 12.06244 4.802278 0.4398359 0.0002052391 0.5108164 0.4545268 0.1811386 0.3077398 0.6233412 0.996218 0.5822753 0.2252645 0.8962738 0.6408627 0.981666 33.9256 8.104141 2.16889 5.335103
-5.257934 -2.724323 -6.248866 -8.313035 0.9140991 -8.047646 8.526876 17.12132 5.287661 0.5727089 0.0003689549 0.3694935 0.5299882 0.4984296 0.6370551 0.2196677 0.6073284 0.05073531 0.2782116 0.1219684 0.8180052 0.8186156 38.42917 7.022294 2.271226 6.947233
-5.637974 -0.06843159 -6.22163 -8.094716 0.5734145 -3.747093 5.640791 10.19142 4.311786 0.3426292 1.260991e-05 0.2837813 0.6897793 0.147573 0.7007436 0.2241657 0.7699674 0.008983085 0.7429424 0.4271362 0.4296052 0.7616624 36.50058 7.01258 2.046331 7.13072
-5.074168 -2.609078 -5.969616 -9.636223 1.682208 -6.399036 7.138746 15.40753 5.867058 0.5469363 8.521192e-05 0.5036459 0.1157294 0.04618702 0.7811962 0.3907185 0.3556518 0.656488 0.7003804 0.5810235 0.8933513 0.6739727 44.61166 4.659883 2.450268 1.534556
-4.898112 -3.533844 -5.242724 -8.760438 0.7543719 -7.832357 7.532642 17.18705 2.358941 0.2460001 0.0007151309 0.4621719 0.9069787 0.8513694 0.1855789 0.7207085 0.9359809 0.7015685 0.1698682 0.8482784 0.1239502 0.7167367 34.9715 8.562744 2.365454 2.068896
-4.784884 -1.882719 -6.453907 -7.856039 0.3875777 -2.400052 8.216274 15.74446 9.959725 0.5571866 0.000816454 0.3742687 0.5815818 0.9210734 0.3077094 0.7730715 0.9273762 0.4258839 0.5303444 0.2643041 0.623956 0.8839707 43.47135 7.940518 2.628509 4.152981
-5.206753 -2.429045 -5.318837 -8.137567 1.514349 -6.556288 4.935537 10.2497 6.259413 0.8026667 0.0004350437 0.5183026 0.9973802 0.2882215 0.8090722 0.5489104 0.2899752 0.1085191 0.3554132 0.0510516 0.3303446 0.9848137 33.89294 8.891491 2.0457 6.319882
-5.571419 -1.967337 -5.640902 -9.019357 1.992797 -8.235115 5.659797 4.128842 7.919775 0.6154803 0.0005159604 0.720836 0.8121401 0.1787267 0.1117219 0.7765973 0.5684683 0.06437455 0.4567048 0.8375852 0.6799969 0.938444 38.57246 7.342895 2.404714 2.987071
-5.613683 -2.446537 -6.541861 -9.899856 0.8714907 -7.150164 9.05998 12.53549 3.17535 0.6197856 0.0003791429 0.8630241 0.07485174 0.5719429 0.3968481 0.7825528 0.3772115 0.1628867 0.09119103 0.5171003 0.419901 0.9242733 31.45329 9.74841 2.113659 2.700015
-5.080811 -3.392089 -5.470449 -9.970358 0.7214561 -5.419246 4.276445 12.27685 8.642334 0.394233 0.0005374123 0.6241568 0.8925874 0.4115097 0.1469495 0.8295869 0.8918009 0.4116338 0.3778582 0.5493933 0.8609591 0.960696 41.74732 5.208109 2.406645 4.027716
-4.990083 -0.1550344 -6.582708 -8.017405 1.31517 -7.392662 5.725064 8.630712 7.171165 0.4834308 0.0007135042 0.9819527 0.3749139 0.1469402 0.6558289 0.3858394 0.01401926 0.4900971 0.001383513 0.3159465 0.3461222 0.8588711 29.46515 8.734135 1.816722 3.493719
-4.828013 -1.501369 -5.719418 -7.010979 1.314737 -5.791945 9.420793 5.401986 5.65495 0.6046688 0.0008493599 0.6298969 0.579885 0.5898866 0.1204079 0.1391954 0.8195498 0.7106732 0.4030141 0.4513578 0.73829 0.7098674 35.85763 8.943111 2.000153 5.216935
-5.105512 -0.5752102 -6.273307 -7.952042 -0.2360572 -5.906754 6.802094 14.01831 6.829329 0.2303093 0.0001446825 0.979072 0.1145118 0.4275548 0.08860523 0.03627726 0.826339 0.1918694 0.547468 0.8926714 0.07139316 0.7290661 38.01452 3.770151 2.235246 6.647259
-5.043053 -1.330731 -6.389422 -9.224196 1.382738 -3.252153 9.574929 11.33195 6.542904 0.1388328 0.0004682641 0.7558681 0.47576 0.03272095 0.2736519 0.4006187 0.6034129 0.8664471 0.6780469 0.3681352 0.8163624 0.8237604 30.09355 8.972542 2.105645 2.674653
-5.375388 -0.8744748 -6.248619 -9.587384 0.7451227 -4.361675 7.648304 6.055366 6.399957 0.3861722 9.600743e-05 0.8771606 0.2150282 0.9115042 0.5136137 0.2705426 0.6963745 0.1609653 0.007448324 0.2453521 0.8664707 0.9271448 23.64165 8.0869 1.483499 4.882828
-5.861811 -0.7758779 -6.124371 -8.796793 0.9466257 -6.245723 8.754455 16.26065 4.963687 0.6061906 0.0002737654 0.6997804 0.5613534 0.3138777 0.2581695 0.7654403 0.5815162 0.0181654 0.4924161 0.2922806 0.3877603 0.9207433 35.46842 6.055519 2.340136 6.458672
-5.426327 -3.534447 -6.260212 -9.047925 1.108772 -7.239649 8.325242 9.44263 2.799374 0.2065545 0.0007362138 0.6611547 0.5251649 0.4493548 0.3208885 0.6374635 0.8233967 0.5736717 0.7501094 0.6999689 0.8723159 0.8216303 27.1673 8.466682 1.760908 5.724683
-5.071114 -1.214627 -6.537385 -8.237223 0.2062685 -3.962088 6.040553 8.47499 8.499792 0.1980583 0.0002818319 0.4075367 0.03932848 0.7327837 0.8420069 0.4764664 0.008891713 0.5994024 0.5955739 0.8671087 0.4054092 0.5347079 39.66127 2.080954 2.244337 6.46038
-5.25217 -3.552385 -5.164944 -8.46472 0.5687253 -7.068341 7.126782 17.11476 4.976098 0.4428073 0.0002451865 0.5277032 0.2919957 0.1577579 0.4809361 0.3417779 0.6243356 0.6298695 0.0004249208 0.9802713 0.1445746 0.8812592 36.72829 4.9813 2.105951 8.702605
-5.017876 -3.654872 -5.496282 -9.057646 -0.2190481 -3.698594 5.844064 10.53004 8.358174 0.5271677 0.0007924587 0.5493295 0.6230987 0.1189446 0.9602431 0.7766447 0.8519423 0.2472097 0.8012332 0.3607577 0.3877656 0.9788528 27.62106 9.623616 1.839934 4.341796
-5.05025 -4.464163 -5.602038 -9.025537 2.275022 -8.028882 7.670957 7.7721 1.810856 0.0763659 0.0003562801 0.01348183 0.7059468 0.6300355 0.3740455 0.3455272 0.6721037 0.5826749 0.8844697 0.0320844 0.8620506 0.9853279 38.24167 8.811818 2.49871 4.372944
-4.902679 -3.346796 -6.068209 -9.562925 1.822717 -2.52328 9.490454 10.41678 2.641518 0.4608752 0.0004413405 0.2111018 0.1648406 0.6513487 0.03500128 0.6396326 0.7323352 0.481987 0.8304687 0.06844041 0.1051386 0.9514 35.09607 8.62831 2.322302 4.493412
-5.470559 -0.6197537 -6.500419 -8.79948 1.241543 -4.567166 6.820133 12.79774 2.627845 0.1369999 0.0002728532 0.8473456 0.9450846 0.2476216 0.3432817 0.7650362 0.5693654 0.1441104 0.6817957 0.4635574 0.6383202 0.9184913 33.0662 9.513295 2.403385 2.70328
-5.606355 -1.591099 -6.135518 -9.128677 2.05917 -7.222363 9.615645 17.26503 8.422593 0.3977996 0.0009818181 0.5330791 0.4218929 0.4564642 0.6885632 0.945212 0.159152 0.4492187 0.777561 0.06019044 0.332997 0.8876932 35.08672 5.101618 2.018894 3.981253
-5.519043 -1.690674 -5.978691 -9.142423 1.616336 -9.879408 8.705506 5.728967 6.448581 0.9176747 0.001177094 0.4709735 0.2674656 0.3095857 0.01357841 0.8482019 0.637449 0.2382222 0.385741 0.9553203 0.07431949 0.8840483 32.61467 8.909996 1.983795 3.469259
-4.988484 -3.068805 -6.42069 -9.428315 1.362685 -4.108791 8.018826 8.560888 8.538834 0.6826423 0.0007926047 0.3903587 0.6408603 0.5524564 0.02634291 0.7444883 0.5673432 0.7315113 0.3401561 0.2998024 0.3066951 0.7304754 34.63902 9.329524 2.280147 3.106242
-5.112225 -0.766634 -5.640859 -7.887336 0.8391317 -5.354965 4.912531 15.07607 7.820712 0.248388 0.0001001347 0.6598718 0.0745746 0.7150995 0.1319543 0.2338927 0.8806149 0.231972 0.5777981 0.8470854 0.3047348 0.7606969 40.29562 5.94207 2.244868 5.18653
-5.146811 -3.132048 -5.567688 -8.448723 1.333498 -0.4450511 8.625951 13.3088 4.300491 0.08401231 0.0002426247 0.8485395 0.3656266 0.07343151 0.111917 0.7064755 0.3532337 0.8714394 0.7935839 0.7199982 0.7588391 0.9442325 42.7715 5.447986 2.334219 2.933972
-4.999757 -2.452159 -5.879337 -9.603957 0.1656285 -6.389316 6.1983 6.90054 5.327692 0.3577902 0.0008348016 0.7479209 0.9905092 0.493395 0.4252878 0.3437135 0.7937641 0.355296 0.743762 0.9993526 0.9805367 0.8566319 32.80005 6.348378 2.028108 2.291822
-5.193018 -3.613661 -5.778414 -8.998702 1.79749 -8.353555 7.083031 7.556269 5.773708 0.3299598 0.0004242875 0.2621957 0.6886602 0.5790402 0.480991 0.1121013 0.6996364 0.6728362 0.9261962 0.1029805 0.5301774 0.8512014 34.38412 5.799269 2.000718 4.422331
-5.417968 -1.670465 -6.012556 -9.455561 1.474541 -3.925784 9.793406 17.42 3.456407 0.6083868 0.0003245332 0.3776677 0.5699223 0.2833238 0.2247013 0.3978984 0.4811734 0.4697688 0.9387567 0.4508988 0.6765322 0.7465118 33.96248 8.55559 2.328207 2.596806
-5.253507 -1.437872 -6.201212 -8.896918 2.179235 -5.696624 7.117987 12.42794 6.533707 0.3254485 0.0005090008 0.8321368 0.3267028 0.08591578 0.6826481 0.7714524 0.8377157 0.7939155 0.817204 0.2525975 0.5938408 0.8569401 43.22993 5.860839 2.761364 4.541262
-5.095649 -1.534996 -5.045076 -8.098517 1.834028 -3.882112 7.789034 7.31205 6.762564 0.9236953 0.0005186045 0.6833056 0.277648 0.9692009 0.05195264 0.1762591 0.6475271 0.4094845 0.6225818 0.7793077 0.2235249 0.7835482 33.51929 7.420795 2.102013 3.875015
-5.201592 -2.489623 -5.625879 -9.983376 0.1926839 -4.44806 5.836358 7.697066 7.609127 0.4160447 0.0007219968 0.5396764 0.8954052 0.4239374 0.325215 0.65753 0.1289624 0.6674156 0.3685337 0.3883583 0.5506548 0.8033172 26.42175 4.457053 1.418405 4.064376
-5.440501 -1.320739 -6.15622 -9.235182 2.487541 -9.128703 8.932647 13.93136 5.380957 0.5740492 7.764933e-05 0.8535005 0.3469114 0.3249349 0.3173212 0.4639328 0.342296 0.3917464 0.3591102 0.1228882 0.3339091 0.9225146 34.40415 6.753629 2.055742 4.113688
-5.535549 -4.229567 -5.794554 -7.967035 1.764231 -9.33787 9.701516 9.884447 1.233928 0.3931512 0.001450707 0.7401097 0.7716244 0.2068175 0.2443596 0.6651259 0.2847754 0.7716444 0.05567915 0.8285724 0.4336025 0.9071336 34.35176 9.926104 2.196994 6.374794
-5.145162 -0.06844825 -6.497077 -9.459443 1.445327 -9.849253 7.191421 14.77453 4.129386 0.7691898 0.0006799045 0.574318 0.2479053 0.01300361 0.5417397 0.4464732 0.03904361 0.590096 0.3916994 0.331227 0.2602794 0.8454323 32.53313 7.685366 2.039529 2.40992
-5.457447 -3.913241 -5.180692 -9.75923 1.200949 -3.762645 7.136998 8.185576 7.886989 0.5652646 0.0007901213 0.9576277 0.8731426 0.5238644 0.5565525 0.2826339 0.0414185 0.7487227 0.8086625 0.5191849 0.8250709 0.6276426 39.50427 8.315691 2.467979 5.278676
-5.290762 -0.844906 -5.513879 -8.596262 2.18006 -2.88518 4.378417 14.55745 1.681936 0.6862388 8.080969e-05 0.7368737 0.6114135 0.1160596 0.9432524 0.8786086 0.5359985 0.123961 0.7148373 0.2841207 0.7564049 0.8035845 30.47178 5.711377 1.938591 4.866162
-5.165692 -0.005233844 -6.752902 -9.864293 1.887585 -0.822935 8.592839 12.68991 7.986739 0.6045326 5.676545e-05 0.6952076 0.3062343 0.8024563 0.9701197 0.2203441 0.61998 0.1324802 0.9112261 0.9053896 0.5421761 0.9510923 34.37754 9.780114 1.99842 4.634945
-5.128683 -0.3135968 -6.269942 -9.050842 1.402183 -3.500533 6.492476 8.342635 6.886368 0.6431956 0.0008377545 0.6187384 0.4888476 0.7139333 0.0369359 0.4007193 0.1409507 0.5221136 0.7829814 0.5535426 0.4305699 0.9552075 31.66025 9.579086 2.176023 3.27992
-5.225587 -0.6744247 -6.07279 -9.689168 2.158044 -2.905538 4.842733 11.66243 5.283297 0.09190022 0.00115148 0.8238076 0.2407482 0.3640023 0.995048 0.2090644 0.724463 0.406895 0.6039075 0.1695722 0.6773763 0.8640701 42.69831 7.491081 2.949878 4.306043
-5.446616 -0.5587634 -5.995864 -8.08233 0.1956627 -6.73477 4.486663 9.722196 7.245184 0.4631788 0.0009561492 0.8313008 0.0861515 0.3913774 0.5101489 0.7286815 0.9542881 0.863232 0.7468824 0.1899164 0.9499027 0.9494747 34.47477 8.361489 2.143809 3.537097
-4.874526 -0.390717 -6.034007 -8.341762 1.479908 -2.716833 9.458838 10.94909 4.79803 0.5286156 0.001289074 0.5275812 0.4053807 0.08385926 0.5430585 0.6738902 0.9267931 0.791184 0.7811705 0.134942 0.1169066 0.9402427 39.50734 2.515173 2.195733 7.422519
-5.058086 -4.710823 -5.476446 -9.484834 0.7680153 -0.9499474 8.357224 8.688969 7.146561 0.263733 0.0002442454 0.9540306 0.7051332 0.9503792 0.6299498 0.5876398 0.2740832 0.2784265 0.5011818 0.9992489 0.1401272 0.8525179 34.33528 9.893774 2.22109 3.969693
-5.149612 -2.467131 -5.595278 -8.658572 0.9524601 -8.379773 6.502224 17.25329 5.019602 0.276093 0.0006072951 0.489717 0.07014744 0.4983227 0.6812741 0.6635363 0.9843714 0.03311138 0.5002445 0.5232814 0.5694547 0.6588786 35.70066 6.735917 2.142665 3.108365
-5.733906 -3.012326 -5.466669 -8.136759 1.241762 -5.053243 9.543587 8.116999 2.036998 0.1945661 0.0009957195 0.8536603 0.6246123 0.1548427 0.4115926 0.3532496 0.8235703 0.1788484 0.8901615 0.1663211 0.3044487 0.949196 37.90069 8.89262 2.416451 5.866455
-5.243833 -0.5738729 -6.117132 -9.5884 0.02661106 -5.489852 5.903455 11.67673 7.176742 0.3200019 0.0005355589 0.798559 0.4134412 0.477626 0.9869492 0.6780078 0.6303619 0.3631 0.2480824 0.8682486 0.2081632 0.6881204 37.08321 8.722329 2.16534 5.882991
-5.350542 -1.279207 -6.151436 -9.80302 0.6296 -1.847445 9.25408 10.19038 1.497877 0.463631 0.0006201396 0.4830589 0.836142 0.4272968 0.3031731 0.7758194 0.4673891 0.03711635 0.4534055 0.1091149 0.5897325 0.9619642 34.56747 7.389413 2.014166 8.053043
-5.005895 -3.513454 -5.896161 -8.79982 0.6252987 -9.563992 7.74327 13.46814 3.978353 0.6403738 0.0001298896 0.5805823 0.8353417 0.7480195 0.3805661 0.9592546 0.4160842 0.6841515 0.5827471 0.9170473 0.6130305 0.8285728 42.22459 5.985197 2.403484 6.705014
-5.271936 -0.128573 -6.216818 -9.474491 0.1057176 -4.059315 6.651889 16.48218 9.479611 0.7860709 0.001033163 0.3921028 0.2460685 0.8187846 0.1078413 0.81165 0.4240707 0.2478875 0.47129 0.2380141 0.3609682 0.8575643 33.97903 5.543905 2.037183 7.010789
-5.573672 -0.8687243 -6.568395 -8.807736 1.60141 -4.959473 9.887727 7.361128 1.766053 0.5041642 0.0009682711 0.2344249 0.2368906 0.6155689 0.3243897 0.46093 0.4925887 0.9967651 0.5901801 0.5053132 0.6251113 0.6539571 33.39731 8.968855 2.038108 6.169307
-5.472582 -4.276365 -5.735385 -9.764354 1.675163 -7.855519 5.339282 14.92454 6.399259 0.0579984 0.0008877282 0.2895046 0.4985118 0.6325645 0.3694036 0.2016456 0.4182004 0.1985915 0.8317305 0.4871018 0.7327378 0.9591897 28.11681 7.599918 1.942002 4.520249
-4.98218 -1.640106 -6.44276 -9.093939 2.294189 -0.830506 8.640087 4.815325 7.790434 0.2650642 0.0003289793 0.3780765 0.3372497 0.2858847 0.7786637 0.9423719 0.5924027 0.1424348 0.776962 0.7772542 0.09930662 0.7242181 41.48163 5.430868 2.543093 4.540315
-4.994991 -2.340597 -5.728516 -8.494141 2.311679 -9.86359 6.937277 5.084789 4.449064 0.5669345 0.0008761288 0.3081486 0.4726906 0.5508437 0.2935319 0.2740699 0.3479533 0.7336351 0.8468 0.02657854 0.8717705 0.9116714 31.31531 7.626707 1.885489 3.07827
-5.42164 -2.334989 -6.421342 -8.800438 1.599678 -3.202465 8.19166 9.84011 3.234926 0.0115108 0.0005203924 0.2941631 0.8891546 0.9729422 0.7555988 0.1644154 0.2418495 0.2546306 0.1362019 0.6801043 0.7892252 0.7909556 36.1743 5.820937 2.302165 6.709204
-5.390973 -1.320636 -5.702469 -9.677959 0.6812355 -5.20205 6.093197 13.99381 4.565825 0.1598157 0.0007134529 0.6488412 0.4225276 0.25891 0.6594914 0.1587992 0.2683067 0.826222 0.6077628 0.1334041 0.4472276 0.8041061 32.19308 6.646942 1.858747 3.104341
-5.884082 -4.065885 -5.626814 -8.622816 0.3577487 -4.147778 6.980028 8.603373 7.084196 0.6549358 0.0001430892 0.9215852 0.4132926 0.2361992 0.6889762 0.3077799 0.6386026 0.4318226 0.04553991 0.8273001 0.2485218 0.7700613 33.63341 8.767981 2.153994 5.118512
-5.407173 -3.591683 -6.085628 -8.94925 0.9665443 -2.916708 8.039399 14.94294 4.620118 0.6397858 0.0004833522 0.9586826 0.9667941 0.5658786 0.7213518 0.4074523 0.5092685 0.3984958 0.7095991 0.622048 0.2506074 0.8329675 36.18677 9.395213 2.221533 6.171956
-5.695879 -0.8667162 -6.564919 -9.005057 0.7290434 -1.322117 9.481873 7.007567 9.937032 0.7078934 0.0004750719 0.520821 0.2777734 0.7304087 0.04996688 0.5777883 0.07912822 0.08110857 0.5984577 0.5997308 0.3242942 0.8062351 37.98787 9.122863 2.196448 7.194675
-5.543586 -2.840377 -5.975134 -8.368245 0.01653952 -1.381579 6.744042 10.02499 5.289393 0.907394 0.000572402 0.4849615 0.2842088 0.3516673 0.4068449 0.9610366 0.9243709 0.8629259 0.1804593 0.8966811 0.03635963 0.9620711 28.26463 7.588017 1.572419 13.28895
-4.796476 -3.000771 -5.714633 -9.663994 -0.1551649 -1.960578 7.37712 11.12051 4.049365 0.7958267 0.000857086 0.1893074 0.3353552 0.8264111 0.35511 0.9503156 0.2677558 0.5701572 0.5908522 0.1119287 0.2989011 0.6472377 35.10207 9.701413 2.187488 3.982231
-5.412384 -3.869026 -5.241053 -9.360372 1.521661 -9.11705 6.155093 6.101125 6.194279 0.310376 0.0005532568 0.4239098 0.5605652 0.3274367 0.7403367 0.8151001 0.6224297 0.4529595 0.7606812 0.2761118 0.0721152 0.7633514 39.59632 8.734952 2.457697 4.990053
-5.539629 -3.66118 -5.847584 -9.216993 2.405186 -3.37144 9.935356 11.43974 6.446951 0.418625 0.001089437 0.6338567 0.976815 0.2587586 0.1722851 0.1168542 0.241489 0.05505616 0.3322478 0.8503877 0.3715342 0.7769838 37.08504 4.909089 2.181654 6.540319
-4.776857 -4.092787 -5.408321 -9.772969 1.835782 -8.232079 9.197085 13.24032 6.74971 0.5807152 0.001002794 0.7703501 0.9005944 0.2926843 0.3415296 0.6835626 0.2450889 0.223389 0.8324957 0.8623508 0.08287237 0.9209308 31.3855 7.148017 2.011429 3.961602
-5.105391 -3.634585 -5.63234 -9.693001 0.9856164 -0.6702478 7.73648 14.09876 8.605063 0.1478529 0.0006821298 0.3593931 0.3295634 0.2105964 0.6814325 0.4818545 0.485093 0.4000713 0.602323 0.7232878 0.3808685 0.8154295 34.25004 6.625127 1.972355 4.375627
-5.112928 -2.994622 -5.280701 -8.11473 0.4234139 -4.139106 6.454306 15.13151 3.353874 0.3272317 6.912497e-05 0.9489407 0.070483 0.3003529 0.01755257 0.9962012 0.8711194 0.05087827 0.1678671 0.2136932 0.3467053 0.839896 36.41341 9.580727 2.362653 4.984955
-5.254589 -1.721597 -5.791964 -7.967402 1.612374 -7.396884 8.867611 15.93069 5.172006 0.02666741 9.002895e-06 0.5351532 0.2860366 0.2636502 0.02457036 0.6422218 0.6718384 0.4285485 0.9427965 0.4583178 0.7328517 0.8859076 36.07061 7.846692 2.177043 4.407
-5.359494 -1.687278 -4.878059 -9.494337 1.452899 -5.697889 6.671225 9.853531 4.639388 0.3108248 0.0006954739 0.4197056 0.1294787 0.6365337 0.3445066 0.7962687 0.568263 0.4259341 0.9176368 0.6258777 0.8436716 0.8833813 30.51696 7.47856 1.851363 4.359164
-5.453212 -1.569969 -6.677018 -9.973877 -0.003699786 -0.341608 6.182668 4.363648 5.223766 0.01851672 0.0004043695 0.5630722 0.7503842 0.6738266 0.4796745 0.2445146 0.7203373 0.7383193 0.7976265 0.171143 0.9644713 0.7605035 36.93967 8.849548 2.465101 3.836567
-5.262995 -4.187585 -5.941434 -9.500174 1.224306 -3.60417 6.948218 6.42008 9.449153 0.5805803 0.001161495 0.7070986 0.6406342 0.2726342 0.7813509 0.8357659 0.4971327 0.879861 0.8301379 0.2580936 0.4712051 0.7505951 37.0062 7.98096 2.342789 3.705564
-4.844449 -0.174924 -6.683446 -9.457383 0.531722 -8.244635 6.641393 4.997522 6.88299 0.3409435 0.0001931737 0.962418 0.1161631 0.1477918 0.91807 0.4870409 0.7280763 0.7431656 0.7846978 0.2191903 0.790227 0.519091 37.12039 8.951139 2.463573 3.65375
-5.815024 -3.377485 -5.934819 -8.382457 0.3536656 -4.108709 9.171829 15.83878 5.738811 0.4309237 1.30781e-05 0.7018232 0.7739862 0.2987535 0.5491098 0.528745 0.8107184 0.1658167 0.298407 0.2045592 0.7266567 0.916146 45.89302 6.94071 2.73235 6.039581
-5.494385 -1.84112 -6.151379 -8.356766 2.203368 -5.585943 6.733092 11.97524 9.555172 0.5233141 0.0005496259 0.8353414 0.7754884 0.702872 0.3628817 0.9880319 0.5201143 0.1691933 0.6417664 0.2258629 0.9911911 0.9525064 29.73355 8.936626 1.927719 2.614326
-5.13854 -1.546302 -5.975382 -9.702812 0.484144 -5.993649 5.167282 12.53113 4.448874 0.4681415 0.0008300373 0.8116463 0.9690509 0.5004421 0.5420332 0.6407943 0.4816734 0.4040598 0.6737787 0.129081 0.8635501 0.6472579 40.98716 5.522793 2.239898 7.973237
-5.380134 -1.65531 -5.927605 -9.534916 1.059259 -6.729087 8.214249 6.985261 6.624024 0.3466363 0.001009106 0.5895227 0.7392852 0.2770296 0.4152747 0.1886769 0.7564655 0.1674467 0.1088967 0.5005155 0.4434631 0.7579409 37.89815 7.665321 2.226006 4.584385
-4.827334 -0.5844793 -6.691589 -8.111776 0.9207769 -2.660624 7.971749 15.79634 6.41645 0.07253474 0.0007357403 0.9966631 0.9061794 0.01975022 0.9318231 0.2400669 0.07638724 0.8156547 0.5047289 0.3089049 0.5984699 0.6273727 33.97849 9.084633 2.036454 3.066221
-5.649967 -2.004943 -4.55989 -9.904006 2.232851 -7.265362 9.107274 4.466641 2.83252 0.4838715 9.203472e-05 0.8156268 0.02159575 0.5805183 0.4907685 0.372082 0.637219 0.2961546 0.3034751 0.7775019 0.3508362 0.7656082 43.47382 8.271968 2.668857 6.677146
-5.555489 -3.868934 -6.084607 -8.600986 1.844154 -5.719338 5.943765 16.41323 3.007138 0.05492612 0.0009679418 0.7578729 0.7085441 0.428671 0.2597561 0.4150611 0.7507349 0.6441063 0.3409802 0.3934941 0.7499272 0.9207287 31.2706 9.063302 2.165838 1.927752
-5.510856 -2.731083 -5.592644 -9.715823 1.405448 -5.756042 7.200191 5.928392 4.564491 0.6741956 0.0004380928 0.862044 0.3683512 0.479969 0.6760584 0.9434747 0.2508769 0.4157805 0.7776664 0.2501897 0.7190471 0.838112 27.19737 8.526944 1.562256 4.219287
-4.931872 -0.2533811 -5.516236 -9.459375 0.9362111 -8.804217 6.708877 5.64278 5.73425 0.6759838 0.0004234653 0.1302934 0.07455887 0.4506745 0.3830317 0.4116741 0.5541319 0.6503848 0.9825324 0.7397963 0.8507921 0.8395152 44.24972 8.804122 2.741312 3.651935
-5.322755 -0.8071859 -6.290662 -9.15099 0.6420921 -5.215581 8.020269 3.937038 4.733762 0.9054604 0.0001976013 0.9287432 0.172061 0.1026183 0.5066641 0.4514502 0.2636713 0.5063641 0.4050337 0.5972124 0.7059915 0.9935385 30.20383 9.328585 2.050638 3.845489
-5.881617 -1.033751 -5.605389 -9.391941 -0.125803 -8.809055 4.470021 14.11847 8.152794 0.305486 0.0007246252 0.9459591 0.6316916 0.1564385 0.2671679 0.2906968 0.7145597 0.4505502 0.6644481 0.2367031 0.6173046 0.9908048 46.35234 9.104444 2.813399 5.775382
-5.290356 -0.3669264 -6.18714 -9.244301 1.931555 -7.392899 8.118788 10.90433 7.060337 0.6105555 0.0002558281 0.7113968 0.9743764 0.1642167 0.034134 0.3451561 0.6830546 0.205605 0.5728545 0.4204943 0.6152399 0.9830088 36.60624 6.454801 2.283405 8.61464
-5.127735 -4.119939 -5.63033 -7.853666 2.018008 -6.971654 7.67385 4.338231 5.213784 0.5632963 0.0004234327 0.3942241 0.4956729 0.5169224 0.3913921 0.6824659 0.1987056 0.28396 0.804708 0.986361 0.5799721 0.7110944 38.44295 7.755896 2.341435 4.176078
-5.641086 -3.820694 -6.659293 -9.227438 -0.1868733 -8.206619 5.462856 13.55159 7.893782 0.4308197 2.004556e-05 0.9129095 0.9980518 0.8782203 0.4147027 0.6449534 0.1653644 0.6329179 0.7271601 0.5876294 0.5692077 0.7526054 34.38661 5.635758 1.947045 6.327098
-5.089395 -1.408019 -5.605533 -9.706372 0.6360407 -4.210852 7.866319 8.467995 6.98115 0.3629297 0.000474846 0.4550703 0.2622319 0.02924145 0.3958452 0.7284299 0.9055579 0.567928 0.8648576 0.895093 0.07861654 0.8697172 40.7277 8.32634 2.722152 3.762812
-5.621149 -1.60157 -6.13937 -9.691832 0.8666093 -6.738177 8.634291 6.968558 6.731076 0.280136 7.515897e-05 0.5363264 0.6059366 0.2099499 0.2159484 0.05078437 0.8714304 0.3180353 0.2518572 0.6147312 0.1939905 0.8306147 35.89904 6.472597 2.082245 10.50077
-5.218138 -2.712099 -5.795707 -7.719451 1.294424 -8.856743 7.106312 8.93273 2.574021 0.03032321 0.0005998309 0.9216678 0.5892403 0.5779907 0.3849029 0.04238275 0.8939528 0.01738856 0.6238123 0.5753953 0.4423581 0.9253798 28.66762 8.372543 1.965247 3.026072
-4.774764 -2.980753 -6.53436 -9.91691 0.03485982 -2.86599 4.417921 14.18224 5.71674 0.6847922 0.0006227649 0.6063382 0.2684997 0.9503793 0.8147198 0.3911466 0.4787936 0.2546623 0.2111724 0.1557377 0.1926643 0.8680006 30.35398 7.806378 1.967809 2.562633
-5.332112 -2.746585 -5.757287 -9.637941 2.086446 -7.23323 7.911137 7.816151 2.376521 0.4153117 7.158757e-05 0.6669762 0.05386619 0.53126 0.3054468 0.6091018 0.8616566 0.4093396 0.6494427 0.5795545 0.621659 0.9090299 37.03017 8.986689 2.189851 5.928767
-5.430781 -3.221637 -5.482839 -9.192703 1.815997 -5.722263 7.923514 11.18095 7.509925 0.6068053 9.193872e-05 0.8394212 0.07173921 0.8023763 0.5625751 0.436031 0.6432576 0.3373648 0.7778465 0.4340296 0.276456 0.8743184 33.8446 8.974926 2.021152 4.592816
-5.176234 -4.104075 -5.720023 -7.792328 -0.08296914 -9.912727 8.44415 12.53621 4.401678 0.3497285 0.0005135608 0.7209674 0.8104047 0.732277 0.04488778 0.1567796 0.6849849 0.7813751 0.4298397 0.3914102 0.9503969 0.8087646 34.06859 9.524387 2.103133 5.134284
-4.881904 -3.738605 -5.616369 -8.925363 1.309901 -1.615914 6.386318 8.048938 5.342935 0.1168675 0.0007271462 0.231991 0.3707889 0.9504669 0.4507004 0.9095044 0.9929724 0.5823817 0.4796664 0.704164 0.5894726 0.8982235 39.53055 8.07828 2.232966 7.449854
-5.36501 -1.673404 -5.206098 -9.554412 2.260839 -4.701678 7.050445 9.741486 6.338381 0.1113222 0.0007641284 0.4821372 0.3251481 0.2221868 0.009897555 0.3958315 0.5104749 0.03746617 0.033291 0.4525371 0.6870209 0.9729599 33.34999 5.615935 2.167662 8.3914
-4.942909 -1.538344 -6.015228 -8.052886 1.59153 -9.093472 7.118758 4.395039 6.379488 0.8078117 0.0001079166 0.557283 0.5929219 0.7814105 0.279146 0.7495121 0.1967684 0.6012399 0.7294733 0.2659092 0.6997346 0.8308633 30.98556 8.428716 1.913114 3.391771
-5.146807 -2.683891 -7.098089 -8.469441 1.808407 -9.301968 7.268977 7.987663 8.868083 0.8206945 0.001257111 0.668476 0.1835738 0.5149349 0.7616813 0.3372689 0.7002018 0.9938704 0.7416608 0.8666936 0.1879562 0.965415 28.01408 7.869621 1.642476 5.488488
-5.36406 -2.297795 -5.403567 -9.116084 1.265941 -1.499239 8.444296 12.30749 4.592066 0.6518931 0.001048439 0.4810517 0.4826658 0.6913692 0.5550395 0.4289433 0.6759938 0.2730308 0.8936979 0.8019469 0.3871405 0.8968835 31.59056 5.201995 1.898951 4.633491
-5.722354 -3.837474 -5.441583 -9.616704 2.012144 -7.383676 4.476893 11.86407 6.473563 0.05773035 0.0004807807 0.6184736 0.3221113 0.6218185 0.7529278 0.2512552 0.6771443 0.3839007 0.3829589 0.9735955 0.8051297 0.8397873 31.20369 8.230476 2.085899 3.417282
