0.4794673 0.494385 0.5329615 0.5114706 0.5172372
0.5236631 0.5250258 0.4470588 0.4951981 0.5294118
0.5011312 0.497549 0.5165966 0.524562 0.5153996
0.4681373 0.4174208 0.4815508 0.4779412 0.520775
0.504985 0.512931 0.4857398 0.5292871 0.5010504
0.5294118 0.527001 0.4590336 0.5057932 0.4966063
0.4946833 0.5033937 0.5143048 0.5098039 0.5244307
0.4966249 0.5003129 0.5331431 0.4995098 0.5062217
0.4920588 0.5306373 0.5319917 0.5098039 0.506448
0.5147059 0.4962567 0.5262605 0.5189628 0.527139
0.4920635 0.5098455 0.5172859 0.5142157 0.527001
0.5073529 0.5271739 0.4893925 0.5242375 0.5098039
0.5187381 0.5206398 0.5207014 0.5129611 0.5319473
0.5307487 0.5294118 0.4588235 0.5222298 0.509434
0.5038634 0.4976281 0.5308824 0.5245098 0.497093
0.513621 0.5014231 0.5272597 0.5254525 0.532563
0.5098039 0.479902 0.50786 0.5326367 0.4860057
0.5237557 0.527277 0.5221755 0.5294118 0.5106952
0.5131846 0.5323296 0.5064338 0.4978992 0.525
0.5283976 0.4787736 0.4840936 0.5302555 0.52319
