"c[trans]" "c[com]" "c[circ]" "c[rep+]" "c[rep-]" "c[pack]" "com[max]" "rep[max]" "c[3A]" "c[stay]" "scaler" "var c[trans]" " var c[com]" "var c[circ]" "var c[rep+]" "var c[rep-]" "var c[pack]" "var com[max]" "var rep[max]" "var c[3A]" "var c[stay]" "var scaler" "ly gamma shape" "lag" "ly gamma rate" "lag var"
2.862774 -5.672533 0.799499 3.941835 12.73052 -0.962806 15.13151 3.745371 7.427512 0.1233982 9.887357e-05 0.8917921 0.0687126 0.4758332 0.4848329 0.202118 0.3193444 0.4517209 0.3650844 0.2846415 0.2580423 0.2724493 34.8806 3.228763 2.533017 4.448141
3.55142 -8.232347 -9.697082 19.53921 15.89184 -8.887251 17.45785 4.391284 8.524206 0.4816246 4.647284e-05 0.5276616 0.2119792 0.5583255 0.3817587 0.6901691 0.2310647 0.2628126 0.06049048 0.3522101 0.7075807 0.04371721 38.00028 3.670276 2.283869 2.662928
3.111039 -8.461405 0.596733 12.44772 7.604405 -7.252732 15.0061 4.966933 8.350249 0.3345554 3.272735e-05 0.5140595 0.5450627 0.7776062 0.08065926 0.6683609 0.528739 0.4401584 0.2870986 0.8919678 0.1487526 0.9629604 38.38496 1.416254 2.908432 3.39739
2.899664 -4.777656 0.87347 -4.447699 18.3432 -6.046334 19.01014 6.804073 4.961939 0.9774441 8.334318e-05 0.4363343 0.1680594 0.1929652 0.4769397 0.4148587 0.07121642 0.1229783 0.3590941 0.657848 0.5546055 0.6569423 43.95579 2.381069 3.004566 7.062479
3.383705 -3.546816 -6.229532 15.35033 11.64922 -5.520312 15.71438 5.064811 8.071537 0.5819489 7.56982e-05 0.8670334 0.4519481 0.7208268 0.7645214 0.3538358 0.7789269 0.4204836 0.6796325 0.3096259 0.2631594 0.2974304 37.11779 1.641533 2.778697 4.198228
1.979744 -4.897436 -3.893764 4.98437 15.95698 -4.2663 14.22968 7.123012 6.386656 0.1564326 6.046094e-05 0.9690878 0.4778361 0.6534408 0.2104832 0.793461 0.7558201 0.2132982 0.5987797 0.6646993 0.4649668 0.4331713 28.53616 2.630331 2.141906 2.954084
2.165446 -5.199327 -6.866103 3.826866 -3.005767 -9.632212 11.06103 8.059728 6.77298 0.8958798 7.36333e-05 0.7171366 0.8712906 0.2958316 0.6946974 0.3461164 0.8447346 0.8988007 0.07568115 0.6011906 0.3674991 0.9216312 41.33032 3.661564 2.780823 2.271764
2.580815 -7.200606 -6.501413 10.09333 5.947375 -2.352141 5.084598 8.477337 7.580375 0.9644761 2.268401e-05 0.8868445 0.1310371 0.5063899 0.6813594 0.6293751 0.4687982 0.6718614 0.4683334 0.5844333 0.009572257 0.5911581 41.08254 2.369801 3.162052 2.790871
2.233199 -1.862417 -2.684103 4.902385 18.50419 -4.591356 15.87897 4.684936 6.965147 0.1046927 5.715368e-05 0.943525 0.2460205 0.1349261 0.720375 0.2643477 0.7672196 0.787449 0.1098053 0.2552242 0.6801087 0.4443701 34.4987 2.813146 2.35298 1.471896
1.684883 -5.837271 -8.153193 5.452508 17.64109 -7.161148 12.56365 6.223751 6.954288 0.6766043 9.708245e-05 0.6643245 0.7922208 0.2646343 0.3315959 0.7377709 0.4498659 0.002122613 0.4663623 0.5440229 0.1507199 0.2302395 38.71588 3.410055 2.545879 0.8503839
2.850124 -7.648896 1.355782 -1.1692 12.21214 -2.806418 14.60653 3.668676 7.975943 0.2751335 5.558869e-06 0.7212897 0.2158031 0.6358399 0.5417075 0.9420798 0.8686543 0.08954543 0.2467796 0.4058757 0.8622063 0.3073096 43.46146 1.106126 3.300156 2.885501
2.684184 -6.116647 -1.93607 -0.9610302 14.96349 -6.063916 14.30012 4.533596 7.64969 0.7919954 2.05914e-05 0.9137235 0.5372369 0.6568507 0.7192363 0.3445054 0.2362614 0.3646439 0.4222222 0.5387161 0.06519535 0.8874369 47.19234 1.868285 3.362235 4.325671
3.226858 -1.253733 -4.405834 8.075134 11.03887 -7.230058 10.15595 5.313197 8.856906 0.9834196 5.128318e-05 0.7026809 0.8171674 0.0900945 0.386041 0.3808507 0.01878863 0.3335142 0.7421479 0.9432724 0.09056723 0.09686792 40.51231 5.064774 3.103759 5.312382
3.572088 -8.369831 -5.207681 -5.80486 18.82217 -7.911263 14.56907 5.25269 7.497738 0.8746607 5.278968e-07 0.6340642 0.3492626 0.9985156 0.3547643 0.1426635 0.1775301 0.0261519 0.05230174 0.5822383 0.3288234 0.4155065 48.49259 3.284142 3.07986 1.31422
1.504998 -4.995118 -3.859466 10.91963 10.64214 -4.885198 7.412336 5.148925 6.213898 0.1695574 1.815994e-05 0.3982082 0.6689607 0.8248176 0.2898858 0.1050052 0.703107 0.5500035 0.3145865 0.8735109 0.3578937 0.3778577 43.2626 3.940393 2.743144 1.960542
2.746464 -2.772004 -5.676948 0.08427174 1.74645 -5.239473 9.326154 4.883097 7.375254 0.6266722 1.84633e-05 0.2234414 0.2621633 0.7456506 0.8729074 0.7220871 0.6968548 0.6526668 0.6469707 0.8523691 0.3943966 0.3950062 45.41952 2.871527 3.420665 3.698262
2.816557 -0.5819566 -1.837479 -1.764135 17.92061 -4.062255 12.55775 4.586847 7.542711 0.2332581 8.799925e-05 0.4728647 0.9753536 0.1078402 0.329553 0.6104995 0.6460224 0.440968 0.6017508 0.7326195 0.6295448 0.0838991 32.15202 3.292301 2.508968 2.779813
3.176758 -1.432397 -4.347453 4.923285 6.576948 -7.031464 15.13094 3.388227 8.270853 0.7667015 1.319493e-05 0.976652 0.4051744 0.5662303 0.7533282 0.05710797 0.4066535 0.8015576 0.8899649 0.6748705 0.4341251 0.2739993 41.70472 4.740927 2.91271 2.16254
0.8486818 -0.852434 -3.947264 -2.919499 9.389155 -2.178171 18.08584 5.490713 5.789457 0.9210081 9.754722e-05 0.7975948 0.02393356 0.2804784 0.4630994 0.6277141 0.2718305 0.3046665 0.625046 0.5437809 0.6830539 0.1795279 39.61675 0.522395 2.852185 4.162569
3.204813 -9.182823 -5.283721 9.435704 13.85305 -5.970275 11.16965 3.922675 7.933852 0.1942382 7.373293e-05 0.4965292 0.2705773 0.293913 0.5166208 0.3492342 0.569764 0.1038028 0.349774 0.2343121 0.3226025 0.2871415 41.37479 4.219759 2.741589 0.08844928
4.617547 -8.703102 0.2922803 10.64518 10.04629 -7.491269 8.895225 4.284622 9.677108 0.8271207 5.348129e-06 0.7627265 0.936671 0.8212445 0.8081271 0.6904951 0.3050867 0.05659827 0.1225757 0.1935229 0.03436455 0.7472538 39.64091 4.360195 2.417223 0.9292415
3.859236 -1.068522 -3.29752 -4.904864 4.080269 -0.2862073 7.1142 6.470419 7.59663 0.5050945 8.015023e-05 0.977023 0.6058223 0.8017461 0.6291774 0.5908832 0.2864056 0.3266792 0.9687788 0.5577785 0.57751 0.4535824 43.43218 1.628904 2.684742 1.66831
1.610093 -3.366698 -7.567438 7.59519 13.48558 -3.348569 12.24334 4.41176 6.414119 0.3927359 3.780904e-05 0.7870735 0.3502458 0.7724384 0.6661831 0.5292014 0.09590608 0.3394727 0.1340598 0.9400844 0.1128122 0.7904412 38.36473 3.64411 2.182229 0.859444
5.742545 -2.350659 -6.065755 -4.885941 9.254591 -3.966326 14.73491 5.45445 5.679117 0.7811114 8.360383e-05 0.7338886 0.3331002 0.6509568 0.4002025 0.6211978 0.09274856 0.4323284 0.7126212 0.03196988 0.643441 0.6992975 38.74972 4.236521 2.688664 1.312137
3.650596 -8.449658 -8.115095 -0.3218871 13.78268 -5.690872 18.52119 3.949246 8.523374 0.7638322 6.049286e-05 0.7205018 0.5899214 0.611974 0.9024913 0.5160219 0.3873249 0.9905077 0.1670266 0.6876385 0.6041624 0.2863583 36.73857 3.925112 2.395112 2.249335
0.9123563 -1.897574 0.6813443 2.663974 13.68325 -6.311369 11.6191 5.651707 5.294992 0.2856409 3.237669e-05 0.5583927 0.9491542 0.7955929 0.1363211 0.910561 0.0499891 0.3737536 0.09445167 0.6540612 0.1757497 0.5458958 43.55263 3.790957 3.001684 4.686216
4.091076 -4.148011 -1.139643 7.069381 5.375925 -3.437827 10.57263 4.431779 8.928728 0.9171284 6.025033e-05 0.6584749 0.8134795 0.6007565 0.6569009 0.2293618 0.1241796 0.5517314 0.9448415 0.2706054 0.06838482 0.1788227 40.04342 3.486029 3.033149 1.404739
2.294807 -4.86656 -6.754103 -0.5660051 -0.3378071 -3.832825 7.508584 5.058045 7.587434 0.3736166 9.867185e-05 0.4568229 0.7300579 0.1737477 0.8769356 0.5226362 0.4058712 0.8441989 0.03734191 0.6271517 0.2330864 0.699573 49.44682 3.844756 3.271581 1.787365
1.197261 -4.707481 -2.178175 11.15902 16.15897 -2.052446 10.61168 5.476675 5.907589 0.3470722 1.707853e-05 0.3412427 0.879982 0.6896596 0.999241 0.2298903 0.2931916 0.7024326 0.3894341 0.8754852 0.4532097 0.3691953 34.18457 4.629934 2.525625 2.46809
3.150467 -0.4954512 -3.392823 -3.773176 14.20912 -6.132549 18.52811 4.898921 7.48542 0.6222495 5.312683e-05 0.5429857 0.6925295 0.01400906 0.5851556 0.9117376 0.09556265 0.3619258 0.2320451 0.9927265 0.8103762 0.1240381 37.79011 1.365639 2.636625 3.976573
3.515717 -2.981392 -6.539924 13.40622 17.79608 -5.071863 3.554012 3.353052 7.567954 0.2505433 4.062991e-05 0.8133224 0.7291919 0.3194946 0.5363824 0.4167199 0.1544762 0.8601562 0.2023396 0.007874612 0.331694 0.2627772 39.89388 3.629193 2.492841 1.722547
2.82858 -9.668932 -1.534476 -0.2123378 12.04 -2.758986 7.247812 3.786601 8.229501 0.5347023 7.551104e-05 0.2886038 0.536923 0.4438328 0.6790321 0.1148579 0.43392 0.8972122 0.2244102 0.9222325 0.593118 0.5547718 29.0367 2.929596 2.066576 1.456359
2.461919 -7.361811 -0.858319 5.473084 12.8738 -6.285575 13.90235 4.725536 6.932505 0.8134684 5.315775e-05 0.6627719 0.7127573 0.893347 0.04976161 0.37124 0.3666772 0.625561 0.3014968 0.9819595 0.7545507 0.6809237 35.29705 2.501469 2.584906 3.800023
2.873224 -2.628662 -4.647724 9.640685 8.777206 -8.350945 5.449411 4.811637 7.471955 0.5448841 9.565278e-05 0.8757898 0.4080121 0.4337265 0.8518985 0.221563 0.4330802 0.8259338 0.315132 0.05817487 0.6412242 0.679403 37.02579 1.688709 2.940573 3.207171
3.420727 -7.78572 -9.132007 15.23554 12.13729 -0.5997975 11.32841 4.782383 8.623987 0.693243 6.515613e-05 0.6563468 0.339868 0.3825483 0.7316543 0.3855685 0.4214768 0.7962693 0.672251 0.1485995 0.6180373 0.585619 40.69512 3.665018 2.604254 3.264498
5.778509 -7.700617 -1.493147 -5.251881 1.76103 -9.363481 14.13498 6.034388 6.825361 0.2469562 4.029032e-05 0.5152236 0.5304579 0.2291656 0.5105932 0.1524419 0.09852553 0.5394113 0.2456191 0.4003726 0.5442994 0.4081163 32.42558 4.083486 2.531146 1.360188
1.643825 -2.042717 -4.666132 3.297233 13.01983 -6.594266 12.9951 5.962696 4.984213 0.5429865 4.690854e-05 0.6184018 0.1479544 0.4291052 0.1605369 0.669379 0.4608547 0.4532125 0.8017119 0.9987645 0.3714509 0.5925503 37.66003 1.878585 2.589013 5.035232
2.793222 -5.301682 -2.801621 2.598436 1.712529 -7.110008 6.246049 4.870359 7.853313 0.7897727 7.405414e-05 0.2823045 0.03488325 0.1876913 0.6895039 0.7079245 0.344945 0.6470323 0.387508 0.6836396 0.4929401 0.1738863 38.97789 4.322615 2.813264 1.483686
3.96159 -4.815001 -7.386653 8.995676 15.33873 -1.177691 13.61353 2.854456 9.631206 0.3528746 4.673672e-05 0.1622501 0.2414527 0.119873 0.71412 0.8884005 0.902016 0.2637824 0.107099 0.8837237 0.5449254 0.5218613 44.13349 2.589022 2.727322 1.529358
3.686826 -0.4288528 -3.221771 4.90527 18.62429 -9.607026 14.73844 4.678218 8.736968 0.9359314 4.803959e-05 0.9389481 0.3948656 0.8958067 0.7348822 0.06118768 0.6445373 0.120026 0.723501 0.9029972 0.3167159 0.3503457 39.99099 1.072634 2.207802 7.439999
4.04824 -4.004245 -8.231276 -4.582221 9.82245 -8.404263 4.466955 4.73064 4.903034 0.2077561 4.743975e-05 0.4719241 0.06029916 0.7671548 0.9299759 0.4868504 0.4371131 0.04675489 0.4702255 0.290536 0.9091197 0.2276047 32.12758 3.067582 2.53589 2.911316
4.300108 -0.04228263 1.2737 -4.870715 3.967288 -0.297014 12.33067 5.032108 7.623651 0.152472 3.483077e-05 0.7980614 0.08255432 0.6030282 0.8724048 0.1499965 0.7847653 0.3290281 0.9566938 0.3815914 0.7253147 0.5048873 32.44057 4.350776 2.333462 1.837297
5.570799 -1.242079 -9.339383 -5.898774 12.78385 -3.442497 12.81725 4.84675 7.653765 0.8428888 3.4587e-05 0.2086216 0.4204964 0.3818909 0.3069782 0.2515365 0.5856886 0.8520906 0.1079922 0.2409749 0.1293701 0.5242149 35.79278 2.736266 2.392705 1.017088
1.753502 -7.799767 -4.154278 0.174397 14.1503 -5.097541 13.69312 4.937725 6.280437 0.5460567 2.735306e-05 0.8229983 0.5455512 0.8383411 0.7305416 0.5769158 0.2587181 0.7753344 0.9683156 0.223378 0.9164118 0.885603 47.138 3.919113 2.812578 0.3832959
3.696404 -2.021143 -0.5347388 -2.4892 13.90518 -8.137572 8.575397 4.725061 7.987914 0.8989084 2.448088e-05 0.879002 0.9960727 0.5807021 0.7390646 0.3578717 0.3880424 0.164561 0.5169214 0.6997708 0.6782428 0.3238672 40.17444 4.326355 3.021527 2.934079
3.403483 -7.00434 -1.35286 6.258025 6.505983 -4.284579 12.44055 4.132558 8.281245 0.5882181 4.730239e-05 0.58821 0.4038496 0.8936868 0.713839 0.8220642 0.7379162 0.4248183 0.8353389 0.6557093 0.3505625 0.3287646 34.15257 4.111718 2.93033 1.312437
3.839372 -8.260626 -0.6430797 -5.086565 10.26856 -7.789752 13.85132 3.641615 7.828496 0.3839286 9.364552e-05 0.4604218 0.884177 0.6840849 0.7534514 0.4463986 0.5500638 0.3236537 0.5802121 0.6892509 0.6550198 0.1354164 20.07706 4.276425 1.327681 0.6478088
2.516972 -4.295445 -7.065144 12.39987 8.769324 -3.355299 5.725762 5.417252 7.025534 0.1875063 2.198807e-05 0.656449 0.2619918 0.8775462 0.5859495 0.5023247 0.4519792 0.6956923 0.08611549 0.6508684 0.5460519 0.7218787 33.3729 4.244834 2.112107 5.344251
2.618746 -2.675345 -0.8271882 -4.832985 5.369946 -6.232751 8.606425 5.555433 5.456415 0.5507346 7.93401e-05 0.6299549 0.1639841 0.8136889 0.8372111 0.05583681 0.700596 0.9403367 0.9464848 0.3023876 0.8047277 0.2135998 30.63129 2.447136 1.962969 0.7211043
4.685585 -8.067375 0.09043389 13.92171 13.89194 -6.290505 13.58079 3.043811 9.511755 0.4984068 4.48052e-05 0.9857607 0.7271461 0.610777 0.2851087 0.9912905 0.238245 0.7669217 0.8925153 0.7735387 0.4089703 0.09351413 46.27334 2.10084 2.473375 0.7948529
3.319633 -1.773465 0.9420893 -2.114953 2.236036 -5.655268 17.77623 3.176163 8.539062 0.5018675 8.736975e-05 0.9172144 0.258609 0.839205 0.967219 0.9848009 0.2897202 0.6011528 0.1839862 0.8269278 0.4012965 0.6631814 45.39995 4.870978 2.688342 4.692989
3.360184 -2.893757 -4.066553 -3.92555 0.918808 -2.160564 4.336805 5.191864 8.242739 0.4348223 5.032692e-05 0.4964129 0.9574395 0.799408 0.2875183 0.7068872 0.5395253 0.2248045 0.5306738 0.4098503 0.3459413 0.9019415 31.02986 0.4196506 1.84247 4.444422
3.41537 -5.913057 -3.331447 -0.292022 12.84408 -7.893153 14.27496 4.333844 7.600053 0.7495936 9.24709e-05 0.2101273 0.211165 0.05570373 0.3848293 0.8371398 0.476242 0.2968964 0.6949194 0.722568 0.07899735 0.4732891 41.109 3.32932 2.837395 2.344672
3.135789 -5.72599 -4.451369 2.802862 19.88572 -6.92164 12.01133 3.684508 8.015601 0.4089608 7.220333e-05 0.8039979 0.9679757 0.338588 0.4232986 0.3075011 0.2461134 0.5668305 0.2558003 0.313094 0.3495708 0.1874023 47.36621 1.311397 3.276622 2.745494
0.5246183 -8.709586 -4.435204 -0.8456758 7.979462 -5.091509 19.71644 5.858989 5.355679 0.4408776 9.061091e-05 0.1147309 0.8931611 0.9240638 0.3060865 0.5894198 0.7768371 0.5258278 0.1400928 0.5811589 0.05587897 0.5494397 44.29721 2.497328 3.18039 2.762775
2.403674 -4.659128 -7.902849 15.40313 10.58483 -7.413823 13.18222 5.850277 7.314509 0.2973137 4.672558e-05 0.6363935 0.1553277 0.2211945 0.1401138 0.4487694 0.4736324 0.2529714 0.4376262 0.6180002 0.3553945 0.5810869 45.33131 2.241573 2.725314 2.534254
2.958527 -9.750719 -5.836767 -5.575372 4.700453 -6.683218 15.7379 5.728202 6.446618 0.7227403 2.804375e-05 0.8762401 0.6225243 0.3024409 0.9383462 0.6955271 0.4678974 0.8019569 0.7463092 0.8858256 0.6536398 0.8412059 41.48038 3.428841 2.169593 2.489819
2.997698 -4.532066 -3.780011 1.897167 6.58113 -4.584511 17.89704 3.296098 7.949434 0.3465415 1.150177e-05 0.9988839 0.1868513 0.5112087 0.9553061 0.4321885 0.522256 0.3691543 0.6112229 0.288659 0.145338 0.7766817 36.09643 3.708591 2.708774 2.313842
2.681056 -5.918608 -3.135004 16.50933 12.11686 -8.268235 11.3999 5.742828 7.770086 0.5419917 3.395524e-05 0.4615532 0.4214606 0.4256878 0.4837282 0.2079094 0.8671857 0.3215374 0.3793012 0.4191756 0.6882274 0.8799256 36.86092 2.450773 2.50971 2.349109
3.304294 -6.700797 -5.334917 -0.04260114 17.65751 -6.29929 8.386247 3.460567 8.473211 0.3791405 3.346114e-05 0.245459 0.7176519 0.1016665 0.634572 0.8989258 0.6973152 0.9785122 0.5971169 0.9988079 0.2105446 0.5775726 37.06448 4.093946 2.667803 2.739772
5.0268 -1.88079 -2.58933 7.25913 4.749316 -1.371484 10.2289 4.265142 8.495147 0.5166288 8.574823e-06 0.9959916 0.1165296 0.8052629 0.9955592 0.3696489 0.4893193 0.5614713 0.266332 0.5642444 0.06820303 0.3215083 42.02065 3.177204 2.578258 2.286244
2.529875 -9.081998 -3.263493 13.93003 13.04118 -8.974285 6.270291 7.35341 6.960398 0.6089602 8.066423e-05 0.7109667 0.6689409 0.4234973 0.9256967 0.8987782 0.06050291 0.1886507 0.1133939 0.6629635 0.4228977 0.7631507 23.94444 3.444404 1.468384 0.553499
2.956719 -8.279131 -4.225866 -2.228068 7.751658 -7.603542 10.23586 4.948871 7.373955 0.597547 2.719769e-05 0.792696 0.3663011 0.7803944 0.4988605 0.01904951 0.6507097 0.627258 0.5744987 0.5854769 0.7343683 0.9690993 41.22649 2.006943 2.574901 2.836262
4.867787 -5.312263 -9.903538 -4.805572 9.836125 -7.534978 18.68278 3.306456 6.626146 0.05055369 5.852903e-05 0.1790028 0.8129824 0.8000642 0.7517885 0.7649329 0.03527337 0.6505715 0.5701638 0.3079068 0.1800882 0.03163656 38.96983 0.8915682 2.850748 7.225255
3.266913 -2.031079 -1.192144 3.426587 6.960061 -4.408328 5.629473 3.762649 7.478237 0.1577827 5.478565e-05 0.4990076 0.5193351 0.4418045 0.4278052 0.8223418 0.4062448 0.7054759 0.4401695 0.814029 0.4959012 0.1452007 41.41515 1.839766 2.731411 3.092765
3.827488 -6.228799 -0.966236 6.743167 19.60071 -0.1977472 16.49359 2.90132 8.682098 0.1625669 4.858176e-05 0.8896133 0.531477 0.01277205 0.9276244 0.554868 0.5446512 0.3724793 0.09867933 0.4643741 0.2910493 0.7391353 46.93293 3.413931 3.089325 2.613925
3.661479 -3.901735 -7.719599 7.088861 11.93988 -0.9782766 9.500874 3.644636 8.012191 0.369439 3.008534e-05 0.655086 0.7828593 0.2680587 0.6388854 0.5331887 0.2656295 0.003990297 0.7154727 0.5072375 0.5476137 0.2334202 39.56894 3.095411 2.397912 5.638719
4.1193 -3.462544 -9.858357 -4.679899 18.34773 -3.647652 13.86074 4.373086 8.599231 0.4093664 6.141141e-05 0.8849317 0.3912926 0.5666258 0.9055275 0.3925008 0.1156125 0.6385372 0.4330405 0.481149 0.5506739 0.8482905 33.90494 3.3074 2.03393 0.1317636
2.990551 -7.398052 -9.224675 -5.39422 2.67223 -9.276911 18.35341 5.557324 5.127061 0.2730244 5.154376e-05 0.771314 0.3651688 0.5114027 0.8031602 0.8684199 0.1818237 0.8020729 0.3531823 0.6304952 0.3661622 0.2012288 35.24674 1.547036 2.453451 3.835375
3.963284 -9.595024 -9.65978 1.91458 -0.8809891 -6.171418 8.231403 5.879759 8.415155 0.5482764 6.527114e-06 0.5322677 0.1176306 0.8255718 0.4719903 0.1682401 0.5486168 0.5241723 0.3342111 0.8423094 0.7658245 0.9305529 39.17175 3.160471 2.593595 5.965616
2.772984 -2.153468 -8.315331 4.822885 5.137909 -9.147169 10.51781 3.60875 7.694097 0.1773338 3.379553e-05 0.7897309 0.01044712 0.9770082 0.3177991 0.1651359 0.9321751 0.1892152 0.06849906 0.6306337 0.6652923 0.884556 44.52439 2.752135 2.933975 2.749788
0.6954221 -5.954802 -1.089555 1.496751 13.23839 -9.042005 6.786566 6.213076 5.995788 0.4538532 5.497732e-05 0.3523509 0.098347 0.3727383 0.2273548 0.1485713 0.1902369 0.4388405 0.252745 0.608879 0.05327571 0.9158905 44.83714 2.275653 3.126317 4.717713
0.7672064 -0.3614485 -3.760026 -2.329325 18.95178 -5.982879 14.92511 5.991011 5.853523 0.5029841 5.446872e-05 0.385415 0.5026426 0.4137869 0.5475097 0.5332855 0.1768117 0.1066151 0.8579689 0.890986 0.2446706 0.4938351 34.4869 1.934423 2.16211 2.13684
2.098961 -8.752778 -5.528812 2.599845 18.64171 -9.648163 9.187359 4.553807 7.561077 0.5117999 6.459326e-05 0.1479428 0.5970224 0.8441142 0.4626735 0.6788972 0.4171598 0.530195 0.3232511 0.5527134 0.2590915 0.2086277 39.7626 3.26573 2.363088 2.187086
2.651881 -5.018988 -2.366538 4.76144 15.53226 -5.010959 19.34323 3.613481 7.443477 0.2196194 8.109103e-05 0.8403986 0.6161321 0.4771621 0.3548917 0.8906131 0.4065016 0.4971977 0.5275229 0.2491093 0.7182853 0.300317 37.12864 5.173677 2.456662 2.219526
2.730955 -0.1367185 -4.697432 6.027563 9.145237 -5.7831 16.23234 3.576945 7.559355 0.6152851 7.786962e-05 0.4614268 0.8961978 0.8147461 0.4879805 0.8408519 0.1862108 0.80996 0.6601274 0.2255058 0.4875875 0.4434058 27.74848 2.560818 2.022231 1.566367
5.703561 -5.000098 -6.333675 -4.866438 2.942568 -6.968499 10.06596 6.663358 6.458286 0.6282119 7.222051e-05 0.2715685 0.5330036 0.4611331 0.6930788 0.8994467 0.9364732 0.4716993 0.6445413 0.9577039 0.8270473 0.4033743 37.7992 4.840426 2.741231 5.264239
4.024599 -8.988343 -4.601494 1.665583 12.44963 -5.966468 11.96256 2.945461 8.597956 0.4129852 4.44378e-05 0.4172246 0.2731406 0.507888 0.688853 0.4090423 0.5876738 0.2981383 0.2638588 0.6838871 0.2363845 0.0009280662 46.51544 1.642876 3.365913 4.748052
3.175843 -9.872607 -4.373449 -1.637263 19.93332 -7.902484 6.674422 3.82909 8.003985 0.5944623 5.219908e-05 0.3616005 0.794614 0.7091728 0.7474455 0.87551 0.4333557 0.6870108 0.3691218 0.7591356 0.9009394 0.5271247 33.57094 2.380429 2.165812 3.580545
4.896537 -5.477058 -9.333749 -5.633812 14.10524 -8.932951 15.52563 4.216243 7.733874 0.1803439 1.568286e-05 0.1227049 0.3571095 0.3577032 0.6155176 0.3678774 0.4319079 0.4587935 0.5947813 0.2695985 0.3858999 0.5707971 36.72001 1.82262 2.456693 2.563984
2.262245 -2.841506 -7.836419 13.57194 9.80037 -5.293958 5.825981 4.761362 7.344087 0.190746 2.386983e-05 0.6815058 0.615426 0.6419836 0.614993 0.6648493 0.8649574 0.5231491 0.9690383 0.9197189 0.2601666 0.3503605 47.629 2.959673 2.953172 4.212743
3.002214 -2.680695 -8.174892 5.498136 16.44938 -8.571237 10.70912 3.400758 7.551944 0.7334498 9.193137e-05 0.8305287 0.5547411 0.3445001 0.5461845 0.7478992 0.9671656 0.01556952 0.5020118 0.09815893 0.6777663 0.729232 48.62014 0.661173 3.301915 2.910666
1.880799 -5.284621 -0.3214133 4.726767 14.10028 -1.681732 7.376117 4.759884 6.689812 0.1912793 2.792238e-05 0.8482516 0.1191994 0.1689299 0.530499 0.8404009 0.763095 0.7220382 0.3360375 0.2617305 0.7959416 0.6240987 44.51479 4.014705 2.883386 0.3613683
1.116111 -4.596161 -3.507573 -3.783372 16.23756 -2.48307 9.182528 6.478188 6.234507 0.7185712 2.959779e-05 0.8836183 0.04068394 0.1289287 0.7556786 0.8457911 0.5143032 0.669761 0.1057689 0.7477836 0.529401 0.179287 41.77478 3.699813 3.20979 3.031648
3.024644 -6.063282 -6.719996 2.284791 -1.118963 -9.098595 16.86347 5.375942 7.339911 0.6295005 1.929181e-05 0.6181175 0.1308655 0.8826637 0.6843803 0.7166702 0.180729 0.6654765 0.419576 0.7983266 0.6599508 0.8573184 35.73954 3.105011 2.566779 3.010501
2.595646 -6.646239 0.2980326 -2.846556 0.5826223 -1.200663 9.908693 6.212484 7.172743 0.8176612 6.852225e-05 0.7721998 0.4706357 0.9090359 0.6250561 0.4948882 0.1398376 0.5749651 0.4277455 0.1173685 0.7079669 0.6943184 41.56128 3.811895 2.737352 1.834182
3.379877 -7.588247 0.240789 7.747077 3.094809 -7.001034 7.629205 5.347422 8.334052 0.07774627 5.927455e-05 0.7724524 0.3922164 0.1448011 0.6846935 0.7943923 0.8352808 0.8808728 0.4424705 0.4756481 0.1448336 0.5225223 39.37608 4.621334 2.699419 0.6444261
2.448256 -6.627785 -6.009215 6.798792 10.21857 -2.378845 17.74204 3.276954 7.100409 0.02398922 8.995104e-05 0.7239781 0.07467617 0.594265 0.399959 0.7230765 0.5259938 0.980434 0.9913285 0.4006253 0.8149036 0.1560305 48.60652 3.593126 3.301769 2.418265
2.731422 -7.504315 1.127162 15.88589 17.52533 -4.37907 16.88263 3.815805 7.227743 0.1891395 6.558979e-05 0.6502531 0.1412466 0.7395262 0.7081504 0.982624 0.5293754 0.2568535 0.5792573 0.7047932 0.1311613 0.1847271 38.51205 3.537055 2.942725 3.376943
4.13499 -5.716251 -3.417255 7.108055 6.260944 -8.733713 14.42445 2.871064 8.888583 0.6009733 5.965985e-05 0.6513931 0.1591091 0.2294583 0.2792188 0.6941067 0.06694189 0.7948722 0.2029013 0.3865576 0.5357884 0.03719634 36.81482 0.0202454 2.444083 5.444723
3.681155 -6.972218 -3.038641 12.08614 11.17113 -6.810744 11.33645 4.424015 9.083434 0.6984785 4.8542e-05 0.7672712 0.6183392 0.5481982 0.3561804 0.2999798 0.7931545 0.3563847 0.4912392 0.3123843 0.2721115 0.4037155 45.24199 3.28632 2.924801 2.035317
0.9744125 -0.657638 -7.919487 9.843388 17.4835 -1.641781 13.1736 5.547825 5.305867 0.4450103 6.989115e-05 0.3418379 0.1655606 0.5566866 0.6747755 0.6745242 0.2892052 0.8458742 0.1175644 0.9421939 0.07309375 0.8769117 40.23899 1.071906 2.625766 1.890545
4.024397 -1.406406 -5.684827 18.72346 17.19069 -4.343659 11.77459 4.320694 8.187641 0.2702033 8.280615e-05 0.952147 0.5621232 0.7194884 0.02120454 0.2669454 0.6238383 0.7427995 0.8590298 0.7876854 0.2036004 0.1669768 25.35849 4.67926 1.860881 1.665371
2.347687 -7.082863 -3.560271 2.667058 10.0307 -4.629426 14.81469 5.537666 7.317141 0.2005672 3.721363e-05 0.369033 0.7391834 0.4497539 0.2270972 0.3056352 0.2531783 0.2874477 0.598964 0.5068417 0.7691317 0.325102 30.85997 3.170129 2.099538 3.976788
2.955204 -8.329748 -2.608898 1.130216 11.8431 -9.913125 15.52992 4.316837 7.243331 0.6016027 7.282047e-05 0.5914345 0.3461085 0.5554218 0.9814896 0.1293852 0.3652135 0.9193156 0.4221194 0.9424225 0.6506959 0.4910713 46.18253 3.80202 3.118781 0.8795022
2.94307 -1.259483 -4.119079 5.451422 12.5752 -6.908137 7.11434 3.862257 7.500351 0.5174107 3.066187e-05 0.9000319 0.6802547 0.6243704 0.5169516 0.6616234 0.3289219 0.5957287 0.1418595 0.9148093 0.1868729 0.3209823 40.27655 4.766883 3.057996 1.510359
4.440642 -7.014867 -5.221112 0.02403481 4.623195 -9.60527 12.68548 3.193567 9.984866 0.7778189 5.113683e-05 0.5411463 0.8324343 0.3537268 0.1904492 0.5088783 0.705862 0.7531621 0.09972086 0.5627664 0.9616576 0.1537526 31.40537 3.212508 2.077247 7.536919
3.82286 -3.809178 1.424922 4.285648 16.05049 -5.750689 8.581921 3.740721 7.450707 0.6643195 4.392343e-05 0.9444446 0.5133525 0.4386335 0.2346933 0.6809149 0.2542193 0.5436451 0.2965845 0.7148335 0.5068166 0.6405662 37.86154 3.632943 2.315687 2.226884
2.137938 -2.976825 -2.860476 4.085084 10.00271 -5.169992 13.10867 5.134495 7.142341 0.5905387 9.913656e-05 0.5990118 0.8277359 0.4669861 0.8544586 0.6793693 0.5540704 0.5680148 0.3070044 0.7343697 0.3990526 0.07071044 48.88608 3.315004 3.408612 2.179597
2.660073 -4.306946 -9.544312 -1.772829 -0.3657849 -4.821703 14.25589 5.342681 8.008571 0.3930209 9.737107e-05 0.8833067 0.3358304 0.690917 0.5226157 0.9985511 0.1302343 0.4393068 0.4712337 0.9517764 0.5328207 0.5918909 49.53434 1.835015 2.99767 6.53427
