2.3 0 2.108824 0 0
0 0 0 0 0
0 0 2.111111 0 0
0 2.142857 0 2.095238 2.161111
0 0 0 2.153846 0
0 0 0 0 0
0 0 0 0 0
0 0 0 0 0
0 0 0 0 0
0 0 0 0 0
2.4 2.583333 0 0 0
0 0 0 0 0
0 0 0 0 0
0 0 0 2.583333 0
0 0 0 0 0
0 0 0 0 0
0 0 0 0 0
0 0 0 0 0
0 0 0 0 0
0 0 0 0 0
0 0 0 0 0
0 0 0 0 0
0 0 0 0 0
0 0 0 0 0
0 0 0 0 0
0 0 0 0 0
0 0 0 0 0
0 0 0 0 0
0 0 0 0 0
0 0 0 0 0
3.492731 4.644444 4.879365 3.671111 4.951187
6.454263 4.251629 5.408801 4.723695 4.7076
5.949905 5.22857 2.683083 4.60031 4.19798
5.049262 3.453333 4.072071 4.531649 5.367935
5.523334 4.530549 4.583874 4.114286 4.086
0 4.583333 3.833333 0 4
4 4 4 4 4
5 4.6 5 4 3.8
4 4 4 4 4
0 3.666667 5 4 3.333333
3.170594 2.5 5.034935 5.018228 5.112188
4.941327 3.586667 2.671626 3.282457 2.985495
3.891146 3.204201 4.147387 4.519557 4.949468
2.705869 4.893464 3.381081 4.9193 2.743332
5.559167 3.098546 2.955515 6.209335 4.170644
0 2.516667 0 0 0
2.666667 0 0 0 0
2.367262 2.958333 0 3.041667 2.666667
0 0 0 0 3
2.354762 2.577778 0 2.484127 0
2.619048 2.285714 2.597619 2.666667 0
2.5 2.526984 2.690476 2.793333 2.644286
2.583333 3.12 3.166667 0 3.538095
2.422269 2.581818 3.013333 2.474242 2.8
2.333333 2.875 2.713333 2.866667 2.716667
0 0 0 0 0
0 0 0 0 0
0 0 0 0 0
0 0 0 0 0
0 0 0 0 0
2.181818 4.166667 2.6375 2.503333 2.767857
3.346667 2.753662 2.5 2.340909 4
3.277778 3.148571 2.827619 2.866667 2.5
2.951389 3.172619 3.746667 2.725 2.634722
3.108333 2.60303 3.166667 3.666667 3.159524
2.377778 2.20202 2.516667 2.241288 0
0 2.447222 0 0 2.5
2.342857 2.325 3 2.323983 0
0 2.416667 2.558333 0 0
0 2.426667 0 2.48381 0
0 0 0 0 0
0 0 0 0 0
0 0 0 0 0
0 0 0 0 0
0 0 0 0 0
0 0 2.666667 0 0
2.944444 2.666667 0 0 0
0 2.386878 3.126667 2.65 0
0 2.833333 0 3 3
0 0 0 2.773333 2.679365
0 0 0 0 0
0 0 0 0 0
0 0 0 0 0
0 0 0 0 0
0 0 0 0 0
4.497564 2.84711 5.164505 4.114286 4.876735
4.073409 5.304283 3.741529 4.680952 2.638735
4.802872 4.221717 4.64329 5.209875 4.7
3.133863 5.174569 3.609524 5.2393 4.695065
5.338218 4.295296 4.776064 4.48021 4.17641
0 0 2.666667 0 0
0 0 0 0 0
0 0 0 0 0
3 2.611111 0 0 0
0 2.833333 0 2.666667 0
0 0 0 0 0
0 0 0 0 0
0 0 0 0 0
0 0 0 0 0
0 0 0 0 0
0 0 0 0 0
0 0 0 0 0
0 0 2.7 0 0
0 0 0 0 0
0 0 0 0 0
0 0 0 0 0
0 0 0 0 0
0 0 0 0 0
0 0 0 0 0
0 0 0 0 0
0 0 0 0 0
0 0 0 0 0
0 0 0 0 0
0 0 0 0 0
0 0 0 0 0
0 0 0 0 0
0 0 0 0 0
0 0 0 0 0
0 0 0 0 0
0 0 0 0 0
0 0 0 0 0
0 0 0 0 0
0 0 0 0 0
0 0 0 0 0
0 0 0 0 0
0 0 0 0 0
0 0 0 0 0
0 0 0 0 0
0 0 0 0 0
0 0 0 0 0
0 0 0 0 0
0 0 0 0 0
0 0 0 0 0
0 0 0 0 0
0 0 0 0 0
0 0 0 0 0
0 0 0 0 0
0 0 0 0 0
0 0 0 0 0
0 0 0 0 0
4 2.833333 3.375 0 0
2.666667 3.555556 2.666667 2.577778 2.95
0 3.041667 3.866667 3 0
3.666667 3.833333 2.611111 2.4 3.222222
3.625 2.666667 2.666667 2.916667 0
3.583333 4.111111 3.633333 4.25 3.111111
3.5 3.708333 3 4.4 3.133333
4.666667 3.9 4 3.666667 4
4 4.666667 3.333333 2.666667 3.75
4 0 3.466667 6 4
0 4.666667 0 5.333333 3.666667
5 8 4 7 6
5 6 0 4 5
5.5 4 4 4.5 3.666667
4 4 4 4 5.5
0 0 0 0 0
0 0 0 0 0
0 0 0 0 0
0 0 0 0 0
0 0 0 0 0
0 0 0 0 0
0 0 0 0 0
0 0 0 0 0
0 0 0 0 0
0 0 0 0 0
3.762948 4.298418 4.380399 4.69422 4.000948
4.513372 4.485882 4.313693 4.034443 4.666188
3.943086 4.301265 4.303746 4.269023 4.10042
4.71933 4.20306 4.252223 4.150998 4.48663
4.587501 4.400898 4.34289 4.57119 4.648897
3.053333 3.104762 3.466667 2.967778 3.066667
3 2.848095 2.722222 2.973333 3.361385
2.993333 3.448421 3.648182 3.133333 3.026667
2.84 0 3.60873 3.333333 3.28
3.7 3.2 3.16075 3.370885 3.415294
4.948395 4.644695 3.858129 5.20033 4.645099
4.094526 4.539307 4.738721 4.622548 4.795882
5.443845 5.156911 4.246611 3.972443 4.98241
4.749506 4.571986 4.509915 4.821296 4.115056
5.733169 4.42155 4.6911 4.659386 4.766793
0 0 0 0 0
0 0 0 0 0
0 0 0 0 0
0 0 0 0 0
0 0 0 0 0
2.2 0 2.611111 0 0
0 0 0 0 0
2.4 0 0 3 0
0 0 0 0 0
0 0 2.4 0 0
0 0 0 0 0
0 0 0 0 0
3 0 0 0 0
0 0 0 0 0
0 0 0 0 0
2.166667 0 0 2.206897 0
0 0 0 2.53125 0
0 0 2.912581 0 0
0 0 0 0 0
0 0 0 0 0
0 0 0 0 0
0 0 0 0 0
0 0 0 0 0
0 0 0 0 0
0 0 0 0 0
0 0 0 0 0
0 0 0 0 0
0 0 0 0 0
0 0 0 0 0
0 0 0 0 0
0 0 5 4 0
0 4 0 0 3.583333
4 4 4 0 0
4 4 4 0 0
0 4 0 4 0
3 0 3 3 0
0 2.666667 0 3 0
0 0 0 0 4
0 0 0 0 0
3.5 0 0 0 3
0 0 0 0 0
0 0 0 0 0
0 0 0 0 0
0 0 0 0 0
0 0 0 0 0
0 0 2.888889 0 0
0 0 0 0 0
0 0 0 0 0
0 0 0 0 0
0 0 0 0 0
0 0 0 0 2.4
0 0 0 2.4 0
0 2.666667 0 0 2.4
0 0 3.333333 0 0
0 2.302679 0 0 0
0 0 0 0 0
0 0 0 0 0
0 0 0 0 0
0 0 0 0 0
0 0 0 0 0
0 0 0 0 0
0 0 0 0 0
0 0 0 0 0
0 0 0 0 0
0 0 0 0 0
0 0 0 0 0
0 2.444444 0 0 0
0 0 0 0 0
0 0 0 0 2.4
0 0 0 0 0
2.666667 0 0 2.666667 2.866667
0 2.666667 0 2.916667 0
0 3 2.785714 3.046667 2.583333
0 0 3.333333 0 3.444444
2.466667 0 0 0 0
0 3.354432 3.246494 2.966667 4
3.555556 3.402857 4.339056 3.453488 2.47798
3.4 2.766667 3.5 4.278672 2.4
0 3.333333 0 3.447619 2.833333
3.5 3.613333 2.938095 0 3.666667
5.224177 5.958663 3.291429 4.466736 6.328676
4.596368 5.359917 3.244444 3.643833 3.483328
4.598328 4.427315 4.095556 4.779491 2.555556
5.817408 3.808392 4.05782 4.714463 3.142998
3.221709 4.656612 2.974904 5.595802 4.27619
0 0 0 0 0
0 0 0 0 0
0 0 0 0 0
0 0 0 0 0
0 0 0 0 0
0 0 0 0 0
0 0 0 0 0
0 3 0 0 0
0 0 0 0 0
0 0 0 0 0
0 0 0 2.640143 2.65439
0 0 0 0 0
0 0 0 0 0
0 2.930808 0 0 0
0 0 0 2.258514 0
0 0 0 0 0
0 0 0 0 0
0 0 0 0 0
0 0 0 3 0
0 0 0 0 0
0 3.666667 3.555556 3.941128 0
5.007143 3.333333 2.421785 3.75 4
0 3.579658 4.321429 5.172063 4
0 4.75 5.765907 5.25 2.666667
3.444444 3.953333 4.5 3.5 4
0 0 0 0 0
0 0 0 0 0
0 0 0 0 0
0 0 0 0 0
0 0 0 0 0
0 0 0 0 0
0 0 0 0 0
0 0 0 0 0
0 0 0 0 0
0 0 0 0 0
0 0 0 0 0
0 0 0 0 0
0 0 0 0 0
0 0 0 0 0
0 0 0 0 0
2.666667 2.225 0 2.222222 0
0 0 2.5 2.666667 2.399346
0 2.333333 0 0 0
0 0 0 0 2.333333
2.285714 2.928571 0 0 0
0 0 0 0 0
0 0 0 0 0
0 0 0 0 0
0 0 0 0 0
0 0 0 0 0
0 0 0 0 0
0 0 0 0 0
2.651365 0 0 0 0
0 0 0 0 0
0 0 0 0 0
0 0 0 0 0
0 0 0 0 0
0 0 0 0 0
0 0 0 0 0
0 0 0 0 0
2.599506 3.511677 3.305299 2.781909 2.945662
3.94091 2.94867 4.692842 2.72777 4.580112
3.349801 2.054805 2.805556 4.731823 3.228743
3.073889 4.521727 2.856119 5.585797 3.729863
2.772756 3.491399 5.25867 2.098361 3.851148
3.866667 3.083333 3.505127 2.906667 4.775758
2.80201 4.495612 3.607277 3 3.333333
3.041667 3 0 2.81746 0
4 4.653333 3.762128 4.06 2.7
3.466667 2.666667 2.904762 2.697143 2.916667
0 0 0 0 0
0 0 0 0 0
0 0 0 0 0
0 0 0 0 0
0 0 0 0 0
0 3.416667 3 0 3
0 2.8 0 0 0
3 2.666667 3 3.8 4.266667
3 0 0 0 2.875
3.939048 3.548571 4 2.583333 3.666667
0 0 0 0 0
0 0 0 0 0
0 0 0 0 0
0 0 0 0 0
0 0 0 0 0
0 0 0 0 0
0 0 0 0 0
0 0 0 0 0
0 0 0 0 0
0 0 0 0 0
2.596825 2.573172 3.19155 2.5 2.609682
2.531566 2.512619 3.08539 2.333333 2.657812
3.011163 2.204127 3.02619 2.876722 3.132457
2.785714 2.468056 2.147619 2.652637 2.166667
2.611905 2.342857 2.678788 0 3.616364
0 0 0 0 0
0 0 0 0 0
0 0 0 0 0
0 0 0 0 0
0 0 0 0 0
0 0 0 0 0
0 0 0 0 0
0 0 0 0 0
0 0 0 0 0
0 0 0 0 0
0 2.558333 2.933333 3.166667 0
2.666667 3.333333 3.64 2.666667 3.222222
2.958333 2.8 0 3.111111 3.754762
2.827619 0 2.833333 3.766667 2.966667
3.111111 4 2.766667 3.233333 2.833333
3.62 3.880224 2.015265 4.392363 4.133405
4.047039 4.34601 4.66 3.696045 4.829261
2.494528 3.973623 4.3186 4.512921 4.229838
4.759001 3.715032 4.355162 3.959799 3.885848
4.526374 3.545356 4.038394 4.743746 4.59392
0 0 0 0 0
0 0 0 0 0
0 0 0 0 0
0 0 0 0 0
0 0 0 0 0
0 0 0 0 0
0 0 0 0 0
0 0 0 0 0
0 0 0 0 0
0 2.5 0 0 0
0 0 0 0 0
0 0 0 0 0
0 0 0 0 0
0 0 0 0 0
0 0 0 0 0
0 0 0 0 0
0 0 0 0 0
0 0 0 0 0
0 0 0 0 0
0 0 0 0 0
0 0 0 0 0
0 0 0 0 0
0 0 0 0 0
0 0 0 0 0
0 0 0 0 0
4.4 4.333333 6 4.222222 4.444444
5 5 4.333333 5 4
3.666667 4 5 4.5 4
5.333333 5.5 4.866667 4.5 4
4 4 5 4 3.666667
3.541667 3.738994 3.111111 0 3.933333
3.946667 0 4 3.566667 2.864286
3.5 2.724026 3.4 0 3.92
5 4 4.111111 3.5 3.5
3 3.166667 3.833333 0 3.548376
0 0 0 0 0
0 0 0 0 0
0 0 0 0 0
0 0 0 0 0
0 0 0 0 0
0 2.625 2.68956 3.007965 0
2.693245 2.423413 2.266667 2.391534 2.534359
2.668571 2.630291 2.805599 2.495238 2.39886
3.383333 2.585119 2.392121 3.175238 0
2.445983 2.363636 0 0 3.098571
3.333333 2.392857 0 0 0
3.833333 0 2.5 2.666667 2.5
0 0 2.666667 0 0
0 2.833333 2.5 0 2.75
3 4 3 0 0
2.410714 2.733333 2.470833 3 2.45
2.466667 2.366667 2.7 0 0
2.5 0 0 2.56746 0
0 0 2.285714 0 0
2.410714 3.4 0 0 0
4 0 0 3.75 0
0 0 0 2.916667 0
0 2.875 3.333333 2.5 0
0 2.958333 4 3.625 0
3 0 0 3.333333 0
3.174444 3.440763 2.700725 3.856418 3.036938
2.840275 4.802963 3.538988 2.491973 3.504566
2.479221 4.134818 2.56968 4.07248 3.768268
3.132673 2.582848 3.222529 2.686136 3.368569
2.737156 3.299705 2.851277 2.917631 2.789761
0 0 0 0 0
0 0 0 0 0
0 0 0 0 0
0 0 0 0 0
0 0 0 0 0
2.323309 0 2.473389 0 3.48087
3.23585 2.566908 2.378378 0 2.75
0 0 2.723996 2.638095 3.044248
0 0 2.8741 3 2.76193
2.876487 0 2.491134 2.87619 3.039692
0 0 0 0 0
0 0 0 0 0
0 0 0 2.666667 0
0 0 0 0 0
0 0 0 0 0
0 0 0 0 0
0 0 0 0 0
0 0 0 0 0
0 0 0 0 0
0 0 0 0 0
3.026667 5.031145 3.111111 0 4
3.64 2.675 3.222222 0 4.541667
3.628571 3.222222 3.333333 0 2.666667
3.333333 0 3.426667 2.681818 3.841538
0 2.8 3.375 3.555556 2.75
0 0 0 0 0
0 0 0 2.4 0
0 0 0 0 0
0 2.142857 0 0 0
0 0 2.333333 0 0
2.6625 5.423781 3.113131 4.526471 2.791562
4.051267 5.408867 4.794866 2.933333 3.092894
3.099048 2.782894 2.351852 4.165363 2.597619
3.402172 5.034659 4.452231 2.512698 2.982711
3.049807 2.831111 3.941533 3.987879 3.291429
0 0 0 0 0
0 0 0 0 0
0 0 0 0 0
0 0 0 0 0
0 0 0 0 0
2.285714 0 0 0 0
2.32381 2.5 0 2.75 0
0 0 2.285714 2.989098 2.681481
0 2.482323 0 0 0
2.833333 0 2.666667 0 2.4
0 0 0 0 0
0 0 0 0 0
0 0 0 0 0
0 0 0 0 0
0 0 0 0 0
0 4 3 3 0
3 2.833333 0 4 0
3.75 0 0 0 3
4 4 0 0 0
0 0 0 4 4
