24
18.56819
24
23.05797
19.6982
20.03216
17.86123
21.82652
21.14335
15.53622
24
24
22.04686
17.39181
22.07527
19.68042
19.87166
24
24
17.74585
22.74389
19.21319
15.60126
24
17.07261
20.96797
21.8662
24
24
22.36012
20.27526
24
17.39292
21.77875
24
15.00878
18.93565
20.32503
24
18.33302
24
22.98122
18.666
22.81239
24
17.62806
19.25064
16.40476
21.0991
24
18.74499
24
21.97078
22.53372
21.81647
24
22.42138
22.66729
21.42107
21.85834
17.79863
21.56266
24
21.76809
24
18.03802
23.60478
19.32074
24
21.45989
18.67906
21.45315
21.23238
23.14413
19.99882
16.38054
18.40537
15.91395
20.15385
19.79459
21.83821
20.01063
19.58509
24
23.04957
20.18561
23.59354
24
17.16315
24
18.9274
18.53587
17.67315
16.03455
22.77435
22.2928
21.58475
20.72004
20.89645
24
24
23.75566
20.08922
19.40619
21.79252
22.82805
24
24
20.91021
19.49499
22.59756
16.30715
24
20.95202
24
20.26583
24
24
19.81921
17.44709
20.03305
24
20.55825
24
24
22.38615
22.79891
21.51007
17.99215
20.86979
20.21282
24
24
22.2207
20.16766
17.91837
19.35148
24
24
24
16.44628
18.45881
24
22.15858
16.9433
21.99925
21.03479
24
24
24
20.41466
21.52402
24
15.92368
22.73289
20.1203
24
19.4666
24
14.54479
20.28884
14.97377
24
20.13673
21.79512
21.75689
16.30526
19.29913
22.45896
17.08183
18.3172
19.56128
22.01956
18.30064
20.29378
24
24
24
24
17.57112
24
19.84912
20.31768
22.75718
24
20.51986
19.1581
18.82958
22.55991
21.26836
24
18.33793
23.54156
24
22.88765
18.41839
24
21.25171
24
17.51931
23.3487
20.88551
24
18.9671
24
24
19.79142
20.81795
22.76183
16.7675
19.65137
20.31956
24
19.54037
20.68402
24
24
15.19604
24
19.4324
22.3872
22.0905
17.3246
24
24
20.99089
16.10859
19.28386
18.23915
24
18.30052
20.89807
24
24
24
22.08816
24
17.1812
22.14047
22.6499
22.91589
24
16.86432
21.43654
19.58081
21.30193
20.2534
20.12289
20.506
24
24
21.56337
22.32267
21.97282
21.02779
21.31782
20.24487
24
19.07688
19.16431
21.02115
17.24213
23.74553
22.2128
22.7762
16.54685
17.9828
20.8115
24
21.44768
22.21046
24
21.50763
18.75741
20.87615
22.18933
23.22891
24
19.66799
20.1077
22.87104
22.78505
24
24
21.68254
20.64389
16.40202
24
24
22.26576
20.00808
17.54168
24
18.51775
17.6217
16.27144
17.39735
20.89923
15.61913
22.44186
23.137
22.26886
18.80585
19.56791
20.69493
24
22.5465
19.68845
18.16083
23.44076
21.92612
19.14519
24
24
19.44171
24
20.00292
21.01222
24
24
16.44624
17.08523
24
24
16.62073
21.72726
18.25033
17.50311
24
18.7713
24
17.61598
20.46786
20.55159
24
19.60341
19.01526
24
24
23.6155
22.11304
19.5278
14.96885
24
20.75077
18.7797
16.46313
24
19.97651
19.18495
17.89994
20.47409
16.37457
24
24
24
24
18.92279
24
24
17.95322
17.41948
20.28747
24
23.19156
14.64306
19.80887
23.50854
24
24
20.00687
20.92692
17.46796
24
24
24
24
19.83855
18.95826
21.49152
24
24
21.46124
22.41251
20.61218
18.4003
24
24
23.28158
20.47874
21.41635
18.6106
17.25909
16.94766
24
19.98914
17.42768
15.34568
21.85451
23.31276
19.10113
24
18.40345
24
24
21.38753
22.60272
24
20.41936
21.40435
16.74418
24
24
17.20471
24
20.49992
18.29957
23.27935
18.37474
21.22894
24
24
21.91884
20.27573
24
23.25465
14.26421
24
20.38194
22.27797
23.17306
23.64264
24
17.10446
15.76012
23.13703
18.36498
19.77477
24
21.57837
24
18.5777
24
24
19.94218
21.06856
18.19349
19.69872
24
20.46054
24
20.63865
22.82907
17.111
24
21.08759
20.28283
19.62607
19.62212
19.59748
23.3393
23.22185
23.37747
24
24
23.41186
20.58321
18.59324
21.1621
24
24
18.93981
24
20.2335
22.32006
24
20.08047
23.44744
17.42202
20.20487
22.975
21.21314
16.90726
24
18.83471
17.96125
17.83323
17.71042
21.52589
22.71754
18.70288
20.53203
22.91868
24
23.51329
24
22.70929
17.57082
20.55651
24
20.45145
24
21.53428
19.18874
24
22.95275
24
16.21068
24
19.94844
17.39201
21.85167
18.12031
19.86379
21.79405
15.52417
20.14567
19.9421
24
18.85186
24
18.74354
24
19.48937
23.22821
18.94598
19.7245
19.74575
15.35642
22.18484
21.02139
24
15.95206
24
24
18.58529
24
22.51434
16.8876
20.52462
24
24
20.23001
20.86398
16.63177
21.58407
24
22.28321
21.12575
20.01419
19.77878
22.01993
24
22.59134
20.84308
22.70069
19.68002
22.06048
22.33399
20.20932
22.03441
24
22.83222
22.65712
24
24
19.31478
16.02739
22.3308
18.65649
21.48332
23.0081
23.04443
16.26985
17.55913
24
15.5339
24
24
24
24
23.70535
17.61618
22.59317
20.07485
21.11612
24
24
17.67721
21.59949
15.97627
21.00006
20.86246
20.93851
19.19844
24
23.50847
24
16.36971
18.46325
24
18.30738
24
18.34998
22.51595
23.43974
19.65112
17.89126
24
24
23.58063
14.98534
18.9644
22.05348
24
23.25974
21.82322
21.77809
24
22.27452
17.79682
22.09099
24
16.20332
24
24
21.13949
17.82065
21.86845
23.29081
21.46343
24
23.52907
18.62035
19.8768
24
15.26845
20.74502
17.64602
24
24
21.03186
19.40581
22.49505
19.59171
16.42515
24
20.93665
21.38756
21.56499
19.17453
21.72698
22.12805
16.87286
24
19.20182
24
24
24
24
24
24
24
20.41528
16.56168
21.44454
24
15.65812
17.9423
19.27005
23.71724
19.90015
19.56876
24
24
22.95415
24
21.47246
20.45498
22.0324
24
18.18242
24
16.30462
22.95771
20.45809
18.55492
24
22.01183
21.39433
17.94317
18.9594
21.09405
20.09501
22.93743
20.90419
24
19.66532
16.09758
18.89186
24
24
23.19482
21.4737
24
24
19.66117
24
17.9145
24
19.91558
23.66431
19.74709
24
16.91256
20.23882
23.34618
22.88429
22.65679
24
18.29413
22.28144
23.1595
24
24
20.66148
20.52492
16.84914
24
19.37427
24
20.11232
24
20.38856
19.42699
21.7989
24
19.75848
21.05544
20.09831
21.07285
20.28881
19.13814
22.98084
24
16.94667
18.11131
24
17.0164
19.8489
24
18.70514
23.54564
17.34442
18.42579
16.583
24
17.50652
21.5687
24
20.25471
23.27001
21.12452
19.5587
19.20396
21.5796
18.43324
17.79601
18.97947
18.79125
24
18.42079
24
24
24
24
24
19.82077
17.55324
19.40285
18.13791
18.9906
22.42164
24
17.63089
20.78074
22.62272
22.05708
20.64679
23.3871
20.00106
24
20.12861
22.98524
19.14035
24
24
24
22.32569
19.23854
18.13296
24
24
24
24
21.43175
24
23.60685
24
17.60548
23.70682
19.61046
24
24
21.18877
17.26169
17.31732
16.56211
19.97164
21.32802
22.66187
24
22.95409
21.69002
19.833
24
18.50101
21.43817
24
22.70055
24
24
18.03542
20.02326
22.26921
18.46808
21.52419
21.48329
24
21.93767
17.76896
24
21.61442
19.25668
19.21736
24
24
24
21.29112
17.81484
20.48915
20.07488
21.81167
19.62835
24
20.33087
22.58373
23.3174
22.66334
24
18.06914
24
21.31641
24
23.46249
14.21496
21.49581
18.24554
20.51823
23.66151
24
20.15802
20.69235
17.77091
24
23.44605
17.09048
22.86972
24
24
19.1381
23.42121
23.05929
24
24
23.53325
24
24
23.4763
17.5083
21.62606
21.69357
24
22.08185
24
23.38257
18.23327
21.76362
19.4737
17.39477
24
24
18.37294
24
18.18912
22.81088
24
22.43525
24
24
21.53294
24
20.59762
23.41608
17.48335
19.6085
19.83498
24
24
19.04463
24
24
24
21.19046
16.39585
21.34913
24
16.13182
17.5377
21.68502
24
23.26259
24
19.26556
22.11217
24
19.23475
16.8962
18.68952
20.75193
24
19.46668
24
22.73068
20.72162
23.60581
24
21.09633
24
22.76023
17.84721
24
24
19.50961
17.78491
24
24
18.79383
22.20372
20.42192
24
15.05525
22.09459
20.99748
20.04201
24
23.60349
19.52909
24
16.6951
24
23.58151
21.01164
22.37034
22.42126
21.8333
24
18.45226
23.62644
19.58034
18.11247
14.33716
18.6577
22.31515
24
15.58661
24
20.88775
24
23.60565
20.28962
17.23823
21.82907
24
24
19.34519
22.19955
22.43122
24
21.14508
20.28519
24
21.21129
21.28832
17.37659
24
21.11067
21.49937
24
17.91684
24
24
21.84771
21.14108
22.0069
19.22691
24
24
22.37865
22.24704
21.63678
22.22207
19.35823
20.73835
22.25053
21.6918
24
24
21.52481
19.17939
17.42023
24
23.66427
22.3749
20.74407
17.87967
20.67221
19.82391
20.49557
24
18.5429
23.08121
22.64179
22.04769
24
19.44071
21.27614
19.30564
24
21.63734
24
18.54399
24
24
18.44326
24
19.22089
24
24
22.52691
18.43107
21.50058
22.47449
24
20.941
17.23658
19.78922
24
24
19.79864
22.42444
23.17946
24
24
24
20.72552
22.32701
20.41394
21.98237
16.48836
17.05082
19.98211
22.68449
24
24
21.70263
24
21.61755
20.77104
19.07345
18.84107
20.22826
24
23.30837
15.89528
19.39517
20.31376
24
24
24
18.92273
24
24
24
18.64787
20.70535
21.53243
15.98349
20.75077
20.87464
19.38394
24
17.85921
24
24
24
18.5589
24
17.89118
20.29962
19.10371
21.67208
21.58778
19.16921
24
22.87605
23.5216
23.56455
23.51707
22.44697
24
16.66222
21.96701
19.01988
24
22.59003
15.1112
17.37069
14.7948
17.58637
22.73156
24
21.16231
24
24
24
22.92758
22.87765
20.09398
24
18.91196
21.92796
18.85367
24
20.61112
17.37754
21.73154
19.9269
19.29361
21.49453
24
24
15.75947
20.42974
24
24
18.95457
24
22.21485
21.6366
20.40597
23.61977
24
24
21.88266
19.45483
19.56547
20.13678
20.24305
22.25751
18.43
24
20.49354
17.09769
16.13044
18.09346
20.64228
24
19.22404
22.33648
19.61092
23.20522
21.09546
20.58879
24
21.08941
16.99256
24
21.627
21.65078
19.31102
23.33736
18.7809
24
24
21.82293
23.01618
16.33837
24
21.95741
24
24
24
24
19.21163
21.26329
19.66316
17.72886
17.2366
24
20.46695
24
18.95617
18.85514
22.79164
18.53802
20.92645
22.0986
24
20.92071
24
18.1183
22.45616
21.36249
16.96965
21.30626
18.41484
20.01753
24
16.4301
24
23.65921
24
16.7681
21.56614
17.66242
21.0964
20.40674
24
16.08043
21.74009
17.39332
19.58745
15.37025
24
21.34416
19.55463
23.74801
20.39604
24
15.96606
22.97261
24
24
22.90988
21.23591
17.38032
17.53572
20.50903
19.28487
16.55348
23.70673
22.08592
24
24
20.10185
20.81796
17.68671
15.09262
20.51603
24
17.39284
24
24
24
17.7586
23.14141
17.81471
23.39119
24
24
19.88402
20.78132
24
24
24
24
21.88112
22.64211
24
20.17426
19.98808
24
19.70255
23.17638
24
24
22.8147
18.87424
20.63643
24
19.16348
24
22.94682
19.08933
15.13855
22.37247
21.50346
24
24
24
24
17.13835
19.06333
21.08623
20.50695
19.24473
22.42373
21.85671
16.49036
16.06873
18.17379
24
18.02038
22.61993
23.42826
23.15786
24
23.36804
24
24
24
24
17.61654
21.43249
17.81335
21.72768
15.26701
19.97507
23.4615
16.44919
24
19.77314
23.55013
23.16356
18.14319
16.60079
18.55772
21.90405
23.68939
20.69289
22.16724
20.31842
20.40162
24
19.69826
24
15.17246
24
22.62097
17.90193
19.53885
19.56092
21.97428
21.6762
18.04272
18.37712
21.8251
22.484
24
17.75745
18.54035
20.43569
23.0435
18.65114
19.81593
22.43903
19.62431
18.27778
22.3226
14.70582
24
24
22.06013
19.16044
19.83865
24
24
20.37625
22.14704
19.06055
17.49817
24
24
22.99992
18.74617
20.24419
24
24
24
17.64769
24
23.44602
18.71816
24
22.72737
19.75732
22.63207
24
24
21.15358
21.19729
21.48669
24
24
21.26049
20.00752
24
24
24
20.48661
17.0196
24
24
16.34922
21.70734
20.49445
16.17785
24
24
24
18.96611
24
24
16.78385
24
19.53696
23.012
15.8243
17.80484
24
23.15824
20.10233
24
21.19334
22.41825
24
18.6652
24
24
24
24
21.89866
24
24
22.66793
21.53128
20.1047
19.90207
24
24
24
19.47945
19.11468
20.48701
24
20.04154
19.01901
21.1107
19.08937
17.62938
19.70302
18.29445
20.34598
19.39473
24
20.67838
24
20.40057
20.19959
17.53742
22.31255
17.48967
22.63862
23.60219
24
23.58631
20.13573
21.28361
24
19.0088
20.93738
24
24
24
23.23614
19.01025
24
21.34785
24
20.27517
24
18.66115
24
23.04017
17.17216
24
24
24
21.6038
24
24
19.07788
24
22.31062
22.11181
20.43234
21.46457
24
22.72935
17.92637
19.20477
24
24
24
22.9607
21.83408
23.42164
21.8615
23.51082
16.35796
21.5206
22.33741
23.25228
23.66461
24
14.14152
24
17.34982
21.71988
24
24
20.03746
24
20.38322
19.90886
21.49455
22.74388
22.13289
17.27085
20.88704
21.67394
19.99039
21.01814
19.47495
23.37598
23.42134
24
20.75211
19.27128
24
24
17.30527
20.06415
24
24
21.5662
24
18.61573
19.38967
18.50622
16.42316
23.02291
22.83811
24
19.93872
20.71035
20.05471
24
19.92831
24
23.45189
15.89984
24
17.47739
24
24
24
21.55164
24
22.26897
21.51747
24
23.26772
24
20.1444
24
22.13451
17.85405
24
19.34863
16.36487
18.99682
22.77754
21.92616
18.37288
24
16.6796
24
19.9097
21.5092
24
24
19.00938
24
17.51518
18.81335
23.33479
22.74595
20.91042
21.30093
24
24
21.42329
19.41254
19.16793
20.85954
17.53459
24
24
24
19.95996
21.13301
22.4226
21.27968
23.42666
20.35351
19.54146
20.2888
19.99871
23.44671
23.53156
16.95747
19.44672
22.67206
24
21.69039
23.50284
24
20.0639
19.40413
24
24
21.72764
21.16073
24
20.86399
19.58832
19.43057
19.03893
17.31169
20.19543
23.60455
23.51857
20.34011
22.95425
24
19.93591
19.69664
21.44884
19.45034
17.49427
20.8521
24
21.3482
24
22.85668
21.60479
21.15791
24
22.20003
21.25544
24
18.92107
16.94198
18.07573
20.47893
24
24
23.46268
19.46834
22.67541
20.58056
21.95887
24
19.86596
20.13903
24
24
24
24
24
17.62612
24
22.26549
24
16.40809
22.99486
