10.83901
5.411646
5.706873
5.970695
9.820765
8.069153
5.484244
10.22052
6.391602
6.093342
5.364168
6.312073
9.604354
8.65335
6.364067
7.1871
7.976959
4.493915
4.682266
8.330656
11.90156
10.57762
5.959452
8.939017
5.18984
7.158932
7.477934
12.31383
12.98252
5.731735
6.944059
10.5068
11.73033
7.959578
8.786384
11.64799
6.168937
8.171789
7.470711
5.497336
14.31796
6.87917
9.732979
8.293576
5.951438
6.860123
8.48186
7.384566
6.060586
11.24217
6.84459
8.16561
8.035445
9.651718
7.493359
10.81168
7.10686
7.700374
8.741659
5.964629
6.918643
7.225964
9.795724
6.397446
8.094886
5.888412
6.306115
7.728656
8.374821
8.84203
8.106987
10.57714
9.592222
8.031041
11.32922
7.42413
11.06648
7.152059
5.582488
6.197089
9.973361
8.264302
7.109785
7.111951
8.1338
5.666993
7.125013
10.51723
9.934373
5.991541
8.376144
6.064768
9.670277
8.647609
10.17167
7.033253
6.068615
8.106288
7.273517
7.040242
8.348471
12.36248
10.46119
6.988099
8.716664
7.936548
7.479912
7.42112
5.596065
7.386042
5.949737
8.187308
8.237435
8.376671
7.56853
6.293845
7.129022
5.086063
5.087968
5.33243
6.56383
8.420815
6.174238
8.216303
5.68695
6.634988
11.18471
5.256402
7.799582
10.34054
5.043498
11.49081
9.943558
6.494441
5.692179
6.429589
5.869701
9.043232
9.021231
15.177
7.955726
10.18286
7.669623
9.427364
12.12226
9.26131
11.56003
6.789293
9.838246
13.77243
8.997678
8.383385
8.617438
8.063199
15.00974
9.386116
5.511227
7.39786
5.984986
5.041669
9.708149
8.346259
11.72171
5.097152
8.372775
7.187374
8.727032
4.713656
7.362437
10.47759
6.466893
8.21895
7.893637
5.696328
6.012915
6.289602
9.53212
5.252644
10.09783
7.161878
7.415607
6.14037
5.966158
6.137201
8.995037
8.244671
7.141434
6.859193
10.73952
8.627256
10.91117
6.712111
9.708285
8.916274
10.31725
6.08793
7.619026
8.393003
5.562751
7.9948
9.430213
8.114503
5.868441
7.552444
9.619286
7.945227
10.47709
8.352054
6.523637
12.56769
8.877721
10.23262
7.351554
6.142486
11.55049
6.347142
7.088291
5.304489
10.15313
6.032273
6.623989
5.544231
5.487209
5.538097
7.130184
7.737032
10.86606
9.329437
9.642821
6.986157
8.464715
11.78161
7.213902
13.32299
12.63354
11.69828
9.529024
9.261046
8.141691
8.324649
8.207007
7.112356
10.23667
9.986307
10.5715
8.286573
8.802927
6.470493
10.0425
4.954536
6.515636
8.963566
10.13392
9.633561
5.526648
8.738388
9.520568
15.28554
8.889948
4.987014
5.426686
7.717959
7.046994
8.51171
5.734684
6.668443
8.01522
7.405132
7.323457
6.345925
7.668796
5.231933
10.47906
6.775863
6.269256
8.621174
9.999083
6.114457
7.847485
6.135342
10.48871
8.74094
6.439821
9.68402
7.853387
7.755585
4.812987
6.58491
8.842537
10.45815
6.472045
6.991224
4.78987
4.784149
9.127134
8.424703
9.953585
5.385857
6.359224
9.32387
7.488685
5.26468
8.23779
7.390008
6.792689
10.49936
4.897299
5.956957
4.974983
6.394518
7.788409
9.582015
10.59455
9.324612
5.274759
11.07144
12.14219
9.549775
8.311772
10.83034
5.181906
6.927706
10.00236
6.768789
7.24083
9.552341
10.00609
12.47149
6.652783
7.264172
10.2191
6.051833
5.490229
5.671563
7.203407
6.112572
6.175047
9.867113
6.362362
11.1577
5.653011
9.027136
6.925565
11.52864
6.474259
8.644358
6.317224
12.53913
4.872351
7.259782
4.90156
10.96291
5.930945
5.9678
4.621325
8.05701
6.044669
4.794653
6.73679
4.418134
4.813724
4.841809
6.471831
5.610433
5.346086
6.478865
6.87948
7.955465
6.639075
6.80002
6.034128
5.873038
5.577295
7.940842
10.20572
8.120352
7.309376
7.996915
7.710468
11.72553
6.65651
5.836932
9.589104
6.984662
7.38194
7.027594
7.886047
7.483809
13.02835
7.694757
7.619868
6.341709
6.801273
7.418575
8.27242
8.022137
9.6084
8.006545
6.599386
13.041
7.41143
8.436968
7.220842
7.060853
7.998716
11.57313
8.598519
8.403116
6.641373
9.12061
9.791383
6.866665
6.432051
6.354776
14.25202
7.989075
7.314156
9.209692
6.216663
8.840016
9.235371
6.524946
6.918279
9.189895
7.844313
7.597963
8.662172
10.43557
8.861803
6.908634
6.665055
10.38739
6.557529
10.55769
5.671749
8.591597
10.70703
6.92133
9.361135
8.102023
8.916611
5.292766
13.65892
7.047298
10.76677
11.87608
8.092775
8.711033
7.960049
10.49766
12.76259
6.293648
8.656371
11.26751
7.415858
10.45298
6.716069
6.253098
8.426777
9.620605
8.102919
6.750089
8.629813
7.420896
15.34815
11.42973
11.525
10.10005
6.797647
7.183331
6.218545
6.3849
10.01354
8.045358
13.6564
7.207428
4.961007
7.152976
9.744779
7.808198
6.551527
11.46039
7.732502
6.350905
6.547354
8.714097
9.006513
8.844466
5.163971
9.578231
9.801593
5.608816
6.671067
6.793194
9.317564
7.309901
5.157142
6.366192
4.610653
4.770046
5.829012
10.01961
11.10482
8.560677
12.70072
5.955149
6.538498
4.890509
12.75003
10.03738
8.518514
5.812561
6.246682
10.275
6.607268
9.563385
11.7543
4.869608
4.640184
7.421746
6.618668
8.257445
6.650508
9.364728
6.295585
4.951445
10.10054
5.5622
9.528752
8.57403
4.469084
5.478244
8.663237
5.330279
6.948343
7.580528
5.99108
5.588821
6.2638
6.351399
5.285044
7.488364
5.152165
6.041664
6.429551
10.10437
10.26405
6.246715
6.485766
9.559091
6.152594
6.046169
9.4104
7.694571
7.239993
9.235922
5.303978
8.187302
5.455963
7.633999
5.803543
8.361382
5.892332
6.853098
6.822805
12.16731
5.234981
6.060772
12.34437
10.04175
6.662636
5.432497
5.870479
11.77427
10.88525
5.400541
7.208271
6.400543
5.088329
7.024534
5.859599
6.960705
5.472134
8.136017
6.867605
7.380974
5.994078
7.221805
5.870007
6.033639
9.166936
6.632398
6.543707
7.615377
6.730641
4.826852
4.53163
7.122081
5.834953
8.940884
12.34311
9.291359
10.39617
9.202486
8.506741
5.776942
7.09056
11.18196
6.262678
10.35315
7.769339
7.376038
6.575267
8.133171
7.80179
9.695101
10.33224
6.066193
7.357436
6.396624
7.549492
16.54277
7.999319
8.525695
8.927914
5.029576
6.615846
8.397927
6.75207
11.2373
4.652091
9.331197
9.851698
4.43167
7.310115
5.431443
7.991074
5.751393
11.56407
6.837744
5.462575
11.5462
11.11603
6.091058
10.29365
4.934653
9.068247
7.167857
7.262651
7.722385
5.912538
5.233605
8.598412
5.463918
6.332516
5.73895
8.32368
9.095333
6.611291
5.785141
5.561114
5.471267
7.518608
6.438447
8.090495
6.637367
10.23859
5.665074
5.025446
8.811049
8.340024
8.945425
12.08002
11.46856
7.468629
9.278944
8.558701
7.431158
9.075049
6.921441
12.28539
6.061763
11.3218
7.630659
7.368383
6.196274
6.936144
11.21945
8.573134
7.517453
9.086325
9.38893
9.093948
6.243755
7.143775
9.415818
7.894126
7.775054
9.74239
7.094842
6.718861
4.976379
7.869792
8.79481
6.783176
6.596345
6.717595
8.49538
4.647382
6.0996
5.657906
5.758806
8.469192
6.598617
7.068262
8.831032
8.619559
6.38874
11.03056
8.363231
5.739728
7.052303
6.147303
6.29451
9.888491
5.466945
6.113104
4.977185
11.62817
9.99599
6.283839
6.704188
7.339835
6.713636
4.978481
10.33803
7.797387
7.205457
7.116114
4.820202
7.251432
11.31581
7.319319
4.631626
7.354003
5.856598
10.85513
9.107893
7.480412
4.790146
5.865778
9.468345
5.59957
7.248982
7.235672
6.480393
5.655847
5.829919
10.42142
6.430155
6.984283
5.238415
8.639698
6.414653
6.127238
7.470337
6.236965
6.672489
8.072324
8.682339
7.091029
9.499693
6.09026
6.797468
6.640922
11.11715
8.511496
5.300437
4.610994
6.695889
8.548621
4.898284
10.3543
12.61027
9.417802
6.2676
11.5734
8.752098
6.280329
5.590067
7.018572
6.968388
5.907537
7.772515
7.037793
6.076998
5.164682
4.709623
10.96417
4.483603
9.065186
6.737374
10.55211
5.553252
7.221791
4.598026
9.36636
7.154424
10.94099
6.045296
5.860965
6.329915
8.127412
12.6754
5.308002
11.26301
6.8296
7.089071
6.174111
6.86711
6.159185
6.812734
6.068578
8.288541
9.44726
7.219001
9.572391
4.684807
6.925158
8.311809
11.83872
5.365204
14.54693
9.793773
7.428432
13.89119
8.648104
6.936952
10.7416
8.478
9.594349
7.08704
10.95626
11.25405
8.71019
6.463692
7.28056
7.374055
8.740447
7.971806
5.692039
7.950943
8.069579
8.057344
4.642309
6.260473
6.998966
7.591773
5.71623
12.44391
6.794918
11.89837
4.586845
7.306352
6.496499
9.108215
7.518226
5.71494
10.21902
8.221588
9.237309
6.894532
5.998714
5.564724
6.517101
7.522671
6.902081
11.84477
8.429964
5.433177
10.40914
9.294594
12.59682
5.323685
6.443624
9.432043
8.627035
6.750211
5.792229
8.442728
6.401003
8.2596
6.088232
7.391553
5.96175
6.430792
4.966814
4.668375
5.715897
5.897788
9.192579
11.38169
10.57354
11.51001
7.674798
4.369984
14.79046
4.595671
5.293858
10.77235
8.947083
9.815113
6.480457
10.28581
6.897603
6.532948
14.68856
6.466697
8.524523
8.869363
8.318326
5.42927
5.987008
9.672698
9.419183
5.112528
7.504193
8.346911
12.38149
9.240921
7.564677
10.80637
12.14024
8.371941
10.07841
8.597553
15.35981
10.18624
5.921385
12.71559
5.437887
6.413774
7.704112
4.818824
11.03169
10.68236
6.24795
5.235809
9.33037
4.820331
7.590525
7.092439
6.291718
7.714377
8.253835
5.87304
5.174133
8.339891
11.2325
8.393887
6.13026
7.74266
6.289815
8.64184
5.862652
6.874102
8.249948
9.178369
6.541542
6.451696
7.480309
7.189209
8.938036
6.92172
7.893514
8.25283
5.314621
7.931119
9.888329
7.212391
7.545628
5.743114
7.672507
6.68538
6.186205
6.874611
6.627512
5.729621
10.31467
10.0444
9.467904
6.199494
9.797443
5.583521
6.719608
6.654837
8.219664
4.635077
6.187485
9.172822
11.6754
6.949543
5.382973
5.028119
8.432852
9.573986
9.948574
6.057092
6.744875
7.877373
9.320103
6.786201
8.554767
11.94614
6.357374
7.05678
7.39449
9.678864
12.54415
8.164099
4.62614
12.3572
5.689905
8.491241
8.328278
7.403039
8.574098
7.653242
12.30063
5.906544
7.084661
13.10477
6.452689
10.42523
6.031407
11.76912
7.21941
6.013945
11.28378
10.64354
12.96136
6.39432
5.754976
10.52405
12.47269
6.871612
10.77965
6.362455
7.102233
10.18169
7.47246
6.48354
6.209083
7.743864
8.207464
6.893488
8.114485
9.980134
9.264434
7.52047
9.024645
8.626503
9.543954
9.05164
6.478495
10.00162
8.340456
5.766625
9.454367
10.98753
7.772341
7.493954
7.696991
10.02436
8.593383
6.292217
5.685744
8.064573
6.810854
9.487247
9.448032
8.135886
5.666616
8.183195
6.501697
11.26786
5.696176
8.705633
9.698876
9.836612
8.018585
7.594344
11.22205
7.824305
7.562152
4.842263
8.344223
8.549662
16.57901
8.474712
7.871449
9.054562
6.224803
7.155325
7.694169
5.931394
7.41191
8.129582
6.045202
7.290003
6.875915
5.156575
7.230635
5.837575
10.76324
12.87833
7.531232
7.44674
8.312488
12.1637
7.177278
9.249294
7.760701
8.030227
12.00482
8.635209
10.45831
5.965755
6.698525
5.606582
8.135512
10.44809
9.027615
6.249808
5.233632
7.275288
8.969493
10.17642
6.805483
8.916999
6.082138
11.19436
9.522736
7.15701
8.796049
11.8558
6.47218
6.081962
5.990954
6.857565
10.08412
6.327605
8.573336
12.84899
4.764759
8.991942
10.60212
6.213628
9.612063
11.49935
5.270924
8.838575
9.434863
10.01114
8.138147
6.960401
9.927564
7.359773
9.3837
10.95439
6.413463
12.63177
8.68974
6.90669
9.694485
6.232606
8.68058
6.548839
7.605153
9.985616
10.20039
6.752371
6.83856
5.677399
6.83702
6.825616
5.268919
5.173289
5.746812
8.56756
6.356172
6.828212
8.87427
6.753567
5.396701
10.04911
9.154954
11.49769
4.385294
7.905432
6.679571
9.997757
11.55022
8.35277
11.46406
5.428109
5.737471
5.515156
7.130134
9.358232
11.28829
7.90096
7.509765
5.532312
6.25823
8.86619
7.248123
6.388181
8.023927
8.359212
6.679866
8.383143
7.015199
8.762992
6.85772
6.100889
7.56313
7.044035
9.180461
10.89708
6.181075
8.182813
9.789045
9.802815
7.197405
6.695983
8.531616
6.787354
7.084385
8.937259
12.00526
9.148774
11.69856
9.867252
13.56255
9.495231
8.085868
7.039716
14.71413
7.854078
8.694592
7.146432
5.048325
9.725013
5.553745
7.606518
7.287341
7.406542
5.687746
7.071375
8.708212
5.099089
7.816623
13.46043
8.004205
6.640633
8.513583
7.833001
6.861924
7.639765
8.451424
7.059193
7.081051
10.41182
8.686861
6.720269
8.155482
5.98856
7.454453
8.092139
6.293501
6.635373
9.989049
7.856659
9.748357
8.792302
4.983087
10.69008
9.551502
6.071414
6.148717
6.872869
5.821107
9.972294
5.231886
6.660318
7.024242
6.437248
5.85368
10.62751
10.50884
7.396989
5.096478
5.789472
5.780625
13.88431
4.932477
6.821421
8.945781
7.881427
5.533687
6.193212
7.517668
6.169723
9.742827
6.143204
6.650738
12.74752
5.658109
11.6801
7.026435
7.098002
6.224799
9.007153
7.179431
10.14131
5.651248
9.658056
11.95081
8.800443
7.568291
6.840668
5.856364
11.07708
9.28715
6.860923
6.537505
5.806976
6.834334
11.268
9.14847
9.680502
10.93487
8.135538
12.39358
8.859879
8.292881
9.289008
7.33835
6.563742
10.06113
11.20676
9.5211
5.898301
9.9887
5.869196
7.926819
7.465363
5.525231
6.584878
5.690484
8.566263
8.235861
10.10331
7.937111
8.811765
10.24203
10.87302
6.068432
5.464926
6.125077
8.069689
5.320166
5.773934
7.987196
6.136024
6.815594
6.129877
6.804707
7.78001
5.900478
8.804037
9.280418
10.74299
11.02188
5.928574
14.00517
5.426757
6.691797
6.933956
8.102047
6.071386
7.321619
6.353161
11.14282
5.285673
6.153461
5.451284
5.387509
10.10128
11.51678
9.630857
7.482325
8.275218
8.781838
6.286061
6.61986
13.55005
7.218764
8.906993
5.079782
7.448497
10.10294
10.00589
7.901122
5.383516
9.843664
5.856195
12.77556
8.938352
9.709875
5.566084
10.95168
5.679204
9.078262
10.89223
6.69368
11.21278
4.904504
7.76772
8.703945
9.639082
6.986122
5.78358
8.194735
7.034054
7.567887
6.159091
8.980028
9.10155
6.493578
7.219349
5.77622
5.887203
7.380742
6.460839
10.64588
6.172628
6.200853
6.285467
6.126924
5.638149
4.750376
6.020017
10.94767
7.995161
9.380814
9.520827
6.643074
8.684453
7.212842
9.249099
5.481265
6.091254
5.904412
9.002678
7.670089
10.27468
5.225674
9.38732
8.519573
6.019458
7.92382
6.809098
6.026361
5.574626
7.912714
7.419927
9.706059
5.116051
6.268421
6.655943
6.552499
7.827522
7.584984
5.659945
5.019644
6.662779
6.732258
8.544827
8.858567
4.871249
8.12557
9.191292
9.262121
5.82872
4.687256
4.537386
5.909927
14.14668
5.381065
6.401469
7.333029
4.731855
7.772716
5.977585
5.117738
4.946302
4.676687
5.060491
7.925389
7.498643
7.866432
7.774175
5.792298
9.439838
7.089457
7.650085
5.76446
7.318496
6.719762
10.92192
11.36457
5.317759
5.962849
7.350729
6.875864
7.821991
5.397095
10.71458
8.557418
6.1755
5.837391
10.10469
9.418204
8.11139
7.683795
8.617687
5.67291
8.454062
11.05459
8.431855
6.277489
12.07343
5.990494
6.097371
7.842639
7.840633
7.367307
7.286945
11.44631
5.965114
9.444041
5.789899
10.21313
10.4754
8.436862
6.89368
12.45135
6.682664
7.736487
6.853649
8.944348
9.290398
7.440353
5.7455
4.967961
6.51727
9.110164
7.661925
9.269384
9.150395
5.008515
7.460639
8.580121
4.507922
5.292961
11.85898
6.320831
5.538687
5.32166
6.965386
6.844201
8.309694
7.78992
9.336472
6.26961
6.360027
7.355395
6.559084
6.52777
9.529716
7.274701
9.177878
8.604921
9.474398
9.425816
7.316341
9.140911
8.258485
8.671426
7.792071
5.884918
7.254314
6.166221
9.990838
11.64137
6.948082
6.425549
5.519337
4.904813
8.241183
7.16402
5.927233
6.092117
4.85968
7.246782
11.18627
9.398095
6.542514
5.246717
8.840442
6.30941
8.973246
6.606937
6.750528
7.734752
7.290436
7.071383
10.73007
6.105848
8.876728
8.716736
9.426683
7.382499
10.37738
9.787766
8.336133
5.897529
9.74154
11.034
6.044612
6.337993
6.255441
13.11127
5.959468
6.532679
7.317622
9.119863
11.35137
6.098843
7.40588
9.023673
7.370847
7.111951
9.300296
9.043107
6.939624
13.59458
8.552035
11.81798
5.354305
12.42466
6.350769
6.577642
5.701658
9.053683
10.5069
8.515798
10.12943
11.77955
8.406562
6.879853
9.263784
7.246092
13.68093
5.17969
5.091044
7.861427
8.576807
12.16105
7.299525
6.291897
6.858735
10.51918
7.196656
5.477097
11.76663
6.096445
10.81299
4.45771
8.984343
5.416542
6.497379
6.724769
6.480847
8.64532
6.586861
6.249172
7.970609
7.254429
5.169284
9.403652
7.371474
5.435737
6.791619
5.706965
9.528802
7.233194
7.545053
9.969319
5.775449
6.755656
5.619501
4.723081
12.22805
6.548846
10.12246
