"c[trans]" "c[com]" "c[circ]" "c[rep+]" "c[rep-]" "c[pack]" "com[max]" "rep[max]" "c[3A]" "c[stay]" "scaler" "var c[trans]" " var c[com]" "var c[circ]" "var c[rep+]" "var c[rep-]" "var c[pack]" "var com[max]" "var rep[max]" "var c[3A]" "var c[stay]" "var scaler" "ly gamma shape" "lag" "ly gamma rate" "lag var"
2.30908670145542 -8.98647949228087 -9.5025469935197 3.7839782639431 7.82091594478321 -2.90097711949863 11.2861006885979 4.07990294025669 7.16481618493877 0.190080069999854 1.93226238079143e-05 0.625190748751914 0.763608326146953 0.151038362494503 0.0764601889423329 0.395867426345121 0.92067513053402 0.351646231230847 0.0619652418746917 0.57167280865897 0.584317629206943 0.82800144544187 42.2290880808166 5.173677 2.29042571245011 3.835375
0.626106877918474 -5.30182303044775 -5.18330525803512 -1.00820269800202 18.8121012831988 -8.70454598344032 9.76432104355066 4.74443549505213 5.11458341680513 0.105274859309311 1.54551933276986e-05 0.86367084527744 0.314121484954307 0.411625403942998 0.179848162571773 0.438609871331451 0.825123609414938 0.260962311787855 0.116197910955888 0.708459333560632 0.718445951717297 0.463796517545126 38.6406314133155 5.173677 2.25411253857354 3.835375
0.580403890490951 -6.96665748220408 -7.92580812633854 0.65217142737882 8.59544812891161 -1.10229139126285 11.1061828964744 4.84509527307747 6.50245651405427 0.193910375519773 1.25462445764105e-05 0.76813873789943 0.512691984756387 0.818148093659686 0.599744583911421 0.565197755485586 0.986919043247106 0.595246818345557 0.852040544668597 0.318868554778693 0.0807176012722474 0.732899888700277 40.7256632058721 5.173677 2.13479276871414 2.13684
-0.0179339966624908 -4.26065280844055 -6.50495464381612 7.1263960022689 17.5218317585069 -1.04747189574355 18.4225836164261 5.11744042089607 5.65213175396709 0.0598818865566368 5.63631248087284e-06 0.128158690019044 0.331807112142107 0.706226528341124 0.390194448829177 0.588597650581643 0.158863903918583 0.679919161271183 0.103195288481988 0.499937694734493 0.839084969705559 0.421652222038926 49.0360182055352 3.790957 2.84217943782308 2.13684
0.0669286517104448 -5.64448473971211 -7.45585471417406 2.26127927795868 19.0386602353783 -4.8605466642859 13.8695877518978 5.46277976537422 5.51902225192365 0.366605356380315 8.66277617471217e-05 0.798670047407711 0.0599251400979899 0.604572422557138 0.636743006039359 0.723894328752405 0.529985653912758 0.512418516048612 0.448513428256593 0.238381505779656 0.678933610136888 0.591999373337281 44.4477724967547 3.105011 2.47125070323433 1.837297
2.68118083355351 -2.20819051258412 -7.25104420355507 -6.15408072365531 17.8122514077865 -0.926608034334109 10.9425812592496 5.55455891367214 4.30498780127782 0.110725029836206 6.09463503931691e-05 0.605450091466754 0.157251185001234 0.346563427229657 0.487910941460898 0.190011868504105 0.492585091320874 0.542158447945559 0.534654174989034 0.293735480286877 0.562813382369375 0.709486758149499 42.9951670034316 2.501469 2.40881988072625 1.837297
0.923833540600834 -9.50106393565313 -4.32527042234301 -1.27462585233088 1.66979566775311 -5.84556667346883 7.46858487167673 6.10759202234863 6.09221399984165 0.905409939730328 6.55383981426212e-05 0.507468569901658 0.627819028623029 0.914514554185536 0.955349922228197 0.299906868210767 0.545863623699367 0.616513207963405 0.51347366332374 0.136183858875245 0.389806652502791 0.0659731235074542 39.6212068095478 3.105011 2.16502727061386 2.13684
0.757260915519142 -2.97167154113784 -4.29198496885393 6.40043115781455 5.7054438969229 -6.00639800477308 17.094326600585 5.61999809387287 6.16823576198886 0.504209516034052 9.7187753572123e-05 0.746558514480206 0.392426630825715 0.609555261253647 0.585679833438871 0.495176822889046 0.671937844082525 0.101732239633807 0.958452315587859 0.299962403741093 0.77987984580577 0.755569090855674 40.9702115317901 3.105011 2.20072946629903 4.448141
1.39617065433138 -6.19734105879463 -7.12157845076293 -1.11485062309215 -1.31193092050861 -7.28428941550909 12.0420241359883 5.34975614522474 6.12240029727951 0.245055227939626 8.10299054766845e-05 0.818072195108143 0.545231278803788 0.59650465833112 0.427071067782639 0.35307983788189 0.379047780142586 0.798329520856263 0.932097584318303 0.692858621649101 0.467558551227825 0.823817227409222 44.1551275496102 3.632943 2.16932194086215 1.837297
-0.578625716446081 -5.98376588112209 -9.38624402386636 5.47689094780094 11.5615713800343 -4.3527773184439 15.7070007084467 5.62027744213667 4.24114660414946 0.130993023343717 2.0949818464187e-05 0.701361092761717 0.495303699413962 0.801568241683752 0.960647072692154 0.696360349149505 0.843049392958199 0.750212267570308 0.837043414776136 0.764496236250132 0.438937891694609 0.96756194709768 42.7616252535318 5.173677 2.23147853387732 2.13684
1.16088071882527 -7.74473028755333 -7.83204228955087 4.12003901602538 7.45091471726387 -5.37098096112271 13.1422569571558 5.77825372429683 6.57727743628841 0.742751673436192 2.02361371475334e-05 0.395078785363518 0.443639334528544 0.67874388140026 0.929402361277044 0.598085814948605 0.743584849409089 0.304254920443945 0.908479433995424 0.648029254517239 0.572190110694685 0.701654488530695 42.0512027153541 3.105011 2.44692262099617 2.13684
0.51659543060687 -7.0179406667705 -7.18150404939386 1.34785443532305 15.1857739602723 -5.50500804537939 9.7681306205169 6.00473317245841 5.34317422550472 0.599665322070433 1.90025500975758e-05 0.636521392589355 0.681151870653928 0.552062988981573 0.0744955935075113 0.57590664964983 0.720029136378615 0.541475808368367 0.75668948091717 0.341000340299 0.800277258562049 0.86857881739328 31.7128439117361 3.790957 1.66417842726962 0.1317636
0.560937135712949 -3.93151013652491 -9.82629150733539 7.81319826268253 8.68186124545083 -6.21148793374839 16.611515098296 6.45856292978833 5.6135396613823 0.0463424696980682 9.1332354095257e-05 0.930651986978032 0.879980207846772 0.592046742761448 0.231469266354362 0.604660736241273 0.283480981411079 0.809410119108397 0.703707289156054 0.699952226659445 0.767121064602808 0.726527050185339 40.3833651419273 5.173677 1.98099017731998 3.835375
0.646973641447773 -9.53386454283747 -0.905060635542246 2.35012862377333 10.0887158903794 -5.60420945671075 16.788397331915 6.02193109293499 5.48203082777378 0.825146270964832 6.54382973214029e-05 0.784685857875878 0.244231116559979 0.808120060178441 0.277180437227942 0.776422103515406 0.102126874370607 0.868593643659205 0.278953433926388 0.470781985409618 0.316860427200669 0.429381820596048 40.5604432492748 3.632943 2.22775583377133 3.835375
0.162557816707244 -8.23268700724898 -8.14751157938327 -1.94408328844106 17.0013126287577 -4.14068060531542 10.1511960013468 6.07495986298815 5.84928673207316 0.522499460434663 3.84198708274195e-05 0.215284277834482 0.667688893195632 0.434932900488869 0.287182872505606 0.50224724403366 0.142861838223949 0.434028704557622 0.0677158447697545 0.694513423138527 0.0538723982660321 0.375550442921356 40.7585348136346 3.790957 2.22750677825017 2.13684
0.481585704178706 -5.24037714634958 -7.63870591185802 -0.295424042618525 7.59442685633933 -1.72182306014332 16.6610805696592 4.9326329246154 5.74628528823305 0.254185367026368 6.6499976593943e-05 0.80294772233094 0.590262518482375 0.112221285187882 0.247294197731142 0.842344024955065 0.612330552965925 0.646905721400119 0.915440462175482 0.481497268250005 0.232278800872622 0.258222940753877 40.8968300113265 5.173677 2.27951486933212 2.13684
1.52882710509656 -7.61293764603961 -6.91655178509542 6.85716518066557 17.7692894337657 -5.83153480920702 17.4217188152384 4.36377094723614 5.76239183297383 0.9318838820473 3.89717677805787e-05 0.771996590789249 0.772044234904439 0.46207716599642 0.492918384257397 0.225208820703993 0.0792708352047357 0.71404958429633 0.989761206412571 0.533239982330978 0.702380088437897 0.530502233405375 45.1601588209503 3.632943 2.40693457336642 3.835375
0.811725949136346 -4.8448284859237 -8.32863661062501 -0.437527744054484 3.61612193554149 -2.21002776766562 9.95663609354457 6.29832700850574 6.02882943583844 0.191029857264559 7.62630082648117e-05 0.793328872820014 0.807940439048899 0.533722232618546 0.233121345818608 0.574279234358105 0.356337921010041 0.634562192158367 0.365135654253535 0.583930307634774 0.956662671315198 0.633370002129614 42.370544734492 5.173677 2.53764157654258 2.13684
0.452050646026274 -6.48933263544584 -5.56742572287158 3.29153834344767 14.5096066695212 -5.06733997391369 17.5571909111267 5.91583419062755 5.79618782110089 0.907582840549689 3.90112338041382e-05 0.117764541364318 0.678996396669818 0.40408701868504 0.0317450066672266 0.567082887891138 0.393696661031753 0.817182264628665 0.102157191124229 0.846229079236121 0.379885436784942 0.165382762316434 47.7706547825618 3.105011 2.54868805076118 2.13684
0.924802572292095 -9.51845726312863 -5.1092100690593 6.49061861983529 18.0897831159321 -8.08910482301192 8.98537547569542 5.42530763523191 6.56019662419642 0.0898665594090637 2.24751526266209e-05 0.876969894295576 0.44190460775032 0.635143820347631 0.969544697069676 0.476090383221328 0.519420870619596 0.226025704214159 0.392577518908541 0.639984395770687 0.236643629894375 0.799207347872167 41.2301028336406 3.632943 2.24425677057752 5.638719
0.283906965470129 -0.75427743536853 -5.96866640568843 8.52881722834228 17.3618190732082 -6.44064239145506 11.4595453201043 5.04979331033094 6.12116464169951 0.297624758069397 1.54792881651186e-05 0.993318115559721 0.238878547782139 0.377623485269955 0.368091429860892 0.165099232808779 0.322822535031879 0.60138249557418 0.44801625880745 0.435209084421857 0.762989265307155 0.551178094290939 36.5955032295354 2.501469 1.99676109631357 2.13684
1.50712141726847 -5.64339995832506 -3.9020556445544 -1.3466472430716 13.1513677169003 -7.42328924516262 14.4130668698249 4.88283269276197 5.93778707274172 0.505884192836902 7.42255386895951e-05 0.719272018680704 0.306202104282437 0.507110643767493 0.114026109852339 0.127276002735955 0.642983861519046 0.51334134264889 0.242768596345659 0.874639489848943 0.236921808667741 0.171710201354055 35.4751611759692 4.014705 1.94383942265676 3.835375
1.87280494715328 -4.39759739159733 -8.98414513652114 -4.16462726431695 6.98647139651069 -1.05373913874562 7.98097246373326 4.76759672087808 6.38550341331558 0.0736170865096192 3.9617396517639e-05 0.829047243285811 0.19807177439967 0.534363373060189 0.5799142843701 0.216491279778316 0.737374127391011 0.947452249334261 0.409865162242996 0.0248913412901267 0.0803603017759641 0.221805673600215 46.9165398865031 3.790957 2.32477593441618 2.13684
1.7899368546795 -2.97737880786952 -8.6811629892929 -5.07922327451015 9.81869229362374 -4.84812404289745 14.1505116606761 5.5183452429786 6.67485879164957 0.867166275131947 2.76956799775557e-05 0.243026137533994 0.549308525581517 0.0384109960849486 0.0193081559687304 0.13324435029696 0.585548198405612 0.381532859743042 0.134348963000395 0.899099044692242 0.853810708416278 0.904408961449766 33.7290102739453 5.173677 1.90765600433868 5.638719
1.35682444019252 -8.72570995576629 -8.63814878449273 -4.26374327469436 18.0410304353363 -8.36504730606232 15.2070450470376 5.45491148368265 5.43946860229438 0.450560045681747 1.43344380180147e-05 0.589605803033418 0.0160279131873041 0.393531199521044 0.647546403228966 0.904224726058174 0.894528089022799 0.669830751007789 0.379382942861998 0.246623976374164 0.793616619431524 0.652937401262469 37.6292781191274 3.632943 2.01778189432668 3.835375
0.710076686929863 -8.45200314139412 -6.34319621740588 3.75957863720225 19.7542684309995 -6.8501724592111 16.7660378234598 6.36539448811846 6.63271023294577 0.970058560150136 2.60105534765638e-06 0.819045518299174 0.308880305094634 0.233039522235634 0.898990552287597 0.15484419188039 0.226594677464612 0.310329505245451 0.496969890581865 0.72004095897639 0.738665612486981 0.0678763450834555 40.816601794396 3.105011 2.44093780879733 3.835375
0.0399446818478024 -8.25062469591818 -8.08404927738258 -1.32718691001476 11.8234970187655 -1.67701689349952 13.8312477844635 5.6390665515715 5.48679464060056 0.308317962761729 9.84312407941788e-05 0.586152680265779 0.71859838717867 0.360198515524084 0.444271342448883 0.355040878448123 0.304676421719742 0.485066740695724 0.437467118575937 0.734009454147124 0.298492225076885 0.848028627973661 43.868228736703 3.105011 2.34899466089973 2.13684
1.07753251237878 -2.96793315639823 -8.95815013227516 -4.69183616190582 17.695543043963 -7.91875618565578 9.24101530463096 5.72084501782803 5.29614768496934 0.28536781119204 8.64028814822002e-05 0.892479295476457 0.308015098044527 0.633405165039942 0.27317986087589 0.0837662840330365 0.840751077035247 0.540727979759703 0.625909514916942 0.674858563408609 0.431610680781884 0.565981588920973 39.1761998897964 3.790957 2.14491539758407 2.13684
1.29406406568419 -4.30559208977909 -7.34076017988145 8.7714080997904 8.76465173788949 -5.16797128381952 8.04240972568473 5.36753710906429 5.88638649576624 0.529589976426353 3.49233450027035e-05 0.894828370699959 0.227867662979349 0.305656470516466 0.225229858453679 0.14291941581641 0.694134848974887 0.93129075796634 0.796760626655069 0.427101725264453 0.784507424049201 0.616207141025662 45.9531325433598 3.632943 2.61979255624385 0.1317636
0.968969749140094 -3.7984493746552 -7.12734769260572 2.43647093091557 4.58619713902719 -7.87653427759507 9.99206462880081 4.75372830336822 6.4399330760754 0.875168561013798 8.21196557239455e-05 0.687676101311655 0.36950599003504 0.33835654729213 0.614929542194438 0.0280299089699638 0.939568959408109 0.680445840861862 0.4342482304475 0.714682598594546 0.444461858113114 0.976073956210146 41.0925396309635 3.105011 2.42617227994454 4.448141
0.673380087839036 -4.48974553356229 -3.75045081463553 7.22777311322686 6.48441876052906 -8.603212071304 5.0268347239946 5.91543616099695 5.76914500490582 0.713732765613433 4.67387097470898e-05 0.960180122605047 0.222770969193947 0.208804682492972 0.365937077612974 0.509863843949766 0.478546155794392 0.00879077139497531 0.206104788725201 0.386299682576474 0.822882824135587 0.325333884413155 42.7260211623263 3.067582 2.59818656189572 3.207171
-0.207003043116438 -1.49415547833458 -7.11153014601171 0.432978110149517 17.7380888442757 -0.441122340015199 14.0798046084502 6.7688919032765 4.69723480626095 0.304969158552494 1.84466070137756e-05 0.443011194173057 0.0961840319432333 0.974410925886299 0.175952934368898 0.133591586439326 0.124602562078173 0.0769588377380314 0.724076826374594 0.559767076919616 0.856024815732585 0.643056086783834 48.7189846313087 3.790957 2.54740144852258 3.835375
1.70100731587716 -0.956487719907475 -6.5711526254211 -5.0925856255365 7.81680880084809 -6.07472658282479 15.1980424355744 5.29259558967695 6.11570665950607 0.598016136197216 6.68114953644271e-05 0.607142803963791 0.466378817287069 0.693524756748199 0.624911221780219 0.621763265497921 0.695319735112094 0.168777164403968 0.346410281685026 0.296194101202219 0.658048287797633 0.283706178844772 48.4929694996007 3.790957 2.45164521705183 2.13684
1.6949880214264 -4.09091775483874 -9.26572193905128 -2.56675181867136 1.08648452768836 -5.27076107209186 15.4030597365553 5.88755120143909 5.22013198108983 0.801216804277272 5.86585722783107e-05 0.846277756826926 0.761353887084466 0.152818868045296 0.956874130429733 0.375971229566633 0.571651384054596 0.781036682871564 0.0316063225192811 0.841036234877338 0.0130155043508585 0.293862808194818 36.1534831315784 3.632943 1.83722113344687 4.448141
1.05123934678873 -6.57903725708365 -2.52431332626904 -1.5031214367875 6.06404099653535 -6.40300637269065 10.4634392280598 6.25396690232032 6.81247395005173 0.731895837148215 3.43006954217419e-05 0.629076196613689 0.946343897386532 0.786569876731933 0.189264560489281 0.067748844005485 0.268420213537339 0.281498697714016 0.0845363093698823 0.822498704745718 0.330847199389759 0.46420717429579 41.9767419054731 4.014705 2.24042149635791 3.835375
3.2923331621975 -7.47589843648752 -8.09639057822341 -4.41829099879825 -1.60192787544653 -9.54019904884846 14.7034744979255 6.50954122329428 3.75504344277822 0.0714777964639826 8.38437977809647e-05 0.426779645276758 0.581522459942795 0.617709824507525 0.965069800505357 0.123526644230035 0.976560227273027 0.757646610211332 0.266915959789947 0.899802606435835 0.892839653643328 0.585207507535579 41.9433496565719 5.173677 2.23436934733144 3.835375
1.27393750185688 -0.0990451624796922 -1.82607922952466 1.57276803170641 18.4155077486613 -1.42471485169043 17.8094410817099 6.65080420080422 6.42876581032396 0.886312067104771 3.7649902708073e-06 0.0272758997194822 0.483930828286483 0.0134359639770967 0.0917323186541612 0.782260995943589 0.711339451927957 0.685521083472623 0.438151384452869 0.949939240704891 0.175778193324152 0.0778713981667581 46.4499771997765 3.790957 2.49632953726458 3.835375
1.23839065495505 -2.22848602505493 -9.05578373125417 13.8329722828663 19.5974924520338 -5.40027252034115 15.4707353450845 4.8296767037189 6.44603925433402 0.448846501119489 9.76317503618485e-05 0.803553741947689 0.774388847014698 0.688463992575953 0.397158014319169 0.24036746881452 0.772597314538215 0.681321534063176 0.308717968085893 0.694933277186564 0.61507888336002 0.527540949770404 48.1676493699811 3.632943 2.8483294944222 5.638719
1.03849477047213 -5.33016252028191 -4.06190046713098 3.87353235799382 11.0637819348132 -0.498702965917383 17.8097340588604 3.76884993068546 6.11379371309187 0.60964998859511 1.48803391687759e-05 0.0210886674880018 0.260996555320289 0.0638272499726242 0.555840858627323 0.215605657159874 0.478386394519747 0.964137956666321 0.131857569037643 0.534252316533532 0.632236357204344 0.0970018296999877 42.4318569227133 3.790957 2.1738795868128 2.13684
0.770249450048578 -5.37422607542105 -8.15704483779959 -5.42307024594467 7.96757893743461 -7.88043150531787 17.6927057548387 6.49377214881941 4.72548207532973 0.253918124572018 1.64654068710801e-05 0.282766250200987 0.79660944692927 0.75287291751851 0.0699458510595779 0.957039608691439 0.882276570093118 0.272862239296565 0.655606225691249 0.108906597022516 0.383483009707477 0.0672722551681877 44.5153576302294 2.736266 2.45954326637769 2.13684
0.0204843502683727 -6.62353354461185 -8.42235473324022 -1.95445739855821 19.5357384969568 -6.76793750312438 14.4213917169606 5.66282858975112 5.15542970805888 0.729222843408082 1.02707049604689e-05 0.847166539369207 0.292162548337315 0.297963533782014 0.171936861900587 0.486165435724824 0.395609059809986 0.481418089561069 0.242435115314341 0.400630669741825 0.215170678750111 0.153153972840316 38.0255963770755 3.790957 2.06426074511797 3.207171
0.768200977362893 -6.19998757113521 -7.77714281896194 0.582830838357888 14.6370713274387 -5.15434742361956 14.1849510120001 5.0717967836053 6.34811970917834 0.694269501125004 6.32865012509401e-05 0.508705409364535 0.712702467822602 0.55473728219383 0.758394269067593 0.97364996862859 0.270426563908505 0.606862009579737 0.0455637742052736 0.371395376863241 0.374144822090181 0.0971136487817477 44.0530567657819 3.632943 2.344211660159 3.835375
1.59825370601349 -1.04346497831124 -5.56687324145368 8.97521144147057 5.59066409217879 -7.24860859018944 12.7531257011106 4.72114354206795 6.74496956000111 0.403638182050634 3.06439094438669e-05 0.830535185730439 0.473609647149326 0.880573176330054 0.437820084919281 0.371742109198446 0.305194071931731 0.93636958270348 0.872858750947663 0.79081569381355 0.516103918896782 0.65884771464315 45.8333821153427 3.790957 2.54587238673399 3.376943
1.8777720579905 -4.89702353668227 -5.94500144266083 14.7323934020151 9.17211772097063 -3.94375705009808 13.2007717696129 6.36703135511075 7.30336603882798 0.507012789832651 5.31403680664538e-05 0.928088814634191 0.582529588906773 0.278356257295664 0.225748227081 0.195263015686533 0.703128744835725 0.640455710574927 0.638750297138293 0.798040346833535 0.22502405408322 0.913602444190703 40.4271255127202 3.632943 2.32371407812432 2.13684
0.0666783453547278 -7.51256908505596 -8.19460602025968 -1.36598223156101 17.6036520839317 -4.2092815582543 7.82907787154429 5.08206473746475 5.3446214571704 0.137394492539203 6.31793508230706e-05 0.728918994514639 0.889732521248032 0.47256458480125 0.290253165773049 0.357756195390681 0.376188539392805 0.150368131507883 0.631514452285141 0.209536542114127 0.333357120995395 0.907030981065549 40.0497218483143 2.501469 2.162251119408 2.13684
0.670022235667917 -4.51587552256273 -5.31135187231055 5.34597087454063 14.6161273630751 -7.68869114333648 11.9469098691752 4.68462755284945 5.90370279976896 0.0849106006539619 4.08683026991659e-05 0.436165881302286 0.402416013905809 0.24779290646508 0.268532181078924 0.504052925634384 0.857430929785797 0.688634257647259 0.827755077848215 0.718635876110321 0.70329233532346 0.432072766069394 49.4658397659822 3.790957 2.64852064252546 2.13684
1.71883322780728 -2.90761031212878 -9.32711772816005 0.937765440307914 9.25762637421921 -4.43808767581426 10.4121061744797 4.68728118351614 7.1667194469399 0.79474957379818 6.2415972669234e-05 0.751234620848667 0.393916743633463 0.922837997619678 0.746370297669972 0.55647192993396 0.987926751189643 0.3832444115013 0.00799736351245484 0.593309872473178 0.0285943288652198 0.68953407653799 40.2084616744805 3.105011 2.02071495880047 5.638719
0.280748367584841 -8.07805633939515 -5.33365957447868 -0.780959778228516 16.5361250974624 -5.11410674097535 8.58032074862285 6.38677308583485 5.06201985024493 0.147214749018375 9.98198224154665e-05 0.441243356695992 0.123609259007461 0.654137686579884 0.797142485434045 0.928673910086756 0.840477727813542 0.546877509948898 0.268943137552796 0.941456967111454 0.444579457584569 0.693321297796746 44.6255781170645 5.173677 2.44352593483305 2.13684
-0.56061777607473 -4.50007511616235 -8.85454970667017 -3.6091617568925 10.4468190923117 -4.38990853659471 18.1966445719352 5.8849951166552 5.07753007774478 0.0362574342809134 9.33412817584482e-05 0.825878704381232 0.910913516481099 0.22847178628869 0.128003677340088 0.126979839376903 0.256279987284977 0.0260577758407533 0.43342142730581 0.381971815917874 0.72929225546143 0.52817010807954 33.545643467586 5.173677 1.80350814582571 2.13684
1.06244190952363 -3.72122316027648 -8.40622865181038 0.743546441231621 11.5270286386422 -1.12086383342221 17.2807071713449 5.16186484009873 6.28834484992089 0.468417717293783 7.24699870158109e-05 0.788988754081623 0.0480855009312477 0.093005108758369 0.261652652541419 0.951775962135974 0.72724951808139 0.711773122201512 0.41582726521998 0.493204638629942 0.707088625871426 0.925036852400374 36.358355512368 2.501469 2.08537366019197 3.835375
0.769434291363912 -8.21895042535384 -6.26029909593738 6.53204947983274 7.22809953513081 -0.552724111290573 7.45963281092518 5.72129420436357 6.38727150879866 0.337479808970998 8.22691693398053e-05 0.702860243761329 0.0506416480460325 0.0460439628797727 0.385334103888591 0.525572147783187 0.890796824792095 0.224339586640433 0.305356772221326 0.033883097181027 0.0534680230111431 0.61757373674883 36.5156662129007 2.736266 1.84114624366387 3.835375
1.61019685621295 -6.90405706020384 -5.49860664349178 2.38319354926516 5.7678409387667 -8.32778070178596 5.11619406036228 5.0373247252285 6.1356121768386 0.278344839016592 3.73054547718791e-05 0.975948325174122 0.370397458736775 0.583410018819512 0.37614191216313 0.738698376917761 0.592578864117835 0.782849400113713 0.892093018408408 0.731702606706068 0.371504831836417 0.28290569901173 43.2558945347748 3.632943 2.28677630254326 3.835375
1.37758884943972 -5.23639801297779 -9.34403874434961 -1.81493769736103 2.07421748383146 -5.44733658451229 18.8656309803113 6.25556527484446 6.82638541698933 0.982797742640626 3.925976775893e-06 0.708542127401524 0.76289197762035 0.145707355131787 0.640420728473376 0.307667434631676 0.00672265468297852 0.421969470658859 0.718633996095486 0.958480572053132 0.706293779077592 0.314218736705551 42.7345333445706 3.632943 2.24108793990859 5.638719
0.793556975190351 -2.3889571626827 -8.8062379371796 -5.78379745294851 18.182365822078 -4.77044457107896 8.02934921023508 5.65130135860417 6.00539468439986 0.645093143301112 3.07487070115496e-05 0.184150393358114 0.864963573855852 0.915928984398645 0.867303250963551 0.414305798014946 0.989243678181171 0.203917669185482 0.175139650527855 0.795174535392824 0.819936012822636 0.0976909375531614 31.6636627822539 2.501469 1.92234142580265 3.376943
0.338503435821 -4.33646561485816 -6.79311899860644 -1.24010601647232 12.1276196274829 -3.69380459593559 6.7352291806668 6.60496143556187 5.24080316631496 0.729397135020008 9.13975263698233e-06 0.560195615150785 0.153696286970954 0.558810907048803 0.00960564595723379 0.651943826583342 0.458687833295363 0.242217375797909 0.279867405142176 0.599944909120496 0.438174875354648 0.771924652678357 44.4983103108877 4.014705 2.20870967734265 3.835375
2.16313225094705 -9.26519560974483 -8.98095838152853 -4.58092963516765 10.5946611580087 -2.59506854981524 12.7045186019757 6.68734319916044 5.46474300085121 0.565658264403401 5.55967707623821e-05 0.173977737135266 0.542776606623967 0.380653910564939 0.975795770431279 0.177148449556096 0.374883006280318 0.179566266591565 0.879813657278888 0.398902419337871 0.076398515694842 0.981685174291381 40.3397325697099 3.632943 2.24532552119543 4.448141
0.0783162459319859 -3.82811862145578 -6.20416245386132 3.82309979962022 17.2295671969189 -5.27782808352522 16.0122576036586 6.53135783303614 5.45086775889493 0.190749910826294 6.94284214522261e-05 0.149591857122967 0.523360558767827 0.502122265880101 0.882352681032336 0.893787094179557 0.514680009337611 0.407769410061595 0.361018963008538 0.407230079845157 0.968830749892323 0.867958141586618 42.5906703113529 3.632943 2.4419703305695 5.638719
1.14251011736892 -3.56749093564479 -5.4003798101385 1.79823546079162 -0.907798123532793 -7.71491450156751 15.621750485956 5.31849804925063 6.79879637153745 0.460855516673611 5.99259802746854e-06 0.419184891543702 0.770277833698888 0.727595174924726 0.734006915867947 0.394368572992939 0.412501768662517 0.701860662537835 0.831026942517332 0.614597684333772 0.900212246050438 0.935313610052068 35.596455820622 5.173677 1.94371883497775 2.13684
0.857717657498643 -6.23964073520896 -8.69922850423835 2.44929814684127 15.609596916074 -2.64528615692916 16.6957169616507 4.79528428129582 5.79041618287538 0.254216838041887 3.89054769106943e-05 0.594619957328684 0.144327464514822 0.323386340583257 0.604496945526617 0.30937532654648 0.29876618046406 0.664666219691473 0.673879147214785 0.662483702435229 0.521858397512587 0.546065630799714 46.2315269092225 3.632943 2.50487161277267 0.1317636
1.1335432652243 -7.31233102650181 -8.98870740312453 0.778048066556377 12.3814751051821 -6.82242006369256 10.8855102120406 5.45639177994755 6.46766635606452 0.855938010253551 7.04818184779872e-05 0.690685221806223 0.953268961831545 0.254750704932838 0.764163110919526 0.100385363523617 0.273031191341074 0.0824252771698396 0.101651335456802 0.526098338794216 0.514913993698678 0.0207062932589384 49.9570413542855 4.014705 2.54731802911519 2.13684
0.072896213195311 -5.5096699087981 -5.5538857327975 -4.35171804135123 12.0510706756897 -9.49266638574747 17.4178425526626 5.62864422312789 5.07338564011584 0.0966975623514985 8.80703002335007e-06 0.822924712498929 0.929681274258164 0.571720200038902 0.238884458395155 0.0273564332497702 0.590596713079708 0.656196247962732 0.0574465438924874 0.951561564038148 0.455692731416828 0.0371232688414079 37.1037146432472 3.790957 2.04771329427083 1.837297
1.12378588825075 -2.54419337666267 -9.99628859371753 -2.0269503530019 5.26723989762851 -5.85410637678822 13.9034348008276 4.53300620352725 6.16287920971923 0.697347597530109 6.76692035413068e-07 0.368420800334367 0.124001962024055 0.770073148408281 0.692115185202074 0.660463810740073 0.345897766281768 0.551734648735458 0.412589875064107 0.877299732350966 0.81056184729166 0.13464441683859 48.5564829077428 5.173677 2.57199386329652 2.13684
0.990660092108447 -7.29331521068945 -8.50919817208758 -2.20983272534812 16.7043024940801 -1.18521150822786 7.32776733504853 4.61869717889783 5.9160918330681 0.67183209314557 3.34057180491265e-05 0.29150843470313 0.722372438639129 0.154336575571477 0.984798296038501 0.108012261274435 0.532634788655587 0.453378235997373 0.751553023332485 0.939524784015164 0.969225677080051 0.147500871347376 43.4288163031532 2.501469 2.18444453489811 3.835375
2.20128972592336 -8.77971609926636 -3.99399718627376 -6.02371119196119 7.55857693125224 -7.82683570043797 15.4632750627946 6.62923125666514 5.32686316439108 0.950378877245067 2.47535576190025e-05 0.640666055211857 0.901684457937501 0.342944617411475 0.933103310695719 0.381198528950653 0.954959822558081 0.696102503475831 0.175853945164874 0.768135454821763 0.745004632669339 0.1413516623539 32.8793428743785 5.173677 1.77833667355375 0.1317636
2.11145255169492 -4.76790736157185 -5.94679492610232 -4.98460808720526 18.753987400428 -1.58956589440973 14.2951813201552 6.73172192749284 5.70237584092382 0.995436921799321 2.17366364970604e-05 0.564799515710902 0.320088784959541 0.785963631325789 0.517338727469879 0.376765676587223 0.819024554939161 0.0709323153069618 0.978081060175571 0.942707821373972 0.150180880043536 0.285247859335356 49.1960201792386 3.105011 2.29868587197051 5.638719
1.27405458545987 -6.29750241617046 -8.37638826767212 -1.67460745459916 -0.388383704967929 -1.42293673061691 16.2948526529154 5.34569168037141 6.93872006536631 0.244739372346918 1.62370296601662e-05 0.898652438823825 0.49519513649591 0.804493822977732 0.87063034328459 0.797766206081496 0.748323012885775 0.585279806139179 0.698128337850628 0.602416172087529 0.257641770783066 0.809680721700718 35.8855834431195 2.501469 1.89314245105117 2.13684
0.598965356474804 -2.08869867381383 -6.55266463638803 -0.386819093168928 6.7829950043989 -2.75628499044398 9.55515680695217 6.39199013714298 6.29595553717353 0.755414287029865 1.62011815272139e-05 0.33806103413058 0.763432853826483 0.277659996592414 0.162682075810206 0.876463534786305 0.163059990366742 0.364015011413787 0.622875138685075 0.73183985669788 0.962339515193554 0.236499418026089 37.2715735448923 5.173677 2.02606161865906 3.835375
0.974662181728005 -7.53199525100269 -6.98709953196322 -2.06883312315414 8.71268314528363 -2.84469040215591 13.4690413335379 4.81831867728949 5.87811515995928 0.334033735405709 5.65154175442885e-05 0.940446781318532 0.902356741029337 0.199142606423242 0.334768308617698 0.578100288355911 0.34967988138002 0.022083398245343 0.219783040801806 0.813422115733169 0.810879811004947 0.568607824729944 40.1236030580552 3.790957 2.2691176737299 3.835375
0.0460156192014169 -6.10606427394162 -6.43745219803464 3.03897405251482 6.13401892511044 -3.32752351920898 17.7178000918342 5.52457240810651 6.07471662472376 0.230759238248709 5.78116147438403e-05 0.117830939805021 0.382399304278537 0.684549473244216 0.130356732813158 0.308915845794865 0.385730608885899 0.626184570567295 0.833833167698209 0.828476712763624 0.664916791236005 0.0778741677041646 46.5091505800515 3.632943 2.60004696379981 2.13684
1.23462861101409 -2.14799782857044 -7.91413605276043 4.68345761921582 18.7232791675553 -3.02485319967162 12.1507342103833 4.91001779526041 5.974058006714 0.702667463306534 2.46661982328373e-05 0.668716794656125 0.450775283721638 0.801667706327064 0.0216276950073587 0.738011380982895 0.790776019383457 0.671782317712397 0.397260582340221 0.567369928929907 0.901019435910324 0.163967656763342 36.102756063332 5.173677 1.94957266416837 3.835375
1.38849562028031 -2.70102339893516 -8.22866639818924 -3.73739014427964 6.11054563152958 -3.33602422774844 17.2007004602278 4.07335498866155 6.49183479176633 0.264831198627567 6.83545392370271e-05 0.554995472773148 0.97582502471971 0.446348821279291 0.877513181891417 0.493308622632667 0.456867037676679 0.204232551633681 0.627534194213518 0.639546894977294 0.236644587390238 0.2114252482352 46.309303688524 3.632943 2.40429545504246 3.835375
1.61880461926555 -1.89712137616116 -9.76724169007063 3.02686640234709 1.00106757752231 -0.390351085806663 14.3653537030909 5.4308842259787 7.20574530649659 0.185852850596293 7.53514255159247e-05 0.308200494909212 0.331307030896699 0.00456344500926742 0.360280610958053 0.724067069281264 0.589731100315956 0.609401892463899 0.59859616954849 0.28043799150348 0.391675470452377 0.703804760518792 37.9389009888089 3.790957 2.21408042542702 3.835375
0.40993236847625 -5.12115918816189 -7.95558238377775 1.95249354524845 16.0160465268778 -6.58258037874698 18.2672809562554 4.73739346405689 6.15200534806895 0.668899234446983 2.83570316767928e-05 0.916561903197036 0.877367988167139 0.37441012251569 0.133882952975092 0.675154721695182 0.0397709791927559 0.330208967169879 0.619327059860715 0.180638076658038 0.689152066024217 0.151415863188731 42.353635423607 3.632943 2.39538801873738 4.448141
1.41770210725236 -6.92743122457426 -4.45784149753692 -1.10869482730838 6.50778086410826 -6.0811382692382 9.49017753182732 3.57634669521924 6.62838321655613 0.459404192786582 2.00736825404724e-05 0.64625426837305 0.839250477800052 0.389677540970005 0.0586864429788665 0.905422979625618 0.628721527675974 0.0996247167953535 0.333614846143917 0.805641045810091 0.8113185655134 0.448725784295353 39.5542874446738 3.632943 2.15956690393874 2.13684
0.364411016613142 -1.22920812979562 -8.34094943238684 0.829388693168927 7.81083377422145 -5.44785818359803 12.5106805788829 6.7030349362512 5.75737734554557 0.964191467996597 9.53154784961429e-05 0.10539766152255 0.689950848003243 0.688233475447496 0.563933728312642 0.325545322280416 0.110029115481575 0.303965378221193 0.497091310825327 0.649654928684567 0.569040889245426 0.470750846500599 29.6317838898168 3.632943 1.66156381511913 2.13684
1.68424267969791 -2.96570230427011 -9.22367271159746 0.680699101680906 -0.359667455480301 -4.735320210433 15.8165533234181 6.123980492524 6.90795295540156 0.222501082470188 2.01182157511021e-05 0.789479070955567 0.982173488449847 0.528515160597098 0.252689389474695 0.421195658826055 0.392189389907203 0.528630881258424 0.0327790500977477 0.0391632424333264 0.496079940075747 0.506037683733358 36.5433583251949 3.790957 1.87692858691924 3.835375
1.43888640250768 -8.3472091352357 -8.58282147107136 6.31245003599059 18.8499316099769 -1.25859249008928 12.89897598774 4.78326609715061 7.20413093042808 0.403787583751169 7.50881403202742e-05 0.547770913791246 0.583409743125852 0.691154826829721 0.916135898445669 0.46993591893265 0.95002203617463 0.85665438073697 0.240913034424043 0.687932092906382 0.710236096716726 0.103348583215929 44.0502106082267 2.501469 2.29221585091854 2.13684
1.03577073026804 -8.59410896443088 -2.47428673697612 2.96560271014541 16.2280349210764 -6.5759170472676 14.952865050304 5.73417586578323 6.25790504752007 0.713817615607351 5.01705057650519e-05 0.0342149674421928 0.602918089442044 0.376308154273152 0.335891711924264 0.934441728712358 0.343383633574847 0.0428806370502504 0.934102591385629 0.86413958130828 0.349901338101723 0.0455164067505989 38.2042177737555 2.501469 2.22130286683788 3.835375
-0.0160588220362601 -6.9178518545377 -6.24394710567245 -4.29313774013395 10.3493969404828 -0.00290474653463457 12.5067475195999 4.44886366649095 4.8523860042857 0.110784223843722 5.72288748018197e-05 0.576341418141127 0.592912536498485 0.431575610557263 0.551981943400994 0.698533795543499 0.234864311622585 0.556950251212871 0.333450731774434 0.528570876890442 0.177641586359919 0.428377081742173 42.1909257155778 3.632943 2.41192230563397 5.638719
0.52330177947402 -3.10124651319338 -9.30888686718868 -2.68685989217095 15.6177709218987 -3.37370658557728 19.0985392951279 5.64400607816392 4.23166080828227 0.418775498725246 3.49298845894072e-05 0.858934129540412 0.381391156165455 0.207473460200197 0.721009651888482 0.291051904528913 0.65569420247456 0.0718169949430836 0.31753068759632 0.976007706228867 0.294907838117899 0.386280085475249 42.827918311545 3.105011 2.52295365378817 5.638719
1.25685069235375 -7.39199126776306 -8.39978533241042 2.07862932568795 15.2452960056387 -5.83140617917301 13.0063036128913 4.0328759321537 6.64816554365786 0.19627907007113 5.76427302324015e-05 0.533494365201736 0.546560979033051 0.598429330617324 0.453188239689765 0.594757474782012 0.468534131409642 0.408264643401738 0.856073834505211 0.859522730012139 0.651007387428004 0.423524291171195 39.7301786130929 3.632943 2.20572291160373 5.638719
0.278420951021657 -6.48316381121108 -7.32129572537244 8.03114733829725 7.38936164138827 -9.33503367569348 16.1401371383183 5.71656313998306 5.51105697583643 0.939551589404599 8.14471617780187e-05 0.832731922517826 0.276444386091031 0.683712024889881 0.0441259119491856 0.465798900322407 0.558808917662272 0.289587856819628 0.698012318076922 0.951735992285852 0.633730403262243 0.875654816139135 41.4269084023885 3.105011 2.30506415392599 4.448141
0.0655317200867199 -5.70291945800381 -6.22870020559991 2.77733776191664 3.14281777915066 -5.24489568598236 10.5327415463655 5.86291777928214 5.95457127557721 0.318327076346192 1.16461017646698e-05 0.492903997468554 0.908127171684761 0.181848506846679 0.414781324584683 0.235602450243785 0.700074633044229 0.242388871399574 0.210919291494135 0.77470519593221 0.50622765193218 0.13183698526319 46.8677264884809 3.632943 2.31166359765006 5.638719
0.918460589119092 -4.78313853530882 -9.68176453853791 0.998087749624907 16.9964663436735 -4.9456337620067 14.1190947819119 6.91265833423023 5.84691143674038 0.511136726500574 4.6783393355435e-05 0.637125614861603 0.332274341495328 0.516247380681092 0.344500965436055 0.287879666842454 0.223013398549714 0.259219203215114 0.478854591657859 0.781456016123712 0.664606729690307 0.101387967892769 43.5394914996545 3.067582 2.3922823068993 3.835375
1.39438930817445 -9.26614680399066 -8.56659737767937 6.60350834939476 9.75347827204039 -2.61002945246225 18.0090426042346 7.80631416106352 6.34637312079626 0.337463339247915 3.76210880681989e-05 0.411747418856843 0.0911390803864604 0.361197474580191 0.880484610364428 0.127871275092314 0.572613956048468 0.419370363532828 0.469706522968932 0.422195275253573 0.661785393745772 0.54992128424699 36.4810833762198 2.501469 1.91775503490159 2.13684
0.262193930844254 -2.80193070679769 -8.266601091506 12.2019225064361 10.7401878807216 -3.83633560168332 19.5804730753175 6.18293567392232 5.44396046452968 0.11245846404407 8.13633654581388e-06 0.865774255884561 0.768619530963989 0.068432728460613 0.427553333479268 0.197571760592929 0.353029844519514 0.498570354138444 0.823340436082453 0.232038770000375 0.207132180181009 0.391806317858306 37.8630080345843 5.173677 1.93348449008621 3.835375
1.16954506318189 -7.18903819802597 -7.47833963464357 10.9156549660999 8.54571455631032 -0.700780019138905 7.98609553870079 6.20112425099243 5.76952844220297 0.279033113166826 4.41121101229768e-05 0.488379192414856 0.939017406543067 0.978863614357497 0.551987951611217 0.806422849051148 0.67724420175877 0.622305623318336 0.370174417115074 0.517004551565998 0.597851662320058 0.861401135717272 37.957582180652 5.173677 2.02809007927302 3.835375
0.507503205683827 -1.90894448269791 -6.85700789726922 7.20569536957963 10.4131663257015 -3.1841891530983 19.6077277543331 5.39433784275714 5.70395459633962 0.512174260367654 5.33850145670717e-05 0.796290211470423 0.678258030099611 0.523413938460468 0.662810593514012 0.00862838529667181 0.732651829099422 0.687916554860496 0.753546526720078 0.807777197286899 0.723012893774827 0.622461663670947 39.3322662585476 3.632943 2.092252741138 5.638719
2.31802370674879 -9.3538292330916 -4.5397773043081 1.31124346199693 -0.659698969124921 -3.92016044328777 10.3340762523514 5.4696800809712 6.63853613799735 0.497933755031472 5.02678952117385e-05 0.73928846827322 0.803876018075252 0.884167002940793 0.551233492432645 0.457659392176347 0.205049470077538 0.668633783906965 0.607950031586254 0.824774389111231 0.384769816806762 0.260093495932859 43.2172159013662 3.790957 2.12628986037583 5.638719
1.21297694164434 -6.45707250227197 -9.6639914113416 3.80517440906316 17.6793475730825 -4.72873636375005 17.193476179736 4.24636818760845 6.47801934747642 0.523283026003805 3.66865199565202e-05 0.457580658152763 0.114179701317088 0.483789373737667 0.179382341807955 0.774623778037917 0.992544184647894 0.628279975880553 0.400600842521868 0.681864398655731 0.834432490318379 0.542679432864605 45.1650407116528 3.632943 2.15125748867706 2.13684
0.897671838810211 -5.8361009733582 -3.57174737128805 -5.2856470936253 5.45059261937547 -3.50020639204801 14.2163840359469 6.2438239717065 5.14319053371067 0.607839605176008 3.52052372260316e-05 0.185587493258512 0.123235679507785 0.477712111012048 0.47021163651895 0.903708465132369 0.846805543666661 0.425332849131259 0.436793140738652 0.778686804567303 0.478695479046574 0.232576876562496 41.6485840255013 3.790957 2.23217147818093 2.13684
0.770918336882199 -3.25063334448944 -8.92859351649799 -0.0107971138691216 15.8100856780136 -5.68446491623704 17.7838441271006 6.34598160476786 6.13129748929385 0.232354328984152 6.7211887732355e-05 0.707608982925169 0.364340979186717 0.0435026893486287 0.585251234631655 0.997133303463789 0.462978071011457 0.00319006310064895 0.841909691008629 0.603005949881402 0.581302466590964 0.667324142419345 38.867145669812 3.105011 2.14643908139674 2.13684
0.262159287072397 -3.80469016003483 -5.79940008432869 -0.318314269984682 18.0735960452105 -7.85056208023385 17.1754630822401 5.89662365660121 5.85964151022726 0.45139616506629 6.41894051650745e-05 0.564403386908298 0.79740629322899 0.952928368190843 0.795580928565522 0.809590941400898 0.587265696407254 0.485560309284028 0.692633037942291 0.95380720019613 0.432245212020164 0.0265650727783826 44.6670289489243 3.790957 2.53331491663692 3.207171
0.302673994445948 -6.1569884770069 -7.40024619780017 2.35891900307088 5.62014817852047 -3.56787481534397 19.9432147678006 6.13157256423027 5.57302884853662 0.158325577022432 3.15760738664204e-05 0.0314234629961146 0.809849435527586 0.244870874739662 0.899913931402316 0.38431198459548 0.114833832701077 0.450103265869718 0.737716173321721 0.776984595687865 0.846402842738871 0.328792248970312 43.1309432076542 3.632943 2.22575338331281 3.835375
1.13721164056069 -2.18492226688681 -9.08917046518332 -1.14864054763491 9.28933449678918 -0.246468912865217 19.8905978884546 5.35108539545571 5.16441672928791 0.443325181939304 5.79306096076552e-05 0.998114916033356 0.590109382147509 0.336257253900439 0.915825953063975 0.404829293358217 0.837850022208382 0.638400440620191 0.516896489319533 0.600944834067995 0.788601436147216 0.828758720164576 38.5629730271341 3.632943 2.26239127443263 3.835375
0.853410987156644 -9.19897654976788 -9.15786587391414 -1.27151440240903 2.45591464070921 -2.56492219378912 14.8172356983799 6.32170224651874 5.47254381527607 0.910920081486118 4.95757445454939e-05 0.453271618739698 0.347172098200961 0.578305490966692 0.76016967117633 0.718502975880084 0.209083968754466 0.0926729975030529 0.521229170949227 0.449355020872755 0.154424060955366 0.327916666319964 44.8323167522907 3.067582 2.39273013289642 3.835375
0.0653733706986691 -0.892961282379359 -9.38303084221246 0.211534644275391 18.9796927535737 -5.04512754794513 14.0023956544861 5.69992489823416 5.11999884125972 0.398426655051985 8.78816718261616e-05 0.783760876018997 0.190523632634209 0.191083744272866 0.460904716656903 0.661311363689431 0.799089109600584 0.698429778285905 0.376525197775885 0.507920861964611 0.852045531922287 0.963768063238668 45.6738592784595 3.632943 2.56101409953801 2.13684
0.591120327712574 -4.14279893159078 -9.16361777562312 -2.16860439292281 7.42740264717585 -6.99067300765734 11.7698862240028 5.86887835246314 5.40334535394795 0.710981348600925 2.15645226154049e-05 0.801957841807353 0.744354778179705 0.901157382215146 0.854550383207479 0.360389108639458 0.381633610391351 0.759533371272536 0.492237687113654 0.649367615174434 0.873588775132453 0.267941780134165 42.7990036071243 3.790957 2.26573031403018 2.13684
0.826867374889207 -5.86055981861817 -5.89443754174653 -2.22676937513529 14.3582097684794 -9.43103665944854 14.0704836411188 4.9158963934272 5.82761684860367 0.065313948806087 1.81850949148757e-05 0.809151925690917 0.996875845756496 0.784602963471401 0.984072618328464 0.138422420395916 0.871828194067267 0.685439240231414 0.420611708783354 0.456458238800842 0.0449688308948424 0.767314160998135 45.6298926867916 2.501469 2.53160315098617 0.1317636
0.408464374139829 -4.34726898291924 -6.68194175933474 2.50438263678428 9.90300359619415 -9.97139069375587 6.70431870976322 5.68787431625641 5.48355577084078 0.719194367049616 3.48785581162383e-05 0.0813243231882724 0.0126811139901796 0.889126039049963 0.480058967570786 0.48207441632948 0.389242241232232 0.599729386958627 0.175271281221704 0.958923550405531 0.697629337071101 0.647763112965544 44.3959561597245 3.105011 2.29166305112859 2.13684
