3.472266
2.190562
3.091867
2.243713
0.6324281
1.597565
1.163256
3.920006
2.599796
2.196104
1.158914
0.6986194
1.212781
3.490403
2.176052
0.810484
1.852738
0.4061275
0.7174757
0.8135708
0.5123915
0.765341
0.9532605
0.8413381
1.122018
2.03331
0.403756
1.536034
1.637547
3.140563
1.486853
2.430317
3.269627
7.907304
1.539032
1.058895
2.100542
5.857635
1.721439
3.558744
0.5237705
1.691234
1.785086
1.797071
0.5400356
3.373669
0.6003295
3.168295
1.786424
0.9933359
1.839204
0.8677552
0.3561554
5.315917
1.340904
2.05309
1.2487
0.6866275
5.321711
0.6300186
4.178198
1.284985
2.822607
0.5886039
3.943559
0.851768
1.102985
4.465805
1.341565
3.174453
3.197932
0.5306458
1.702889
1.405205
0.6529368
3.788214
1.534994
0.9987239
2.415208
1.019287
4.130719
2.254625
1.082297
3.793762
3.097097
1.531734
3.334902
3.582668
4.903451
2.794014
0.773733
1.992204
4.289624
0.4350146
1.293005
0.6980319
1.695782
1.068119
2.572653
7.536973
5.404227
0.7751641
0.7200515
4.010958
1.094741
0.9780693
6.270147
4.139144
0.9538114
3.030934
1.708496
0.4844657
1.930318
3.832853
1.655476
1.729876
1.913864
0.4748463
1.468245
2.142279
3.43257
1.732083
0.8812292
2.80586
1.868318
1.177972
1.0956
1.251845
1.600621
1.999342
2.046696
2.818924
0.5052432
1.148031
0.3916667
2.604465
1.400797
0.4327764
2.447754
1.587135
2.26798
1.174806
2.512009
0.4199918
1.674419
0.376905
0.5177469
2.475873
1.843142
7.14675
1.369263
3.919546
7.637516
0.7382375
8.262417
7.806018
6.529272
1.484004
3.589055
7.846829
0.5574186
1.111439
3.184263
7.59761
6.964346
0.9675982
1.070497
0.5467114
0.3795006
4.272378
1.370654
0.4755636
1.144422
3.301994
0.3452474
0.9757501
5.030517
1.202038
0.5254928
0.9876084
3.473703
0.8219351
3.5412
0.8225066
3.825263
3.640447
3.177809
0.6006218
7.281769
0.9301174
2.035403
4.373503
0.6759044
2.478622
3.209642
6.058954
0.8366472
4.114989
0.6916118
0.9566141
0.5278781
2.280233
0.3959756
3.998033
1.662211
1.752558
1.071295
3.628331
0.3725696
3.617593
5.977476
0.5397186
0.9721413
0.5613005
0.4259594
1.089935
1.001217
4.36753
3.920912
0.4477499
1.20399
0.8409405
0.3722078
3.084005
0.5437838
1.080967
0.4421231
1.476295
6.419604
1.130113
1.924501
5.29321
1.921509
6.765761
1.379445
1.930809
4.302739
2.306792
3.607759
2.508131
2.874322
2.202761
6.891016
7.143447
7.510137
2.493764
0.4127433
6.733845
1.128312
1.785877
1.542006
6.81037
2.077421
0.3552975
0.7160692
1.786048
3.349135
2.116947
1.865885
1.578325
1.403631
6.688899
0.7234189
0.487032
3.939131
2.42831
0.6265833
0.7349691
0.421096
1.312234
0.4227697
0.6411928
4.462138
0.3882598
2.321546
5.272082
1.825808
1.24075
6.245455
3.968029
0.520509
1.051078
0.779291
7.890341
2.530998
4.435617
0.8988205
1.381117
3.442316
1.366987
4.419718
1.790022
5.903504
0.5870162
5.493321
4.658816
2.953981
4.141444
3.568902
0.6308497
0.9919835
0.5317045
3.424416
4.938986
1.629287
1.440061
0.4784868
0.3864428
1.368587
3.559503
7.909831
5.75221
0.9460046
3.237134
2.089445
2.722014
1.375548
0.6894829
2.772322
4.719521
2.889937
1.465735
0.5900637
7.256961
3.96775
1.579661
0.9523863
7.276038
0.816031
1.680694
1.036395
2.748008
0.504421
1.838729
2.029568
2.085909
2.684492
2.637999
1.839174
0.8580416
0.6998768
1.380303
5.799161
1.082518
1.208851
0.3656991
2.345247
4.428473
3.722478
1.519968
0.3515928
5.670651
1.321174
2.866748
2.442094
2.331696
0.636685
0.9134083
1.772053
1.733665
1.114584
2.701053
0.6479784
3.458588
0.8360659
2.860564
0.501869
0.7998745
2.774174
1.889334
8.027243
6.923195
6.442585
1.721264
0.4919303
0.8827985
2.296161
1.847113
6.651397
0.3787015
1.239876
2.605257
2.542447
0.7869592
5.751505
2.876827
0.9842384
4.625439
4.551559
0.6019747
3.820286
7.766811
0.5346504
7.475871
6.739241
1.607451
0.4323775
3.835638
0.4025797
1.082403
0.7316924
0.9082736
0.8393344
7.646248
6.076481
4.45344
2.986954
3.402529
1.322952
3.25939
2.906718
2.276202
1.316684
0.8978811
0.8331467
2.567244
2.453841
2.406139
7.057761
1.009685
0.4898159
0.9017605
0.5708979
6.457373
2.486295
1.792637
1.204047
1.151028
6.768677
1.750943
4.606595
1.581512
7.628275
0.4470486
6.923613
5.122866
2.76093
1.267618
2.315855
4.861918
4.50338
0.5466191
0.9071473
0.4640097
0.8693939
1.190971
2.176851
1.997262
3.806789
1.904336
2.407864
7.346308
2.382936
1.064534
1.978315
4.315451
5.921039
4.01145
2.047715
2.246944
0.6171882
0.8511934
1.853266
0.9429989
0.6629834
0.3641994
3.614172
7.666876
1.299414
0.4517125
1.041852
0.4523483
1.326433
2.04992
1.063347
0.9211785
2.606489
2.659958
0.752613
2.057426
1.000216
2.922457
1.706004
2.828089
2.096214
0.9676968
0.5432746
6.328976
1.39419
3.057883
2.914606
2.148918
0.9111618
0.3589313
3.080186
0.6538927
0.4682842
0.840003
2.253028
0.5994243
3.905638
2.965337
0.9176684
3.155272
3.173292
1.241357
0.6990089
0.5962508
5.961087
0.9709519
0.6002276
1.91885
2.705787
2.079769
4.017275
0.73863
6.520274
3.990435
1.898224
1.240678
1.401089
1.246122
0.4817631
0.4584654
3.229871
0.4427808
2.085454
2.014148
0.3714045
1.967592
1.189859
0.9788372
1.385529
1.211184
0.42565
1.810732
0.8649273
6.687108
2.030572
5.176287
0.6199263
8.121439
1.486193
0.4713362
1.63266
8.253738
1.046285
1.16799
0.5607996
3.555408
5.355829
3.260231
0.3576358
4.743067
0.5867303
7.262287
0.8328574
3.096201
2.895143
1.968289
0.4472799
1.062699
3.451304
3.881805
3.460994
1.878776
1.912349
2.093114
1.699132
2.414245
0.7425098
3.484869
1.501251
1.398545
4.527157
1.374017
2.37077
0.9151526
3.340174
1.503172
0.9635389
0.6361105
2.223362
0.7626156
3.332888
0.668538
0.3923696
0.5100942
3.364786
1.455635
1.423842
2.628816
0.949785
6.683684
6.604346
2.110618
4.027267
0.7621886
2.859821
7.166998
7.946908
4.561283
6.548302
1.503058
0.7130124
4.141618
3.41137
2.650106
2.379121
2.456282
0.4035447
0.7632449
0.4382062
1.384538
0.3606684
1.542068
3.304393
1.026397
0.7727749
0.4554799
2.355721
2.434169
1.792322
2.482132
5.691155
1.239733
2.058811
1.745458
0.4770847
1.266328
1.079203
2.414648
7.217229
0.3603333
0.4735123
3.992416
1.311512
0.4892032
5.698838
8.119299
0.4055637
1.64688
3.247278
3.626599
3.532565
2.330807
2.924858
0.5378133
4.480435
1.067573
2.446415
1.642374
2.873165
2.125707
0.6647868
0.3819427
0.64162
1.608692
0.7177503
0.9783596
0.438855
0.6863878
0.9675687
1.465761
0.7246057
0.8073048
3.301828
0.495935
0.3535751
3.444074
1.082267
0.5098488
2.369183
2.371048
2.195502
4.774236
0.7463948
0.36517
1.896774
1.149519
4.659887
3.067618
2.337409
1.047524
0.6790587
3.990638
4.80967
2.030993
2.122828
1.87108
0.4666817
0.6483
2.193429
0.491087
0.4274859
2.541829
1.222417
1.349316
1.00708
0.4810925
0.6182091
1.563051
1.252855
0.9932151
0.4860571
2.918873
0.475898
3.390981
0.4600747
1.7353
0.5444253
1.291917
2.938241
0.4270428
3.014108
0.8015547
0.8607577
3.256667
0.5584234
3.954625
1.564308
2.973091
3.004804
1.81424
1.587443
0.4548715
1.246776
0.6589687
0.4524832
2.058666
2.962539
0.368182
2.762268
1.581305
0.6468931
4.758787
2.126701
1.092287
2.295066
1.114566
0.7254057
2.847036
3.393072
0.3526568
0.64452
2.172639
6.133062
3.572173
2.785896
0.4744676
1.441742
0.3939897
3.753717
3.642812
1.675667
1.551198
1.436849
0.6768581
1.09549
1.030673
1.50418
1.803566
0.8485577
1.37797
1.013447
1.357594
0.9468256
3.261875
1.520775
0.5990863
1.665251
4.083396
1.08437
0.4715247
0.3540216
0.9789793
1.153445
0.5587984
0.391203
1.075003
2.219426
0.3664329
2.496678
4.073732
1.916312
4.489699
1.695015
0.3532499
0.9606366
3.187726
1.255452
2.271213
2.010377
1.125229
2.37285
1.108632
0.374058
0.8434283
1.502293
0.4508459
2.389286
1.459809
2.958623
4.513453
2.07219
1.027572
1.721505
0.974879
0.5872746
0.5872063
0.82528
0.5655625
1.133135
1.284135
0.8512494
2.670172
1.39184
0.9357395
0.584782
1.865864
0.9471921
2.953938
2.216531
1.373384
0.7970756
5.890774
6.193955
0.6263432
1.06224
1.223779
2.139561
1.593835
0.3925339
0.3961852
3.854255
0.4797405
1.9758
3.937386
2.88679
1.9245
0.4517154
4.959829
1.750546
1.003167
1.396873
3.416104
2.520699
2.241232
1.066662
2.050362
7.883797
0.3641266
1.879894
2.341659
1.344336
4.098577
1.926313
1.672201
6.446685
0.3837563
3.117903
1.372749
0.5254073
2.421692
1.798505
3.968986
1.675523
1.431296
4.110227
6.986906
3.738414
2.608979
7.538548
3.643557
6.733213
3.943724
5.289386
1.19542
4.919176
0.8555658
1.728601
5.716992
6.26245
2.22191
3.531142
1.514898
2.815991
2.342619
2.663896
6.463382
1.917811
3.852495
3.856955
0.7695192
0.6497745
0.6620536
2.549964
4.601535
1.15426
2.805644
1.448337
2.832435
5.693116
2.7546
1.444932
0.3655262
2.629458
3.163023
0.8397846
2.39142
1.811302
1.000449
4.343226
7.348017
6.911725
5.567623
0.4962238
4.640579
0.8953384
3.390774
5.715258
3.291606
2.211913
3.724797
2.37636
4.540264
1.27959
1.703833
1.197177
2.038816
0.7065968
3.156554
2.704682
0.6744951
6.697057
6.617341
1.211701
0.8198992
1.335085
2.420888
4.856196
0.3498182
0.6262484
0.3556822
5.459117
0.7463568
0.623373
1.754294
6.467054
1.397859
1.155291
2.202512
6.394971
0.7703452
2.672108
5.443615
1.244053
6.97187
2.545048
0.7395497
6.184721
3.485055
6.163702
1.000598
4.356938
3.748166
6.324667
5.500918
3.052196
0.5599202
3.207738
5.727484
1.493077
1.417073
1.094612
1.007867
1.056452
1.944535
7.893427
7.742165
1.682938
2.527716
1.006954
5.115356
1.640967
7.955349
0.5598135
2.657474
2.833109
1.721152
1.786879
1.185155
3.672379
1.061786
0.6540261
1.208347
3.886437
0.3646147
1.520635
1.089904
1.553105
2.167335
0.4277981
1.639191
2.303513
2.129048
5.659086
0.6226392
0.6740313
0.6995735
0.5135429
0.5447318
0.3709984
2.180461
1.578209
2.430933
5.352492
0.9086507
1.105305
2.059633
2.603671
0.4208941
2.408565
3.31765
2.393237
0.5628017
2.719436
4.856595
1.170631
1.413301
7.958524
3.75286
1.500313
0.5992481
1.071591
3.513378
3.828933
1.813332
2.39456
1.590295
1.543343
1.050138
0.9984102
0.653129
4.937975
1.010178
6.01809
0.8171632
2.18049
0.3711565
5.357812
0.4291121
1.033177
0.9701218
5.556875
2.127321
1.21192
0.8230938
1.325974
0.3688037
2.122706
2.267812
0.5377731
1.007528
3.26326
2.067802
0.5264357
0.6143547
0.4590445
1.832946
2.711985
2.792021
1.88046
0.3478212
0.8273203
1.023928
0.3895069
1.956811
4.893749
3.020492
0.9587796
0.7460584
0.4137185
0.7547356
0.6644793
1.408331
0.5553267
4.192703
1.738697
1.745803
1.830122
3.6503
0.6808855
2.691917
5.710334
2.530986
1.494706
0.8913345
1.269839
0.6439911
3.913129
3.40512
1.042888
1.528538
3.69193
0.5113596
3.949664
0.7584162
2.986073
0.4541156
3.427905
0.3910976
2.026741
2.516504
1.227036
2.547778
1.686706
1.192179
0.7790096
1.784445
0.9580359
1.640465
4.944526
1.147238
6.418106
7.964266
1.855549
5.589281
2.486864
2.106437
5.859495
1.053729
6.381297
4.479539
1.094993
1.2585
6.72427
4.037298
2.50623
1.833462
1.569352
5.441581
2.079637
0.8056626
6.016636
4.304153
8.273848
1.934081
0.5695085
1.790074
0.9413077
0.5347529
3.185168
1.697229
1.247593
4.989119
0.4966015
1.137028
0.9695088
4.277158
1.308554
1.072894
1.920296
3.175672
0.845256
3.050339
1.453127
0.3622168
2.088213
1.088645
2.25541
0.730385
0.3498649
0.5551645
2.496981
1.751589
0.4274301
3.035492
1.336431
1.300341
2.499708
2.58889
7.841905
3.613662
1.483336
0.7278309
0.4850608
0.9430558
0.6111971
0.6219916
1.794789
0.4542543
3.504724
2.558212
0.9733373
0.7960104
0.647971
1.573788
0.4087765
0.7885326
1.827406
6.576017
4.680055
1.07238
1.363348
0.3454651
0.6284769
2.074703
1.699899
0.9254842
4.260366
2.178899
1.584728
0.7365611
0.7475998
1.838272
4.062268
0.6198421
1.302054
4.039212
0.7980568
2.657791
0.5953087
0.6353775
5.842012
0.5508296
8.206379
7.45732
1.947227
0.8204939
5.999349
1.843212
3.159599
1.128302
4.78624
0.5357718
1.852265
0.6321948
0.892913
3.058208
2.570645
0.604104
1.250131
1.583224
0.476752
2.515891
0.8140439
1.141011
0.5595133
2.747417
1.427196
0.9324208
1.037049
0.7354551
1.119739
1.465273
0.742653
1.348034
0.4300302
0.8196797
4.575997
3.141735
0.9643346
2.684123
2.555248
2.712518
4.648906
1.783963
1.567819
1.050883
0.6873079
5.404797
0.9932907
0.9315593
7.241371
1.587425
5.489698
0.707898
3.359038
0.6510772
1.276003
6.595569
5.24332
1.82155
5.912982
5.813907
0.7603618
5.119424
1.897793
3.534264
7.033736
6.523907
1.116598
0.4921432
4.613181
0.5644326
1.177486
2.789823
6.149
7.855065
1.737729
6.228578
0.8030754
3.802843
1.180632
6.207147
2.694816
3.931829
2.579702
3.736889
0.6284479
5.974851
2.011844
4.795786
2.766374
2.00633
7.743903
5.140868
3.009289
3.987005
6.455253
1.655444
0.7903916
4.171585
0.4649085
4.033463
3.231157
2.560894
1.247041
3.312268
1.915336
1.712687
1.70307
5.19468
0.3620432
4.772246
0.7164551
0.8650046
0.4297113
0.3925955
1.290752
0.6630137
0.8384912
0.3799484
1.234759
0.9201096
1.659026
0.985621
0.835634
0.4850197
0.6549054
2.181853
0.6047937
1.109188
0.640145
1.830836
1.134273
5.484771
1.971159
1.051433
0.4643115
1.170932
0.6343987
2.330577
2.396226
3.430819
1.959649
0.7910187
1.59286
2.070363
3.915536
0.8679258
1.977606
3.493545
2.598948
4.158371
2.942758
4.517028
0.8353238
4.779913
3.255877
2.768607
3.535944
1.319111
1.370971
3.165812
0.6782381
1.357938
1.464117
2.302812
1.93256
0.9441321
0.4167789
0.5071192
0.3521408
2.971993
1.742338
1.068685
1.326309
1.364403
0.4995261
1.606559
3.638835
3.93321
3.981941
0.6869333
1.638477
0.6954413
0.4318284
1.80312
0.3767108
0.4159525
3.145012
6.912644
0.5134003
0.9775765
5.353915
2.204984
2.807628
1.464513
7.318797
0.8738255
7.121028
1.773086
2.298418
2.209785
7.413757
1.310006
4.857895
3.454975
3.050222
1.7473
1.785157
2.611313
6.415217
2.450408
5.631194
6.047871
2.965293
1.641075
1.271175
1.113843
5.880399
1.289531
2.367823
3.715749
3.570058
2.366197
1.376913
4.618063
0.5534028
1.447599
0.8838787
0.5434778
1.06814
3.429912
0.4533314
0.9611518
4.468571
0.7577905
4.432807
2.326581
0.5927439
1.053395
5.591794
0.9810918
6.064218
2.348035
1.922637
1.187881
1.537916
0.9341504
5.558404
1.536336
0.7722483
0.9554883
1.52806
1.324728
1.214054
1.901926
0.4550975
0.4222851
2.39853
3.05119
2.964327
0.795864
2.709418
1.400662
2.680806
1.881992
1.191701
0.7000996
7.136458
3.020774
3.540717
7.017801
0.3696687
1.227462
1.870597
0.4899582
1.169474
4.01887
3.438058
1.81734
2.649593
1.965752
0.6590934
0.4363089
0.3702215
3.923272
1.0123
2.300846
0.996803
1.010131
2.208828
7.246188
1.507283
3.952798
1.252327
1.322565
1.878105
0.6063344
0.6505384
1.755277
1.240644
6.465249
0.8370307
4.776129
0.4629217
1.197852
0.4047224
1.277714
1.66784
0.804726
6.065077
0.5332499
1.787436
2.168994
0.38529
5.066059
0.6746192
3.373555
3.377306
0.8488805
0.8828318
0.4782925
6.827777
3.055637
5.972702
3.073332
0.6935211
0.7863969
6.958718
0.6301152
6.992007
1.362382
0.8179136
1.447637
3.252306
4.94991
7.20469
5.340804
2.224531
4.694448
4.861535
6.833899
1.415654
4.194417
1.006038
2.961899
1.425974
1.22588
0.4909306
0.4006449
2.491174
0.4591771
6.650205
0.3752744
4.611469
1.352148
1.565681
1.925975
3.982201
0.9597333
2.347145
0.3455859
1.185697
0.6074126
3.886607
8.072835
0.9429562
2.645102
6.259372
2.818928
2.223932
2.331051
3.171613
1.902954
0.3559903
3.92049
1.424738
0.5194292
1.278082
4.23943
5.790028
6.125107
1.930666
0.7659036
0.3725038
0.6234239
7.035835
1.031198
0.7650464
3.752637
5.066314
1.272623
1.505198
0.6467902
0.6119044
0.5571828
0.784074
1.42343
0.4613677
1.985326
1.696631
6.871547
0.9306045
2.40616
1.05842
1.095107
0.7000619
1.262449
0.483445
1.626461
0.5156331
0.5193152
2.308381
1.263576
2.702937
0.9120727
6.116887
1.144291
1.344178
1.437344
0.6154042
1.309863
2.158441
5.989675
2.46854
0.8597374
3.895725
0.7241787
4.507472
3.817388
0.7003092
3.7129
2.16527
2.789685
1.917335
3.201787
2.894328
4.932883
4.5398
1.337909
1.280977
0.5043394
1.468849
1.325394
1.660081
4.080825
1.203062
1.105018
1.479611
5.274169
0.5114965
0.7899315
3.393317
3.462911
1.62304
1.554494
3.451334
7.292465
1.256112
3.388527
1.972351
0.7463024
2.508673
1.09555
2.204152
1.951697
1.784041
1.653271
4.753177
1.103435
0.7135736
5.189378
1.159902
3.548567
3.20304
3.025783
0.8803768
0.7460958
0.5020642
1.117014
0.9188292
0.3541793
1.169123
0.5728064
2.078359
2.53522
1.353001
0.8146144
4.345101
0.5392211
1.255776
6.79052
5.340473
3.088247
