0.4800519
2.204387
2.105977
1.71962
0.4994238
0.7010085
1.916893
0.4100705
1.717745
2.302415
1.853345
1.247597
0.465592
1.03554
1.000526
1.40338
0.5891794
3.488025
3.888817
0.5005259
0.2994807
0.3952741
1.01199
0.4555087
1.554986
0.6511873
0.8991639
0.3543583
0.3341128
1.66306
0.8407571
0.3533983
0.5258432
0.5958339
0.5708417
0.5773898
1.101821
0.598019
0.6552127
1.442537
0.290998
1.042572
0.4957905
0.4309093
1.591133
0.7729795
0.511862
0.6475282
1.19958
0.3361544
0.7763931
0.5133852
0.490401
0.3934996
0.6706856
0.3358125
0.8284601
0.6196576
0.4411959
1.798832
0.8643643
1.027982
0.452192
1.194582
0.5147617
1.624006
1.209566
0.693782
0.488735
0.668875
0.7148139
0.4789024
0.5151141
0.6257357
0.4510308
0.7373356
0.4685808
0.8216263
1.669469
1.328368
0.4643805
0.7581587
1.006374
1.413873
0.4636246
1.088648
0.5487445
0.2889717
0.5739986
1.505371
0.6025711
1.643894
0.5064633
0.7648212
0.4564863
0.74829
1.840138
0.9195092
0.7855372
0.7556582
0.7303347
0.4201187
0.5506944
1.014242
0.5630758
0.7200527
0.733031
0.5170967
0.9663786
0.5489195
0.9679136
0.5685406
0.4326623
0.4370233
0.4963329
0.9101626
0.5735332
1.371183
1.477792
1.236358
0.657819
0.5544218
1.388995
0.5849494
2.018358
0.988808
0.3652542
2.252832
0.6386485
0.4211318
2.955822
0.3573431
0.3967053
1.274623
1.928821
1.323769
1.874692
0.830215
0.8478489
0.4310585
0.8698754
0.8014783
1.183876
0.7384076
0.6280916
0.7372167
0.6209193
1.704053
0.8706835
0.4422664
0.8051617
1.102783
1.033493
0.9482711
0.3218296
0.4646001
1.877402
0.7058951
1.2811
3.275533
0.4420228
0.6947485
0.3053116
3.346754
0.5757628
1.386185
0.7190599
3.878836
1.019853
0.5200053
1.310969
0.5237369
0.6692394
1.745749
1.801609
1.602213
0.5448491
2.249834
0.4672049
0.968843
1.39678
1.272139
1.31215
1.692239
0.5534066
0.7201701
1.028237
1.047737
0.5323324
0.7998294
0.5498011
1.36441
0.7284593
0.7496192
0.4929422
1.902377
1.341746
0.9673814
2.626075
1.016697
0.7043543
1.138311
1.871627
1.426369
0.6093317
0.8331016
0.4668068
0.7951969
1.19182
0.4187689
0.5391253
0.4727228
0.9152206
1.540203
0.371601
1.078844
1.228292
1.876872
0.510623
1.283864
0.8689725
2.066058
1.902591
2.096173
1.039128
1.145108
0.4814791
0.6579631
0.5411561
1.240614
0.7303252
0.4076871
1.290512
0.4583233
0.3333117
0.4058656
0.5842279
0.5792134
1.166782
1.130402
1.138388
1.132735
0.5871164
0.4375827
0.6388771
0.5915657
0.777613
0.8791871
0.4429733
1.833178
1.410718
0.4756397
0.4597931
0.4380838
1.828172
0.4662311
0.4380572
0.2997879
0.5500702
3.521743
2.347864
0.6870418
0.7535436
0.6279837
1.496479
0.8696621
0.5908062
0.6668609
0.9457102
1.13007
0.6040675
2.152177
0.4102588
0.9640289
1.238736
0.4633983
0.4325833
1.275972
0.8190081
1.118018
0.4340666
0.6197173
0.9644488
0.4005936
0.7607854
0.7972139
2.11662
1.560966
0.7565735
0.3910423
1.186468
1.285478
2.720683
3.32796
0.5685358
0.6209196
0.4307164
1.943473
1.051459
0.3992817
0.7408422
3.149848
0.5141074
0.6864516
0.8947331
0.33213
3.425505
1.715609
3.456236
0.9786517
0.6281085
0.3912674
0.345855
0.416795
1.62983
0.3989628
0.3598157
0.5689215
0.7017499
0.4928326
2.303786
1.055006
0.3908001
0.9177208
0.6866257
0.4557718
0.4569617
0.5197406
1.194769
1.126725
0.3513068
0.9194703
1.399694
1.061585
0.7026504
1.034027
0.8856836
0.3382692
0.7606101
0.3007235
1.657706
0.4572252
0.6534332
0.3063381
0.831938
0.4172898
0.7062856
0.272027
2.097777
0.5622021
1.797152
0.3164145
0.9060183
0.9535204
3.199048
0.5880958
0.8784859
2.286907
0.7047843
3.04992
1.914899
2.155467
0.9174445
1.233094
1.649678
1.399647
0.3811253
1.063617
1.465082
1.316541
0.862361
1.711744
2.345794
0.9766941
0.4741944
0.9773653
1.224532
1.03254
0.965183
0.4741484
1.181387
1.817679
0.5624425
0.9314388
1.29735
1.106468
0.7264724
1.172344
0.3531023
1.078371
1.006131
1.207886
1.015565
0.7137653
0.7434782
0.6492532
0.6210971
2.003525
1.427877
0.48483
0.6252836
0.6546014
0.5803846
1.177044
0.7049638
0.4712004
0.6105948
0.6860839
1.315314
0.6938789
0.4080762
1.87988
1.768795
1.142664
0.2213709
1.665586
2.212651
0.8687798
1.362013
0.9322334
0.7852614
1.440471
1.176387
0.6771278
1.330081
0.6504013
0.6756105
0.3807789
0.5043712
0.7206543
0.946935
0.4002667
0.8485817
0.4445625
1.710447
0.4826003
0.4329979
0.7314558
0.573567
0.5523412
0.5056804
2.01006
0.285632
1.254444
0.7401765
0.6732846
0.6283409
0.6254932
0.9609539
0.5754894
0.4283913
1.614629
0.6840837
0.5761921
1.224124
0.5707945
1.624384
1.394304
0.5661419
0.8668136
0.8687487
1.643289
0.8338652
1.084241
0.3126323
0.5943486
0.525111
0.9102584
0.9744289
1.724405
1.305531
1.450539
0.6053324
1.113101
0.4772348
1.093877
2.139044
0.9756514
0.6190785
0.6934919
2.408898
0.5111166
1.433944
1.258578
1.271875
1.380441
0.506872
0.5401788
1.897995
0.417522
0.4566027
1.687662
0.7846204
0.9418384
0.4867576
0.7029299
2.018706
1.248943
2.613364
2.254846
1.061666
0.3565682
0.3412074
0.4611877
0.2737207
0.8484431
0.8273372
2.172883
0.2743513
0.4003161
0.4783836
1.19641
0.9195074
0.3709203
0.6943882
0.5425224
0.3209782
1.52137
2.099818
0.5227218
0.7829824
0.444632
0.6267988
0.4304166
0.8789387
1.918542
0.3789975
1.366185
0.4673256
0.4411845
2.743376
1.120501
0.4954912
1.894057
0.6798947
0.6838131
2.153493
1.101388
1.466206
0.8751617
2.215778
0.8622564
2.226537
1.419652
1.043653
0.3974368
0.4787598
2.147234
1.172819
0.4806328
1.489357
1.586433
1.21397
0.6634716
0.9290572
0.4994062
3.50046
0.9227346
2.61367
0.7786424
1.154812
0.4822839
1.17173
0.9391299
0.8904093
0.7263329
2.48673
0.9628502
0.4577567
0.5601368
1.174374
2.190725
1.789812
0.4905929
0.4740536
2.100488
1.430425
1.341109
3.349883
1.301833
2.019107
1.268945
3.103716
0.4744193
1.195181
1.219563
2.223827
1.280594
2.183334
1.927703
0.4453214
0.681976
0.8641071
0.5856066
0.7163249
1.795747
3.583413
0.6710601
1.306353
0.4309876
0.2833148
0.4027051
0.3187002
0.4341666
0.5049737
1.33414
1.437388
0.7667644
1.966044
0.7193193
1.404411
0.868015
1.360811
0.8523285
0.9644791
1.178003
0.4772089
1.368001
1.610197
2.526662
0.7437883
0.3147908
0.5381431
0.4467038
0.3872032
1.426818
0.6060308
0.4325417
0.8503103
0.2759261
1.985097
0.3396942
0.3099105
2.483957
0.5907329
1.769713
0.8530747
1.378716
0.4200052
0.7874587
1.834049
0.4848882
0.3656479
1.281177
0.4225087
3.172352
0.4264937
1.110064
0.8847367
0.9231034
1.497529
2.58001
0.7003068
1.637526
0.9007442
1.019777
0.4457467
0.4078793
0.6885564
0.9864525
1.152811
1.104013
0.5073619
0.7738093
0.5738881
0.6770168
0.3319436
1.054207
1.812998
0.5201466
0.6223738
1.006454
0.2813141
0.3182819
0.5891586
0.7397406
0.8367775
0.6850122
1.447612
1.375011
0.4257945
1.547217
0.7759597
0.9545392
0.9755405
1.457719
0.5937145
0.6050931
0.8873201
1.264882
1.010544
0.722001
0.5727099
1.367688
1.722239
0.5835598
1.107587
0.881765
0.6378026
1.189693
1.176599
3.766652
0.9040809
0.9651788
1.664984
1.123291
1.262731
0.5576929
2.795542
1.530444
1.387328
1.263069
0.6069137
1.122011
0.8304884
0.5227779
0.4907288
0.8009137
0.3773598
0.498644
1.029422
0.8890243
1.140145
1.040871
0.4506625
1.491608
0.9315925
1.726544
0.2901896
0.3873967
0.6845653
0.6100906
0.5307593
0.7888027
2.319404
0.3285689
0.4974902
0.7255323
0.644597
2.063889
0.6323555
0.3366782
0.5431521
2.398362
0.5588484
0.9367207
0.3629367
0.4145132
0.5652435
2.030464
1.021776
0.4208007
1.282296
1.162391
1.238194
1.265242
2.194148
2.316972
0.7470079
1.822034
0.8312533
2.39539
1.053121
1.570642
2.292047
1.018288
1.392927
1.684631
0.7471271
0.7032827
1.107585
0.6208812
1.658006
1.721919
1.852421
0.4300001
0.4168615
1.805301
2.997849
0.9965215
0.4484053
2.367957
0.3650566
0.2776949
0.4398475
0.8936144
0.3151817
0.4731789
0.9306359
1.084973
0.706522
0.5734229
1.056272
0.5088438
0.6932793
1.028601
1.957799
2.885925
0.3540581
2.697898
0.6346301
0.8008526
0.3548979
1.427647
0.7388987
2.502551
0.5232755
0.6674521
0.3458618
1.293715
1.251457
1.250109
0.7462004
0.2980493
2.60998
0.4432826
0.9371339
1.654495
1.428683
1.129371
2.246603
0.9465117
2.770375
0.6257768
0.5004949
1.249031
0.5135992
3.098312
0.8828131
0.6132916
0.3617785
3.537171
0.5395885
0.6926566
1.21848
0.4457464
0.807525
1.434164
0.5392657
1.101549
0.6923415
1.027186
0.487551
0.5342948
0.6832117
2.226092
1.036786
1.148002
0.8299449
0.6309075
1.514478
0.6377004
0.657555
0.6423024
2.760752
0.8650775
0.7446097
0.7871359
1.973642
0.4112319
0.8953186
0.3358075
3.862353
0.9564342
1.096062
0.6445501
0.7683149
3.086176
0.3960773
0.5595927
0.4625345
0.8996871
1.215224
1.379379
0.9577785
0.7482518
0.9458046
0.353249
0.5303055
1.610063
0.446908
0.4664718
0.3388138
1.956458
1.001694
0.4494768
0.5855471
0.7989412
1.169147
0.5986711
1.025405
0.6123605
1.200927
0.7030653
0.9045501
0.8528774
2.366901
2.604292
1.288114
0.8775629
0.4134977
0.3333721
0.3522183
0.2358487
0.5325119
2.796267
0.230079
2.870683
1.67863
0.3506743
0.604717
0.5483734
1.31385
0.4123964
1.429786
1.859525
0.3955008
1.413616
0.869779
0.5193938
0.7386768
2.997515
1.942248
0.5335855
0.6371124
2.648422
0.6556973
0.9553657
0.4279474
0.7818586
0.971048
0.5885726
0.276958
1.147206
0.5974395
0.9605261
0.1934396
0.5707815
1.802113
0.4703294
1.160859
1.159901
0.5401967
2.889433
0.388512
0.3336068
1.422716
1.606908
0.4629152
2.41187
0.658446
0.9347038
0.9292579
0.5659852
0.575835
1.569364
3.348702
0.7126054
0.3011474
0.8876961
2.78077
1.16139
1.592428
0.5087551
1.787531
2.026873
0.9400833
0.768835
3.359229
1.634521
0.5886189
0.5820994
0.4433212
0.9321603
0.6532052
0.5302781
2.242914
0.5391952
0.3627243
0.6440175
0.5949155
1.614999
0.5855475
0.8867312
0.910573
0.7899667
0.8677407
1.482419
0.335905
0.3271432
0.3821403
0.7600688
0.3491962
1.322056
0.7729092
0.7366981
0.4706956
2.401358
0.8968684
0.4512451
0.453944
1.293479
2.559951
3.248406
0.6351503
0.4311115
0.4162186
1.448786
1.259482
1.481959
0.8391266
1.353809
0.5547572
0.3633232
1.964656
1.079044
0.7737995
0.5898258
0.3476447
0.589963
3.550028
0.3421527
1.875613
0.5632971
0.7129001
0.8650464
0.7029644
0.8693052
0.4307604
2.109294
1.035015
0.3091797
1.66843
0.4045007
2.121551
0.5235468
0.7830519
1.583884
0.4317084
0.3944228
0.4468191
1.029093
1.334241
0.4421219
0.3654615
1.006745
0.4398424
1.003886
1.167593
0.469701
0.680095
1.147676
1.339846
0.6909793
0.6835837
1.595002
0.923607
0.4466663
0.4385305
0.9076233
0.5056919
0.5789415
0.546115
0.6103697
1.106378
0.444767
0.7822858
1.783297
0.385343
0.379064
1.007247
0.8647624
0.7381745
0.4686347
0.6024967
1.231244
1.842193
1.013842
1.379861
0.6574966
0.5269189
0.6781029
2.796558
1.224895
1.416256
0.3518428
2.288126
0.7886458
0.5368601
0.4563923
0.7659967
0.8270793
0.7813663
0.4798557
0.671337
3.323116
0.3176773
0.5805186
0.2596547
0.7621728
0.4989467
0.2097687
1.499668
1.08544
0.885601
1.022157
1.143269
0.6093904
1.012443
0.9829944
2.739275
2.54629
1.135186
1.408293
0.4081828
0.3078026
0.9474361
0.8541759
0.6825848
0.3505182
1.316293
0.4957733
0.7458933
0.5771796
0.3333027
0.6768826
0.4273716
1.963136
1.192576
1.616557
0.7418374
0.5708863
0.4073294
1.150821
2.020058
0.706559
0.4916131
0.3992917
1.012271
0.4480435
1.154503
0.3008368
0.3671061
0.5967234
0.3882601
0.2831422
1.242132
1.181843
1.173229
0.8460405
0.5084896
1.715502
0.5240994
0.3134334
3.664213
0.5511264
0.3522509
1.181121
0.5274446
0.3386791
1.966582
0.4466954
0.4897301
0.5114044
0.7370326
0.7779951
0.3923981
0.7792628
0.4089988
0.343723
1.835451
0.288169
0.520747
0.864415
0.3702682
1.638253
0.532711
1.14707
0.6419436
0.3780832
0.4939669
0.8439857
1.661034
1.253352
0.6854007
0.7764247
1.973174
2.53568
1.412526
0.4397915
1.137597
0.8549043
0.4556292
0.7119841
2.047035
0.4588757
0.5161441
0.3347438
2.876045
0.5622895
0.9345226
0.3725553
0.3723089
0.6048081
0.3079853
1.540281
2.496302
1.344234
1.212288
0.501366
0.3487716
0.9762577
0.7434481
2.900667
1.003515
0.5213316
0.7940465
1.132303
0.6255631
0.7189852
1.00178
0.6236452
0.8640044
0.6855372
0.833479
1.437316
0.8271599
0.9722767
0.4929831
0.3995799
1.601417
0.6400779
0.4691742
0.4708336
0.7330074
1.116768
0.6003064
0.9814588
0.7794762
0.5135302
0.3203048
0.4197514
0.3329679
0.5650881
0.3379079
0.5063538
0.6546089
0.82829
0.3305198
0.5183537
0.4327931
0.6714556
1.982136
0.4607657
1.187785
0.5157039
0.7039124
0.5442933
1.183632
0.7028766
0.5025696
1.5795
0.5232179
0.2681656
0.5216208
0.7905893
0.547097
0.7331625
0.9291152
0.9030982
0.5683955
1.170358
0.730762
0.3356719
0.8296926
1.227886
0.8086053
1.14906
0.7157283
0.5920901
1.426217
1.297535
0.5239201
0.6600346
0.3792106
0.5708052
3.050178
0.4718887
0.4524534
1.632675
1.172153
0.8280478
1.798567
0.3706603
2.018196
0.9529877
0.7177781
1.365568
1.592363
0.4324947
0.4471246
0.9216119
2.158735
1.507461
1.627116
0.3261543
3.241956
1.055017
0.5384969
0.5794773
2.984389
1.086885
1.150383
1.866363
0.5020937
1.177287
0.8384861
0.3757212
1.653326
0.4159886
0.7843989
0.8853772
1.095424
0.5117793
1.183278
0.4501769
1.441491
0.4106482
0.3502768
0.4992497
0.8618307
0.658872
1.403909
0.4114168
0.4759418
0.8662539
0.9117634
1.309743
1.669507
0.456067
0.7279321
0.6094603
0.3919407
0.9391273
0.3750824
0.6616069
0.7084167
0.7042453
2.081057
1.295471
0.5196961
0.6928548
0.8121889
2.421402
0.7284558
2.86372
1.041595
0.965411
1.965871
1.335584
2.501473
0.6914398
0.9247036
0.6454303
1.123946
1.094527
0.7023296
0.70514
2.094757
2.052408
1.435855
0.9827416
2.508273
2.06908
0.6581859
1.625433
1.05583
1.885435
1.43689
0.7817754
1.756973
0.6377995
0.4298231
0.3598179
0.4267372
2.447615
0.2835703
2.100234
0.9502346
0.6600101
0.6584045
1.23684
0.8774798
1.445268
0.3897013
2.287351
2.919284
1.969462
2.165344
0.4086531
0.4219587
0.667224
0.5900947
0.5882905
0.4476921
1.034533
0.8975152
0.2880385
0.7260053
0.5627357
1.779534
0.6282497
0.4082638
0.4168843
0.5998191
2.002939
0.4139528
1.309233
0.284999
0.4363401
0.4362457
1.770425
0.3711207
1.301727
0.522573
0.4214139
1.472393
0.3948271
3.299599
0.7760666
0.7547714
0.5928602
1.379345
1.237602
1.0659
1.195203
1.00034
1.599007
0.5344015
0.8738482
1.255825
1.019659
2.030089
1.455008
0.919448
0.9791058
0.4464348
1.616047
0.9821446
1.066641
1.419405
2.07988
2.933202
1.557155
0.3946803
0.9575896
0.5301402
0.5639985
1.17368
0.6244887
1.092472
0.5131182
2.484735
1.564233
1.439658
0.4261768
0.8088231
0.4031563
1.848014
0.4755486
0.5057142
1.278109
0.5583435
1.102886
1.494796
1.664664
0.7022443
1.691646
0.3848396
2.236585
1.613529
0.7492115
1.526278
0.8237135
0.7614276
1.62487
2.798422
0.8602462
0.7036215
0.5362408
0.4987701
3.735666
0.5059952
0.4844807
0.3711148
1.200483
3.327256
3.401916
1.205889
0.281785
1.350753
0.809352
0.9280163
2.54275
0.5425726
1.331729
2.636764
2.52441
3.29141
2.567734
0.6487484
0.7155936
0.543497
0.6372308
1.486602
0.4432174
0.7674522
0.7314996
1.526699
1.824794
1.100512
0.3521397
0.418464
3.06752
1.586633
0.6183133
1.003618
0.8721361
2.275281
0.4050486
0.5930459
1.562149
2.364423
0.4263212
0.4761962
0.6710221
0.8759276
0.4104808
1.388031
0.4975494
0.6603689
0.7976343
1.316678
0.3293459
1.110296
1.328223
0.8472665
0.9571869
1.073006
0.669762
0.3053795
1.65003
0.5093297
3.504175
0.3911824
0.526316
0.5134396
1.365695
0.3166725
0.9566145
0.7662687
0.9052971
0.584334
0.4561783
1.152494
1.81481
3.036432
1.377987
0.5798552
1.063347
0.452225
0.5695989
1.841338
0.5835738
0.4090963
2.609078
1.462289
0.2932467
0.8127985
1.345329
1.59083
0.7084607
0.6608556
0.4682597
0.5264119
0.437443
1.681419
1.077931
0.8528161
1.219152
1.820587
0.4175405
0.9680479
0.4491033
0.6424207
0.4336891
0.436442
0.8028624
0.4262631
0.634673
0.4856361
0.87126
2.426654
1.012972
1.40427
0.4640693
0.4057642
0.8353495
1.463824
2.637174
2.921779
0.8698238
1.013443
1.56496
1.808993
2.669473
1.159648
0.4986121
0.6739631
1.685436
3.403737
0.6452596
1.958827
0.7290944
1.723626
1.179626
1.175596
1.310287
1.406216
0.8052584
1.729259
1.073439
0.9182224
0.7860289
1.257775
1.125773
0.8491625
1.066674
1.872995
0.6203412
0.4649432
1.404523
1.84247
1.551854
0.5201277
1.533526
1.156294
1.409095
0.6898228
0.4778216
1.489337
0.7912909
0.7649331
1.079138
1.648528
0.6686367
0.8437541
1.180231
0.3971914
0.6625249
0.4771112
2.326038
0.3424409
1.345016
1.548075
1.848578
0.5714814
0.4360081
1.252894
0.8404764
0.4915983
0.7662897
1.237978
1.186747
1.149095
0.39944
3.029402
2.059923
0.6892269
0.629308
0.3901379
0.602976
0.8779006
0.5955503
0.407913
0.8924097
1.809028
0.3376074
1.2197
0.3726296
3.038655
0.5188637
2.199529
0.8938283
0.9346908
1.374372
0.6116043
0.8514557
1.282888
0.5263943
0.7329365
2.05326
0.4428043
0.8006488
1.558954
1.041014
1.877123
0.4675321
0.7549112
0.5691741
0.3541022
2.164483
0.6952939
1.269137
3.381627
0.2828236
1.119943
0.394928
