0 0 0 0 0
0 0 0 0 0
0 0 0 0 0
0 0 0 0 0
0 0 0 3 0
0 0 0 0 0
0 0 0 0 0
0 0 0 0 0
0 0 0 0 0
0 0 0 0 0
0 0 0 0 0
0 0 0 0 2.5
0 0 0 0 0
0 0 0 0 0
0 0 0 2.666667 0
0 0 0 0 0
0 0 0 0 0
0 0 0 0 0
0 0 0 0 0
0 0 0 0 0
4.234215 4.017083 4.301781 4.371466 2.909622
4.722086 4.016535 3.29411 3.713019 4.137023
4.018608 3.736478 4.294252 4.222533 3.110256
4.168735 4.719366 3.910618 4.227557 3.782784
4.36613 4.524169 3.385634 4.220452 3.579945
3.352906 3.323166 3.343345 3.343092 3.14471
3.540723 3.828708 3.357989 3.829083 3.72846
3.425922 3.668878 3.780156 4.008129 3.821048
3.694276 3.695085 3.428049 3.546139 3.455333
3.277341 3.578913 3.805208 3.538434 3.461153
0 0 0 0 0
0 0 0 0 0
0 0 0 0 0
0 0 0 0 0
0 0 0 0 0
0 2.785714 0 0 2.873958
2.636364 0 2.25 0 0
2.827586 2.602941 0 3.153197 0
0 2.325052 0 2.79471 0
0 2.666667 2.833333 2.554318 0
0 0 0 0 0
2.833333 3.066667 3.5 0 2.791667
3.083333 4.166667 3.666667 0 2.833333
0 0 0 0 2.75
3.708333 3.066667 0 0 0
3.547778 4.01 2.708333 3.28 3.666667
4.069004 5.125 4.933333 4.015238 4.15619
3.942857 3.358333 4.011919 4.7 3.493333
2.966667 3.561905 3.37381 3.738889 3.895238
3.966667 4.346667 4.208889 4.336667 3.244214
0 0 0 0 0
0 0 0 0 0
0 0 0 0 0
0 0 0 0 0
0 0 0 0 0
0 0 0 0 0
0 0 0 0 0
0 0 0 0 0
0 0 0 0 0
0 0 0 0 0
4 3.5 3.916667 4 4.346667
3.931111 2.666667 3.5 3.613333 3.833333
5 3.957576 2.966667 3.25 4.066667
3 3.583333 4 4.2 5.1
3.989963 4.7 0 5 4.46
4 2.4125 3.666667 0 4
2.466667 0 2.666667 3.4 3.493333
0 2.975 0 2.8 0
0 0 0 2.666667 2.591941
3.25 2.916667 0 0 0
2.722222 0 2.733333 0 3.234444
2.461742 4.482353 2.255051 0 2.583333
3.2 3.761905 2.506948 2.634921 2.5
2.5 3 0 2.166667 3.943869
0 3.375758 4.626266 3 4.322222
0 0 0 0 0
0 0 0 0 0
0 0 0 0 0
0 0 0 0 0
0 0 0 0 0
2.844226 0 3.59329 0 3.15
0 4.601476 2.458929 0 4.310918
3.093333 0 2.388889 2.741667 3
2.577778 3.183333 0 2.666667 3
0 3.583657 2.7 2.666667 2.666667
2.833333 4 3.779048 4.833333 2.666667
3.301587 3.333333 4.066667 3.166667 4
3.25 4.4 3.6 4.326667 3.333333
3 3.666667 4.133333 3.916667 4.333333
3.666667 3.083333 3.333333 5.083333 3.866667
0 0 0 0 0
0 0 0 0 0
0 0 0 0 0
0 0 0 0 0
0 0 0 0 0
0 2.222222 2.61039 2.392857 0
0 0 2.060606 0 0
0 0 0 0 0
0 0 0 2.5 3
0 0 2.333333 0 0
4.401422 5.238512 4.55421 6.400025 4.133333
6.134222 5.031905 4.528006 3.129879 4.763636
3.4 4.64615 5.840202 3.678095 4.533152
3.947619 6.191756 4.295238 5.495371 3.373333
4.227117 5.273254 3.666667 4.39798 6.30748
2.58956 0 0 0 3.076072
0 0 0 0 0
2.237288 0 0 0 0
0 0 0 0 0
0 0 0 0 0
0 0 0 0 0
0 0 0 0 0
0 0 0 0 0
0 0 0 0 0
0 0 0 0 0
3.951688 2.810476 3.166667 0 0
2.380952 3.083333 2.666667 3.25 3.066667
2.688095 0 3.133333 3.050476 0
2.666667 0 4.130952 4 2.371111
2.8 5.136953 3.142857 2.599621 3
0 3 3 3 0
3 3 0 3 0
0 3.5 0 0 3
3 3 3 3 3
3 3.2 0 0 3
0 0 0 0 0
0 0 0 0 0
0 0 0 0 0
0 0 0 0 0
0 0 0 0 0
0 0 0 0 0
0 0 0 0 0
0 0 0 0 0
0 0 0 0 0
0 0 0 0 0
0 0 0 0 0
0 0 0 0 0
0 0 0 0 0
0 0 0 0 0
0 0 0 0 0
0 0 0 0 0
0 0 0 0 0
0 0 0 0 0
0 0 0 0 0
0 0 0 0 0
0 0 0 0 0
0 0 0 0 0
0 0 0 0 0
0 0 0 0 0
2.571429 2.333333 0 0 0
0 3 0 0 2.6
3.333333 0 2.733333 2.933333 0
0 0 2.666667 0 0
0 2.75 0 0 0
0 0 0 0 2.666667
3 0 0 0 0
0 0 0 0 0
0 0 0 0 0
0 0 0 0 0
0 0 0 0 0
3.479387 3.587212 5.872809 2.378563 4.594135
4.34869 6.088651 4.934191 4.495446 4.431687
2.572379 3.100974 3.978409 4.392737 4.349705
3.390564 5.192106 3.531219 5.371971 5.115806
3.346538 2.870155 5.254419 4.346385 3.77557
3.215556 3.210326 3.551795 3.242857 2.62963
3.007809 2.680556 2.527778 3.601465 2.638523
2.819683 3.182056 2.996026 4.27 2.86
2.630865 3.080984 2.728831 2.833333 3.07746
3.074225 2.791667 2.855385 3.22906 3.287484
0 0 3.5 2.511111 3.222222
2.4 0 2.222222 0 2.340909
2.85 0 2.770833 3 2.181818
0 2.267857 0 2.375 0
2.555556 2.666667 2.333333 2.440476 2.4
3.5 0 0 0 0
4 4 4 0 0
4 0 0 3.5 4.25
4 3 0 4 4
0 4 0 3 4
4.569697 3.035714 4.541667 2.872494 2.25
5.444941 3.333333 3.286871 3.635 2.621212
3.595474 2.653979 2.814815 2.706522 4.104876
3.350298 2.285714 2.253189 2.634901 2.75
3.064593 2.141161 2.890476 2.997949 2.571934
0 2.666667 2.925 0 2.833333
0 2.333333 0 0 2.555556
0 0 3.783787 0 3
0 2.7 0 2.5 2.857143
0 0 0 0 0
2.105263 2.316162 3.166711 2.679821 2.267628
2.757127 2.518024 0 2.218553 2.403727
0 0 3.139188 2.864455 2.451318
0 2.59596 2.486163 2.403615 2.581166
2.950069 3.054969 0 2.390542 0
0 0 0 0 0
0 0 0 0 0
0 0 0 0 0
0 0 0 0 0
0 0 0 0 0
0 0 0 0 0
0 0 0 0 0
2.4 0 0 0 0
0 0 0 0 0
0 0 0 0 0
3.587302 2.673162 3.216667 3.021905 2.624185
2.888889 4 2.869697 3.375 3.15
0 2.549603 3.24 2.436158 0
3.333333 3.277778 2.4 0 2.821429
2.054054 2.504751 3.255714 2.241783 3.103333
0 0 0 0 0
0 0 0 0 0
0 0 0 0 0
0 0 0 0 0
0 0 0 0 0
0 0 0 0 0
0 0 0 0 0
0 0 0 0 0
0 0 0 0 0
0 0 0 0 0
3.75 5.333333 4.5 5 3.6
3.433333 4 4 3.633333 6
3.07619 5 4.380952 4 5.144012
4.106667 3.5 4.266667 2.981339 3.733333
5 4 3.75 4.054286 4
0 2.75 0 2.964286 2.666667
0 0 0 2.257576 2.666667
0 0 2.311688 0 0
2.326923 2.222222 2.336996 0 0
2.133333 0 0 2.791667 0
0 0 4 0 0
0 0 0 0 0
4 0 0 0 0
0 0 0 0 0
4 0 0 4 0
0 0 0 0 0
0 0 0 0 0
0 0 0 0 0
0 0 0 0 0
0 0 0 0 0
0 0 0 0 0
0 0 0 0 0
0 2.653061 0 0 0
0 0 0 0 0
0 0 0 0 0
0 0 0 0 0
0 0 0 0 0
0 0 0 0 0
0 0 0 0 0
0 0 0 0 0
0 0 0 0 0
0 0 0 0 0
0 0 0 0 0
0 0 0 0 0
0 0 0 0 0
3 0 2.666667 0 0
0 0 0 0 2.888889
0 0 0 0 0
0 3 0 0 0
0 0 0 0 0
2.951836 2.2 0 0 0
0 0 0 2.976768 2.406647
3.607628 0 2.285714 3.467595 0
0 2.57007 2.904475 2.376663 3.944031
0 3.292198 2.465368 2.068653 2.537143
4.382005 3.446881 2.716117 4.178909 4.266283
5.065157 3.057814 4.030213 4.709153 4.212964
3.266141 4.141403 4.39555 3.202222 4.277778
3.576652 3.557565 3.629873 4.244418 3.955959
4.188873 3.913245 4.177082 3.597571 4.382698
2.833333 2.857143 2.5056 0 2.32702
2.526316 2.277778 2.507937 0 2.395238
2.336081 2.481481 2.591111 2.368867 2.679212
2.570897 2.310207 2.767316 0 2.4
2.333333 0 2.486772 2.329798 2.240873
2.666667 2.566667 2.888889 0 2.833333
2.75 3.5 3 2.716667 3.444444
3.155556 2.666667 2.666667 2.416667 2.511111
3 2.944444 0 3.066667 3
2.375 0 3.166667 0 4
2.416667 0 0 2.666667 0
3 2.571429 0 0 2.733333
0 2.564815 0 0 0
2.153846 2.5 0 2.487619 0
2.47619 2.333333 2.547619 0 0
0 0 0 0 0
0 0 0 0 0
0 0 0 0 0
0 0 0 0 0
0 0 0 0 0
0 0 0 0 0
0 0 0 0 0
0 0 0 0 0
0 0 0 0 0
0 0 0 0 0
0 0 0 0 0
0 0 0 0 0
0 0 0 0 0
0 0 0 0 0
0 0 0 0 0
0 0 0 0 0
0 0 0 2.222222 0
0 0 0 2.169382 0
0 0 0 0 0
0 0 0 0 0
3.5 4 3.32381 3.5 4
4 0 4.5 3.666667 0
4 3.5 0 3.008333 2.666667
4 3.111111 3.541667 0 3.833333
3.5 3.75 4 4 0
0 0 0 0 0
0 0 0 0 0
0 0 0 0 0
0 0 0 0 0
0 0 0 0 0
2.733333 3 3 2.722222 3
2.625 3 3 3 2.5
0 2.666667 0 3 3
2.666667 0 0 0 2.583333
0 2.833333 2.75 2.5 2.755556
0 0 0 0 0
0 0 0 0 0
0 0 0 0 0
0 0 0 0 0
0 0 0 0 0
2.508889 0 0 0 2.8
0 2.220513 0 0 0
0 0 2.262573 0 0
0 0 0 2.4 0
3.214286 0 0 0 0
0 0 0 0 0
0 0 0 0 0
0 0 0 0 0
0 0 0 0 0
0 0 0 0 0
0 0 0 0 0
0 0 0 0 0
0 0 0 0 0
0 0 0 0 0
0 0 0 0 0
3.966272 3.172557 3.301769 3.275824 2.88
4.06976 3.498416 2.984845 4.338612 4.463662
3.128069 3.35098 3.464566 3.339294 3.358855
4.152727 3.069729 2.973845 3.034215 4.476814
5.248741 4.226915 4.000879 2.634921 4.159326
0 0 0 0 0
0 0 0 0 0
0 0 0 0 0
0 0 0 0 0
0 0 0 0 0
0 0 0 0 0
0 0 0 0 0
0 0 0 0 0
0 0 0 0 0
0 0 0 0 0
4.050437 6.419925 5.282529 3.279472 3.429916
3.153518 3.385374 2.958879 4.1569 3.671735
4.283854 3.008901 4.166162 4.861734 3.994086
3.722849 2.355556 3.434802 2.85162 4.716961
3.835244 3.991091 3.713602 3.774267 4.691844
3.78 4 6 0 4
4.8 4.933333 3.8 4.625 4.666667
4.333333 4.222222 4.25 0 5.266667
4.8 5.466667 4.333333 4.4 5
4.666667 5.333333 3.8 5.166667 4.4
2.733333 2.688889 2.45 3.5 2.833333
2.985714 2.45757 2.361616 4 2.4
2.363095 3 3 2.833333 3.666667
4 2.5 3.5 0 2.722222
2.741667 4 2.5 3 2.611111
0 0 0 0 0
0 0 0 0 0
0 0 0 0 0
0 0 0 0 0
0 0 0 0 0
0 0 0 0 0
0 0 0 0 0
0 0 0 0 0
0 0 0 0 0
0 0 0 0 0
0 3.350556 3.429926 3 2.905196
2.769231 3.952778 0 0 2.576683
2.669856 3.651602 3.72591 4.242424 0
2.461538 2.5 2.825499 0 2.964583
0 0 3.333333 2.94961 2.675
0 0 0 0 0
0 0 0 0 0
0 0 0 0 0
0 0 0 0 0
0 0 0 0 0
0 0 0 0 0
0 0 0 0 2.333333
0 0 0 0 0
0 0 0 0 0
0 0 0 0 0
2.201923 0 2.222511 2.266667 2.52549
2.124542 2.117647 2.545455 2.433333 2.672078
2.119481 2.65873 2.111111 0 2.866667
0 2.25 2.37037 2.333333 0
2.232129 2.258144 2.460606 2.42246 2.189777
3.588889 3.505195 3.319048 3.129371 3.6
3.933333 3.409379 3.876623 3.42 4.833333
3.6 3.266667 3.96 3.52381 3.228095
4.033333 3.812987 4.75 3.716667 3.98
4.4 4.044444 4.142857 3.821429 3.651905
0 0 0 0 0
0 0 0 0 0
0 0 0 0 0
0 0 0 0 0
0 0 0 0 0
0 0 0 0 0
0 0 0 0 0
0 0 0 0 0
0 0 0 0 0
0 0 0 0 0
0 2.222222 2.533333 0 3.106184
0 2.8 2.311111 2.379762 0
0 0 3.291919 0 0
0 2.384109 0 2.677778 0
2.285714 3.319285 2.285714 0 2.814286
2.75 2.793333 3.2 2.708333 3.333333
2.410649 2.833333 2.5 2.888571 2.586667
2.616667 2.415385 2.383929 2.833333 0
2.469394 0 2.700216 2.583333 2.577778
2.583333 2.583333 2.5 3.166667 2.5
0 0 3.166667 0 2.555556
3 0 0 0 0
0 3 0 0 2.7
2.666667 3 0 0 3.266667
2.4 0 3.166667 2.866667 3
0 0 0 0 0
0 0 0 0 0
0 0 0 0 0
0 0 0 0 0
0 0 0 0 0
0 0 0 0 0
0 0 0 0 0
0 0 0 0 0
0 0 0 0 0
0 0 0 0 0
2.25 2.777778 3 2.854762 3
2.474074 3.333333 4.1 2.583333 3.333333
2.704167 2.677056 2.611111 2.642857 0
2.761905 3.777778 3.5 2.964762 2.351852
2.5 0 2.866667 3 3.444444
2.45 0 2.666667 2.666667 0
2.4 3 0 0 2.8
0 0 2.666667 2.666667 0
0 0 0 0 0
0 0 2.4 0 2.583333
4.47441 3.991032 4.937197 3.222124 3.635994
4.647872 2.16513 2.324059 3.220901 4.209673
3.774502 5.285259 2.807912 3.209873 2.720539
4.703761 2.757126 3.430324 4.415233 4.629037
3.91384 3.781895 3.23232 2.932724 2.115385
2.908027 2.311785 2.627473 2.841484 2.720027
2.384034 2.94 2.795918 2.204223 2.886856
2.376344 2.26087 2.492637 2.947497 2.539683
2.107471 2.714815 2.575733 2.698801 2.141356
3.101515 2.936498 2.194951 2.739335 2.342587
3 0 4 4 4
4 4 4 4 3
5 4 4 3 4
6 4 0 3 0
0 4 3.5 4 3
0 0 0 0 0
0 0 0 0 0
0 0 0 0 0
0 0 0 0 0
0 0 0 0 0
2.342857 0 0 2.5 0
0 2.333333 0 0 0
2.47619 0 2.290909 0 0
0 0 0 2.166667 2.5
0 2.222222 0 0 0
4.054336 3.317051 2.998264 0 0
2.611171 2.325 2.986364 0 2.518519
0 2.628819 0 4.021227 0
0 3.079295 2.914066 0 2.648893
2.450187 3.666667 2.362861 2.81982 2.588235
0 0 0 0 0
0 0 0 0 0
0 3 0 0 0
0 3 0 0 0
0 0 0 0 0
4 3 4.426667 3.52381 3
0 2.666667 2.5 2.833333 3
2.916667 3 2.5 3 3
3.666667 2.874286 2.666667 3.666667 3.034632
3.055556 2.45 3 0 2.961905
0 0 0 0 0
0 0 0 0 0
0 0 0 0 0
0 0 0 0 0
0 0 0 0 0
0 0 0 0 0
0 0 0 0 0
0 0 0 0 0
0 0 0 0 0
0 0 0 0 0
