7.981109
4.959727
2.435526
1.9672
0.3582401
3.625752
7.644214
5.40445
2.692115
2.70787
3.19843
2.126467
0.7364641
1.703339
1.261192
1.401739
2.358751
0.3340353
2.562089
1.778331
0.609387
1.579614
1.655035
0.6499582
1.883193
1.309979
1.285907
1.042472
0.3498177
0.870142
1.253319
0.5386854
6.204768
1.25908
6.905155
2.529359
2.672805
7.210576
3.295727
8.064152
5.37236
2.153446
4.74637
0.2965377
8.728205
0.4951301
0.3227106
2.782178
7.887767
2.107871
0.3724491
8.448463
2.204014
0.5201712
2.171235
1.027643
4.797256
4.32224
2.893807
1.261581
4.816538
1.178656
1.098519
3.527484
3.402804
1.905017
3.016249
2.426923
0.5266216
0.8620913
0.9707963
2.278864
3.409815
1.368781
0.7939608
1.389891
1.564734
3.072999
2.048755
6.576709
0.4152429
1.16974
6.336148
8.117975
1.094409
2.531674
2.976477
0.4049244
3.422482
9.502223
4.598241
3.251379
3.598248
1.055109
1.251765
3.749453
0.5051435
6.526182
7.312216
0.3273121
6.353111
7.269939
2.581089
2.528017
5.225689
0.4148703
1.207698
3.513127
2.34754
0.6028716
1.041692
0.9671908
0.420002
0.9971179
3.241645
3.61948
0.6159508
0.3072791
1.16403
1.260889
1.4669
6.259591
1.814717
1.291028
1.484333
0.6424135
1.351423
0.9073388
1.73968
0.5486063
1.938137
0.8371097
0.4400113
2.73239
3.928011
0.5447346
1.184026
1.277579
1.584815
9.712119
3.506556
3.517744
3.34393
5.832832
0.4824681
1.693744
4.229622
5.392665
0.3125554
4.283038
0.4555806
1.222863
0.9024141
6.287306
0.5945564
6.343459
1.095499
2.298295
0.9677566
1.740149
6.13967
7.724326
7.11184
1.841553
0.7275106
2.488654
0.587965
1.182507
1.33176
1.040378
0.6794165
0.5222089
1.888061
0.610232
4.653102
2.537057
2.88075
3.401856
4.706158
8.11632
2.932107
0.3243969
7.441581
0.3755585
0.6257833
2.309082
0.3629292
1.53472
2.536376
2.811929
0.9886224
0.8985832
4.658869
3.381408
8.870677
8.892735
4.257102
1.624773
1.147118
0.5475558
2.404171
1.637084
1.975106
1.53193
1.907869
9.161647
3.005402
5.327254
0.8696975
0.8353953
1.047034
4.702033
2.438359
1.740873
5.29313
1.417713
2.473383
2.028287
2.454992
5.331801
0.8161933
1.462078
4.622785
1.696755
0.7129286
2.41548
2.976648
0.3486697
0.7713472
1.932739
0.5329774
4.885914
1.573334
5.835052
0.947534
5.087336
6.951454
0.6697514
7.705292
3.158836
0.4084867
1.00709
0.2861707
4.745232
7.710437
5.687273
7.760292
8.400424
2.591241
2.370003
0.2881567
3.910273
1.979723
4.659631
0.2946028
0.7170739
0.8832472
3.645138
7.072802
6.298883
0.6736078
2.116759
2.503236
1.196451
3.320662
8.599094
2.225989
3.057618
6.33975
1.742013
0.4782516
4.979361
0.4735888
2.435583
0.4334397
1.208257
5.615264
1.68607
2.895323
0.7757171
4.51167
0.5728655
0.8936429
2.271244
0.9837314
0.8198738
0.715838
0.5290687
2.068666
6.551351
1.118459
5.643745
0.6768851
0.9442666
0.520278
0.7627588
0.3393432
2.482209
1.166254
1.975051
2.178422
1.841369
3.121015
0.5912048
0.5675202
1.150824
2.47505
1.122265
3.04382
0.3677316
2.213965
0.8423431
1.292148
0.4776757
0.5707889
3.860973
4.243177
1.730808
4.066109
1.185316
1.374473
0.5006616
0.7618549
0.7026608
0.7570652
3.415816
9.069567
1.17396
1.088618
1.937488
1.723016
4.307192
2.578294
0.3232527
6.078612
7.278367
3.875083
2.189747
0.9251725
1.645549
1.444615
1.66703
1.91348
0.6008273
0.3844114
0.4537122
3.565743
2.180405
7.547424
3.722365
2.792152
3.470384
0.6455065
8.680777
0.6847291
0.7725111
1.646482
0.7190866
0.5111087
8.985624
3.462415
0.4398332
1.112036
1.519116
0.297685
1.748387
0.3599292
1.032683
0.8604766
1.177432
1.181119
1.490237
2.572976
0.3535062
0.2858648
3.244453
1.186503
8.77015
0.8965315
4.00758
2.07224
0.2935218
8.278873
4.236852
1.379306
1.275092
2.385487
1.626192
4.760556
2.463132
2.170808
5.641209
0.7834593
6.400333
2.928939
5.454023
8.574822
6.463043
3.064889
0.3623055
0.3018815
9.485286
3.231264
1.216294
3.099143
9.153926
1.219796
1.528191
4.559464
0.7361433
1.761952
1.250667
2.059363
2.926366
2.604142
3.107948
3.151402
0.8201349
1.665329
0.9266177
0.3335822
5.89268
2.181548
0.9976845
8.533811
0.4846317
1.808405
2.501362
4.608782
2.499864
8.109426
4.149212
2.568364
0.4841491
7.575032
4.667779
3.162405
3.280559
1.685157
1.412698
2.03548
0.3278567
1.127469
0.4711131
0.6230547
2.042101
0.7541779
2.319648
1.036272
1.388552
1.42685
0.6397538
4.165943
0.8849636
1.447281
2.660587
0.8359318
1.563353
2.662075
1.488236
0.9950385
2.026952
7.175217
2.630936
1.780343
0.9905078
5.559029
3.987282
1.460086
0.4781119
0.4215496
0.6432418
0.4901631
1.299535
0.6584339
4.718381
2.138145
1.432645
2.615
2.17568
0.6411524
1.121939
0.4049579
1.206135
4.895017
3.237257
1.081914
0.8740473
1.989735
1.730365
3.682163
1.601583
4.595562
0.9425286
1.391511
1.669656
3.237467
0.9828908
0.5060957
6.769075
1.01757
2.77415
8.549142
3.917337
3.397328
2.711203
1.624769
4.456414
0.7403633
0.8722555
2.74252
0.4705568
1.920413
0.3781818
0.9959361
0.3463592
8.589439
2.05823
2.675022
0.7202589
0.311126
0.2975788
0.7805675
1.098143
0.7668539
1.557472
2.837431
1.691305
6.938482
9.694891
7.488361
0.3536574
8.457029
2.927184
9.300278
1.928566
3.521919
0.5966846
8.376826
4.547489
1.344882
7.201219
1.816756
7.799077
4.477098
2.99301
6.655414
0.6077936
0.8630351
3.366167
4.219792
0.5010186
4.391782
0.9483738
5.530534
2.069402
1.602306
1.42486
1.009121
1.155417
2.597752
0.3392948
2.908359
5.115406
0.4124054
0.2868314
0.75805
0.8386244
4.872407
0.3275935
2.117444
1.877757
2.577673
0.6702241
2.497577
1.191144
2.033476
1.014662
5.275047
1.425042
3.558958
6.066741
0.8892923
2.981891
1.854199
2.989131
1.74845
1.472754
3.216022
0.8984247
0.8534271
5.465961
3.85744
1.255874
7.471712
0.6110033
1.205369
3.340613
0.286798
3.912906
1.404852
5.332384
1.80409
0.7361542
1.65031
3.710254
2.481229
1.74762
1.737879
1.042072
1.498504
0.9503881
1.117594
2.321716
5.367066
0.4024223
0.418242
8.281592
2.074536
1.01399
2.781425
5.435984
8.475484
3.256096
3.249765
1.423084
2.058175
7.877917
3.513232
8.510977
6.365123
1.812887
0.9289403
0.9114139
0.758847
2.933563
0.693072
3.206936
3.112662
2.767081
9.129961
0.9022731
0.8383079
0.7756759
1.010549
2.685868
9.202545
0.5155418
1.772607
7.067364
0.6536745
0.6998512
3.305752
2.409297
3.240844
1.275753
3.436958
5.165467
1.636769
3.512791
0.5086619
1.448515
1.324448
3.394986
0.6174771
0.3692747
2.920501
0.4133036
2.391635
0.7791931
0.7601409
0.5222497
1.499704
1.361596
1.95186
3.110445
2.522194
1.521758
7.411565
1.043983
0.8073479
2.017597
7.858755
0.3335597
1.607578
7.39922
0.8215137
0.7127601
4.979877
2.644708
2.283455
0.364315
0.4665721
1.23886
0.4945971
2.699312
2.632504
0.8728417
2.111236
3.979404
0.4628645
1.087453
3.797397
0.761933
4.082816
1.349272
0.5289243
4.735821
1.764484
1.030596
1.738261
0.4118349
3.520983
2.665414
0.4070624
0.9906711
0.8518342
1.906726
6.353477
1.001733
3.232012
0.7798184
1.651487
0.6203699
1.760576
4.008468
2.916335
1.508222
2.231196
5.626589
6.574143
2.037956
2.190751
3.54957
1.204339
1.593063
1.808313
0.9430626
0.7142956
2.807313
4.920605
7.543735
2.61234
1.41414
3.232994
0.951325
0.4077652
0.8273824
1.100855
6.223858
0.7148711
4.165643
4.769317
4.246692
1.741469
2.166484
1.865567
3.987194
0.7130634
0.3343718
8.879548
2.308419
4.157808
5.806154
0.303574
5.764768
3.108822
3.002906
0.5468442
1.306469
0.7077043
0.9718977
0.9597884
3.251682
1.266463
1.954785
0.7581053
0.3721724
1.620738
3.777623
1.54346
0.422068
4.626467
2.19745
0.7309373
0.505214
1.840138
3.816077
0.3421092
3.741514
3.785322
2.100465
4.128424
4.021734
6.249103
0.4585457
2.417798
4.002255
0.8393584
4.111101
1.22276
0.9951818
1.486193
0.3859306
3.184476
3.068415
0.3211832
1.038877
2.329327
0.4108227
1.681495
1.315638
2.691474
1.312761
1.990963
3.64535
0.316653
1.164717
0.6276021
1.813602
3.78563
0.9522184
1.452983
3.970205
1.024645
0.3309753
7.097093
0.4039391
0.511472
0.8196429
0.8293086
1.848645
0.5060218
0.4138011
1.719117
5.499923
2.648817
2.524023
4.885766
8.426849
4.698945
2.626118
8.889973
0.4904738
1.959766
2.215431
2.093741
0.6296882
3.700971
1.370075
0.4017855
1.910533
0.6407073
1.584274
2.233108
0.3594972
2.62046
1.678711
1.228583
1.2659
4.125373
6.311587
1.286978
5.597871
0.5904873
3.170219
1.242367
5.770526
0.5482304
1.679749
3.007293
2.065191
1.876784
3.702419
0.7956475
1.572134
5.066521
7.360971
3.022781
0.8153832
0.4401851
3.347976
7.158828
4.064462
2.659566
1.811744
2.21811
0.4875699
3.819387
3.393247
1.054804
0.5685926
2.613393
1.959587
9.776147
1.102669
3.201425
2.959562
2.941516
2.753498
1.690774
9.384114
2.627364
6.788902
7.82115
6.304834
9.697882
0.6918837
2.521769
3.959331
1.11898
9.221224
0.5814474
7.670983
3.360796
0.4984911
0.3084514
6.603479
1.942996
4.949326
2.392436
1.196781
3.431318
6.511927
1.19408
1.359218
0.5964397
0.3656498
7.36248
0.7134553
1.443245
4.264082
1.123221
1.262673
0.517395
1.403895
1.949858
1.874879
5.604158
8.853237
8.06551
6.525384
7.128341
3.302649
3.464322
2.811337
3.441309
0.4458309
7.296852
1.089163
2.392548
1.144334
5.03512
2.687177
0.4418008
3.099284
1.250849
4.440722
3.949479
7.017847
2.340019
1.471015
3.235414
3.504691
9.630084
1.619335
9.435174
2.588886
6.022363
1.794972
1.634157
7.176365
5.793174
3.851534
1.690227
7.949154
1.268427
1.488365
1.060152
1.507613
2.431009
4.470027
1.713444
1.145738
4.302431
1.673664
0.5906065
2.752401
0.4741216
3.54263
1.772362
6.350644
0.317153
0.9105033
1.210595
0.7548487
5.089723
1.63858
0.4205958
1.112756
1.944354
0.9305176
2.620202
0.7760118
1.61537
3.128127
3.09756
0.6362662
0.3401148
1.087908
0.4713882
0.3745967
3.853097
0.6412694
1.777223
0.477813
1.17518
1.242798
0.7421545
0.5654231
1.33565
1.952114
0.3779996
9.711888
0.4824173
0.29571
0.4576742
0.8170065
2.774028
0.663401
1.217843
0.4019365
1.940974
0.9314539
6.12105
0.9014819
3.769156
1.11435
3.69419
1.723933
7.502972
3.255775
4.846449
2.868837
1.0472
4.443355
0.6233105
1.233707
2.426108
7.050822
3.803908
2.50984
4.955765
4.902181
7.330823
4.474313
2.652217
1.313335
0.6602768
0.7577881
0.9461717
3.564149
2.414981
0.7441949
5.894397
6.379211
1.93886
2.915816
1.780523
0.4621756
2.840122
1.923636
3.072725
0.303542
1.005802
1.099398
1.911015
6.393719
1.372551
1.888399
0.8459022
2.757745
0.4226173
1.253681
1.507681
1.040469
0.4226735
2.155802
3.46266
3.649722
0.3766098
0.6750089
2.516214
0.3354216
0.3415202
1.39778
1.818872
2.578068
0.6826542
0.3762498
2.151666
4.231584
1.585885
0.6064157
0.9536252
0.447451
1.449183
2.203617
1.098567
1.906513
0.3390647
1.728701
0.8629384
0.3979812
0.9904584
0.462973
0.6503587
0.6098614
6.96409
1.457235
2.401372
1.356161
2.077145
3.807149
1.782311
0.4000431
0.6512363
1.333499
2.816188
0.4418839
2.734237
0.5881547
0.6259716
1.198787
3.272813
0.5548896
0.8660471
6.872871
1.559987
0.7506807
5.801247
1.326442
2.281822
2.479689
3.073191
0.7790057
1.189214
0.5238823
8.054731
1.35736
1.603152
1.699077
9.782091
2.147207
0.6179775
2.865587
3.058249
7.071351
0.3033037
1.849902
4.07561
1.375973
1.547941
7.390571
1.043221
0.8558139
3.494359
0.8954622
0.4606153
3.050645
7.205263
1.599504
3.212425
1.0062
4.368284
3.436099
7.818152
5.362416
0.2980071
0.4602127
4.762522
3.876261
4.380981
1.29444
1.962175
1.085128
2.921563
2.274634
0.9247056
0.6936858
0.622602
1.251559
2.362433
0.4948552
6.699588
0.4205478
4.190588
0.5689174
0.8777999
1.370052
4.0236
1.960154
0.461344
0.9047701
4.567563
0.5731309
0.9967456
1.439284
1.17211
1.839745
0.7016106
4.191744
1.231322
4.77398
0.6079425
5.404657
5.907624
1.998621
4.799362
2.854144
6.900804
2.89003
3.848364
1.378785
0.2900388
9.858108
0.615911
0.6597655
2.715972
1.323919
1.015238
1.597054
2.55615
0.3607
1.849134
1.746965
5.070632
3.018938
6.923314
1.852308
3.495568
2.525825
4.099837
0.4210515
6.726995
3.875664
3.332554
2.692839
0.6819569
1.648772
2.582589
5.849619
1.249575
0.4240584
0.6874528
6.505914
1.750103
1.328464
1.135957
4.028983
1.231664
1.048157
3.329867
0.3251102
0.6376657
0.788535
0.7327211
1.697541
7.785458
2.637118
5.231111
1.3147
9.344709
4.683517
3.612521
5.304645
1.567677
4.748993
5.336385
8.008708
0.6957593
1.014242
8.558692
0.9289996
0.9951605
1.181197
2.243976
6.483773
0.4905888
0.4147513
8.504216
3.76658
7.605368
2.866796
6.985122
1.882595
8.809784
1.721138
3.126163
1.067081
9.771141
3.912094
5.23539
0.6616815
1.460621
0.531964
2.860511
0.4898085
5.960642
2.239489
1.557309
1.673219
6.622938
7.404543
3.696327
1.309291
4.413783
0.5603833
1.487854
6.721
7.812399
1.914604
0.6365884
2.336057
6.656909
1.096453
0.3681375
5.81393
2.037122
5.915513
4.042731
4.836657
7.292807
1.17411
1.112577
0.9349122
5.607796
0.5104264
1.046974
1.665239
0.6722224
2.313871
2.060931
2.180085
2.279882
4.99436
8.982203
4.771811
2.917467
0.4748909
0.4175342
0.7117156
0.798451
1.42376
3.030141
0.5723676
3.880999
2.523926
4.721249
1.742758
1.062795
7.483764
4.025749
1.195973
0.5124693
0.3320572
0.9361002
1.198399
0.3273323
0.4969138
1.915042
0.7531655
7.580847
5.509115
8.060737
4.571425
3.288611
2.227999
7.112498
5.775352
6.380775
0.9319097
2.507273
1.437515
1.805739
1.903345
1.494201
4.74779
0.5687044
4.646253
3.631889
1.590608
5.295695
0.2932578
8.497617
5.706183
6.735865
5.702627
3.469893
0.7829916
4.64377
4.096594
1.743548
6.16584
6.393863
2.072743
1.79259
0.2849107
3.306207
1.449329
0.7237724
4.329836
5.574562
2.017651
6.466075
2.553356
7.024454
4.447263
0.5771853
3.941866
0.3326299
5.081608
0.5977842
4.760701
1.271572
2.190093
1.127412
7.56375
2.19347
1.699553
6.550066
0.8117241
4.678937
3.696465
1.080269
1.851281
1.323676
2.761727
5.502301
4.102398
6.183767
9.615443
4.775422
6.631856
1.775652
3.122152
7.249307
1.041442
0.8068638
5.220478
0.9240328
1.67527
4.246181
4.318446
0.8583196
1.11113
3.006327
4.381771
3.178892
2.278157
0.5227678
4.617414
2.782428
3.587447
6.199699
4.261413
0.8959298
1.331584
2.211049
3.640992
0.4046106
0.4276261
0.8063068
5.029762
1.118284
4.879188
7.356921
3.279063
0.992011
2.862804
2.292163
4.012957
0.311913
1.037368
4.39151
1.550252
0.4001564
0.4372246
0.8231067
9.044302
0.5332973
4.096757
1.957054
4.517673
6.258102
2.802968
2.570145
0.5363636
2.016571
0.5795498
1.239391
0.9810591
0.416621
1.055266
6.833629
0.3997933
1.455984
3.063409
1.86619
2.450025
6.948624
4.8682
3.298509
2.441041
0.8856456
4.490624
1.618918
2.204219
1.271266
1.810071
0.7598777
3.292022
1.961677
3.376239
0.4379177
0.9017818
0.4694716
5.065265
1.946295
0.9372769
2.781921
1.400626
1.120309
0.4030057
0.433505
0.6967809
4.11294
0.3086411
2.081068
1.534459
0.7452782
3.307108
1.379134
2.244533
5.159699
1.335771
1.104519
0.4570412
1.136253
5.964659
0.5513335
8.135713
1.350014
2.126425
9.202268
8.597463
1.588448
3.4033
0.794676
2.560029
2.072409
3.297973
2.869979
7.881834
0.6845653
3.13609
2.203668
1.652639
2.383512
0.3404186
4.6272
0.5696252
1.490891
1.885097
6.984355
3.444981
2.04347
1.247766
1.364306
9.320254
0.6043586
2.281793
4.593996
0.9922999
2.730395
6.611287
0.8862538
0.5665312
4.453296
0.7084588
3.101932
0.4306945
2.934858
1.366988
4.158462
3.384567
0.7240345
9.306021
5.518116
1.242954
0.7788413
1.491908
2.899845
0.6464264
3.973951
0.3835771
0.721145
0.9356598
0.6162079
2.175073
1.125288
2.740187
5.13721
3.963293
6.633569
3.338587
0.8895995
1.056246
8.220931
4.445638
8.144559
3.222431
8.140056
5.323919
0.856278
1.0412
7.331466
6.270298
1.626325
3.748362
9.137491
1.009018
0.3441259
0.4670272
1.05482
1.157392
0.8409429
0.8348091
2.071669
1.512849
0.3392513
1.310925
2.731146
1.122498
1.699865
2.433124
2.312064
2.902094
2.640448
1.201463
0.3666066
1.799207
4.114202
8.586798
1.506695
2.330377
2.222514
5.779575
1.248311
1.925408
1.368064
1.026827
4.154519
0.5386092
8.839961
0.6514734
3.364662
0.3688377
4.64853
0.6627328
2.716708
2.653711
0.4095738
1.002812
2.536004
3.303285
5.054045
3.346225
0.6658075
0.2983217
1.129972
3.029306
4.853038
1.408062
2.345632
1.305381
2.844339
0.7701604
2.827574
1.385741
2.191509
2.865588
0.7059968
8.310102
1.547464
5.560492
1.012369
1.808259
2.933362
1.461209
1.990488
8.753266
3.664936
0.5940407
8.838518
4.750748
2.868144
8.181574
4.299889
3.83415
1.259959
2.650607
0.438579
1.276964
0.7395018
5.849606
5.99016
4.164969
1.369729
2.962928
1.882133
1.884464
0.4349804
4.876532
0.6462492
6.202332
0.9472468
3.21209
1.071481
9.138208
1.617112
1.283248
1.475719
