"c[trans]" "c[com]" "c[circ]" "c[rep+]" "c[rep-]" "c[pack]" "com[max]" "rep[max]" "c[3A]" "c[stay]" "scaler" "var c[trans]" " var c[com]" "var c[circ]" "var c[rep+]" "var c[rep-]" "var c[pack]" "var com[max]" "var rep[max]" "var c[3A]" "var c[stay]" "var scaler" "ly gamma shape" "lag" "ly gamma rate" "lag var"
1.08831375188683 -2.08685051614946 -7.04589738057382 -1.73303395388098 14.4763129383842 -4.41856553091182 10.2136656617735 7.7510739387385 6.21675173509876 0.867856276165885 4.53478766864433e-06 0.701450343400247 0.556689044605317 0.625367475160664 0.635772948322156 0.245296302038879 0.0479714776514366 0.402402293792187 0.25936100182752 0.0663162817631075 0.522526645005535 0.337780673543193 38.4861915896944 1.642876 2.33327264048439 3.976788
2.21899957172967 -5.13937167434295 -4.01634235052733 -3.77014574935666 6.01915158995506 -5.95456101285815 18.4203726823125 4.52494778317095 6.41964065200261 0.536557080568139 4.19748398071237e-05 0.684591302597479 0.950876596164241 0.556936360165594 0.347321092511492 0.364846513716377 0.380142012417915 0.46153180924335 0.449794859704078 0.447465103481401 0.136377541178946 0.241548777210564 35.1913386627022 2.589022 2.27430633495503 0.3613683
0.750409818117009 -4.67832260991105 -6.59057113034306 6.04213722992098 17.6348376266937 -3.28776750011146 5.55498314968943 5.90777061326785 5.63996902096301 0.229985322895774 6.09008854118194e-05 0.622297410727006 0.754637141023782 0.621386059859127 0.597627208883579 0.362255485921228 0.414894051199473 0.92330012284876 0.661752825537618 0.412605137346881 0.117978458063953 0.47801362520354 29.1924496641763 1.688709 1.77286393276077 4.448141
2.05777598252357 -3.45292892629198 -9.54342863164405 -5.56381296485448 18.0895646883842 -4.29989431330673 14.4349826735536 5.67816172898179 5.57081396490635 0.263095715764256 4.0625585358766e-05 0.354938791908494 0.751928280836219 0.59403440314275 0.782179635037761 0.652675911610904 0.193043780683455 0.0529698142406147 0.609560209862589 0.908129984427866 0.435789851398679 0.386277443479303 31.8278228870787 5.064774 2.06023070943468 4.448141
1.66888146797542 -2.72850592820288 -3.37328508808987 -5.24786449020961 0.695460044056041 -9.18380166692366 19.7607780272992 6.37209516657842 5.34695731847279 0.580709387732134 3.99882992237683e-05 0.381850813257414 0.689971920846088 0.151126395668675 0.763966179288579 0.023043563749656 0.0600254367363572 0.0386162183404126 0.417348539197366 0.0274416119977565 0.409346714768889 0.0781273802056182 33.9639376493142 1.642876 2.18637557678118 4.448141
1.68634665344558 -7.74185293729528 -5.12945779457642 -3.48058246815064 3.93678667944213 -3.31186654916289 19.2158994498292 6.23051444292019 6.74048601230474 0.660208446156895 9.52112652199458e-05 0.636310715468919 0.115338430157053 0.530751736507942 0.0356553979942614 0.172627626761418 0.717941361849434 0.299249779919197 0.153374509257194 0.223552615565896 0.17680798968303 0.809767963356281 38.1460117613501 2.380429 2.37387838828114 0.3613683
2.66764659889638 -4.80661395373332 -2.15543381715983 -2.63888287250574 14.1070791079354 -6.18204189945716 17.794925836237 7.13928767087976 7.33782731232841 0.884320630833002 2.33631314413674e-05 0.412658023750562 0.492235170850856 0.48179175445756 0.202359745588199 0.269671091937074 0.681398659305658 0.438925138660029 0.553568659700551 0.708274745599604 0.125446878862795 0.967346725563117 28.78166928721 2.380429 1.84226315863005 2.745494
0.693901846588665 -3.82494194558007 -3.32444275609148 -3.70609125929423 3.9648888990115 -3.99011150120589 15.3112109825152 4.80537913533666 5.34412408062657 0.159144172001652 6.06577092232269e-06 0.662026837243995 0.381876861563323 0.290040276964475 0.162767933746587 0.0172883988506365 0.718688253263893 0.0384590541973898 0.927341286561285 0.395621103312138 0.0136419550079868 0.215997279815269 35.3956016356232 2.589022 2.31890394398063 4.448141
1.0558644772742 -7.41628601633932 -3.36878768795578 11.1049365409664 12.953151227146 -1.48929825308033 18.7337589594904 6.08713993044991 5.95917094528403 0.631775187247192 8.50180351563016e-05 0.598873753969648 0.262195187089221 0.283628012000705 0.504387883751368 0.530252702520466 0.306590567349189 0.106285627881689 0.328598007699271 0.894028572779131 0.510490794982046 0.23438019069485 43.5864098488427 2.380429 2.89859757094583 5.444723
1.75006337833234 -9.39689108803554 -2.83735839763727 7.64996518890515 9.59219682763371 -8.73755414737818 14.7289077579988 5.64104005731356 6.39121349756116 0.42972325832182 5.89492159397185e-05 0.262379098544964 0.0858717833971537 0.256696041633258 0.854913391529267 0.480959588852575 0.398752838028118 0.0990105919742344 0.780769006180308 0.673980068268602 0.108457093237735 0.662780590820367 41.421405284032 5.064774 2.77159151394388 4.448141
1.17613648889093 -3.24815219721484 -7.31393596520869 -3.45606223628573 10.2611883996635 -0.430454652318728 16.0597411731741 5.50209588408074 5.93119821601371 0.790634459354673 3.95144346863251e-06 0.696382106737657 0.204978424341732 0.305549332633371 0.730260338909944 0.655051758886274 0.250610591167193 0.533898249633381 0.911226237066719 0.321987984553167 0.516214468106729 0.46435246201369 35.1258765225015 3.844756 2.41699431867145 2.613925
4.38040562583135 -8.19239583055526 -4.71789799791457 -4.85041330742146 6.21013557763702 -9.54472869460918 11.6230401454138 3.34524463260147 8.40457897018978 0.576490655826339 3.88333623868522e-05 0.42191985815465 0.556975872787255 0.904125598965488 0.644659239293379 0.153061977767845 0.829097302184817 0.2541845301647 0.344823788921228 0.653864732410617 0.210879860930987 0.433536883528511 27.0379345525533 4.621334 2.04910774073324 2.613925
2.70382974357048 -6.62457729708904 -2.20059727505528 6.34611888965224 9.37069095447964 -9.44277629625021 4.86640087838897 5.60860694642135 6.74868889238464 0.810871387462139 7.06568811034109e-05 0.758234920580927 0.328486197457477 0.10049224833403 0.505030666716616 0.329904652047063 0.823574096561438 0.3015015899565 0.486559578917415 0.665771784235593 0.514707794787689 0.566093744525262 21.9887711877886 2.589022 1.34696665547747 5.444723
2.66090843354065 -1.70264641304998 -7.2145354056401 6.98522574054986 8.57020646696697 -6.89095900007042 8.78894590315516 3.97828764305125 7.61168826768066 0.398638829147596 4.29016031479976e-06 0.307241733649452 0.414293362512497 0.102889170457716 0.133849607222563 0.399431546838622 0.703943466297127 0.0119552540140495 0.890312435171495 0.623481275559754 0.359796755293117 0.188343790633786 34.2966021440053 3.665018 2.45954153785281 4.448141
2.71766871459083 -2.06559927959837 -8.5392536486248 6.94484213054631 7.56499978316832 -2.43110837312175 12.1066004324716 6.6959791090424 8.11590868353091 0.785919188145503 1.16968389899992e-06 0.664656031429223 0.179007490448591 0.330268401818165 0.0790734906251191 0.609462136450122 0.409936869376002 0.245753563587207 0.624926861680738 0.330045124784018 0.513176758089798 0.816517825621645 34.9057945699914 2.380429 2.32731951553451 4.448141
2.11660633915363 -3.45448945126939 -8.47117165340628 -5.02192532209515 16.6095743868307 -2.11375247507182 18.099307567078 5.60452132496768 5.25831729733397 0.610525161678287 6.84495750039093e-05 0.0464692801480002 0.0524460367790876 0.263244760119103 0.270239077606824 0.88282644130502 0.351619467338616 0.66818853497489 0.804061535615867 0.837266124142994 0.180957672294757 0.658156071822347 39.9769490955088 2.589022 2.51103266102049 2.745494
0.752441386590192 -8.94394941463098 -1.16186875884898 -1.56949980772035 5.56202507189453 -5.62336644435469 19.0422699204603 5.69570294044385 4.92967292481622 0.381276254634618 9.88501976187986e-05 0.903789865583349 0.737610801560245 0.422526042095887 0.650288255869139 0.354810379657926 0.707516180274374 0.691608118117358 0.922151733274556 0.478932889146098 0.764240236623786 0.346400997439379 21.6599853203549 1.688709 1.54325194644197 1.31422
0.0739596740742546 -4.95807880743864 -8.47733267801391 5.67580077141108 4.39706307119302 -6.91195546172437 17.6353729228523 6.25185527882932 4.41352892086093 0.230350207612997 3.8655757274889e-05 0.79222664947263 0.64371025458823 0.983317345783576 0.0115349260715363 0.867901719069272 0.409208153020242 0.0609407246717906 0.296960412847365 0.738393095140751 0.747573311694198 0.420120858673093 37.9817008982525 5.064774 2.52005085302392 2.613925
1.46536359345556 -6.79437384997808 -5.65977614485564 -1.34256876599279 10.5543133325596 -7.84265178612942 6.79803341464469 4.23027561962689 6.22518517671428 0.907929058258527 6.59183710349937e-05 0.800655592858212 0.491433573913355 0.0904176350230763 0.127548224746837 0.304294126402593 0.969403121946683 0.446042210933036 0.839409084855541 0.828935493050676 0.43211464846781 0.643531345622798 30.4479285035506 3.844756 1.95309590424649 4.448141
2.74708652640012 -4.69514033139043 -9.73785263944071 11.1140799039094 8.49312468800889 -2.19364939416065 10.9339869004209 5.10874141211473 7.50552104360597 0.46553695095046 3.9160322630172e-06 0.99848201287368 0.42206703610025 0.412652879674991 0.346396381090062 0.0481164174557839 0.378942853558818 0.0107384666761423 0.709644766222141 0.701799548216095 0.888157357117743 0.88085301201772 30.7895614001447 2.380429 2.1428992481523 4.448141
1.26317570666465 -8.39776668468984 1.18186471897618 3.16502217116613 3.00873232601903 -3.81333688162547 6.01590097631713 7.10058002125028 5.48973796651194 0.312154572271204 9.83377270006791e-05 0.956311333394458 0.860235652562246 0.933652016438988 0.778330867587907 0.474787066744384 0.967908854611047 0.491989874323017 0.570250177045644 0.68625588520593 0.236067603739771 0.440263241597985 22.7011331595266 2.589022 1.31568333367808 2.745494
2.3859506508948 -9.616744359345 -7.70718740575813 -5.43387202954434 6.35445685874543 -3.50456403140595 13.5862178707668 5.48713793594941 5.61424496133154 0.55360796391519 3.52936033724546e-05 0.700073750854208 0.570679008024027 0.734883607336947 0.684329802011856 0.147095699660616 0.71043529431166 0.259445952392495 0.983810245301536 0.0171976865113239 0.302891934172479 0.933590706372638 36.7998293324449 1.642876 2.47146401949014 1.890545
1.47865983249116 -2.98272794712867 -8.26365547224361 -1.14545770899994 9.69621900471588 -8.2822314447277 11.6815236842701 3.73363227706061 6.66254418558011 0.379972751385534 5.0132295557025e-05 0.992390261288958 0.580885411490799 0.0762174801455512 0.214134916353038 0.75150863013985 0.0080458906149474 0.837308103265724 0.0218700233156749 0.340564612580482 0.725805512078637 0.481189793768025 35.5456392676382 1.642876 2.337011916804 0.3613683
0.874815832405488 -7.62962592494193 -6.63294327029294 4.57810907932424 3.63748260548212 -3.05063182517953 16.4301614788198 6.09553718763409 5.76003083309923 0.176845772224096 9.05072034658034e-05 0.888573387786181 0.139985193260089 0.0408292278172148 0.640311665287257 0.953457146008908 0.379879736719129 0.627015993778824 0.733408928423219 0.196114718914312 0.711589989545357 0.729132428988003 31.1577544145917 5.064774 2.02264727530637 0.1317636
-0.642256375831023 -4.17662536983357 -0.932421575207638 2.43618223330175 13.5056662077808 -5.52832519418458 11.6289636900536 7.48681972383881 5.02076352810802 0.407071343433443 5.40479165739021e-05 0.872766098204109 0.305597224354166 0.744789320391668 0.960756493991322 0.300443114474921 0.267699131047133 0.494508853645835 0.502269152499541 0.198977652257889 0.357027438700449 0.623315079573319 34.0601916447734 4.621334 2.21754381500336 2.613925
2.98085094325297 -4.1222120979345 -0.313701443931677 6.41369013947448 17.4725442750419 -9.50075618136465 10.2743693903147 3.32916866060721 8.14043227113949 0.743781700855891 1.32662537240423e-05 0.584678029365979 0.698241535252676 0.697631081941218 0.449240181873084 0.164847330860975 0.291377051209496 0.376280758532016 0.842827651027909 0.660326663410687 0.462319584534334 0.122306234523083 41.0564450258866 1.688709 2.31476128635502 5.344251
3.43898757490585 -6.45705541850076 -5.15053315901127 -3.93577117560073 8.73363439866338 -4.55521983125422 4.5022468828684 4.73889626459553 7.69357400135235 0.329102570443408 1.90012741015184e-05 0.439092027318841 0.491510765312267 0.729712975174715 0.695774242483077 0.88661522661757 0.364337820840999 0.0940875203759313 0.117768996795886 0.871422228731001 0.294459536780159 0.043457916765924 29.1196557772564 5.064774 2.045605784964 3.976788
2.13018612130029 -0.171856124082999 -4.37737610225846 -4.72705589053792 5.73042324422682 -5.65013344772501 10.7116502941155 3.77815045300969 6.52281034332373 0.192394363377939 1.73510640316906e-05 0.945960033659401 0.897602254316737 0.931293830198485 0.389215499633625 0.697369064122685 0.692273671969054 0.314199158202031 0.17602370234838 0.889655163907482 0.967863880945998 0.227427026156489 32.5929393210953 1.642876 2.28443756016331 5.444723
5.7304832170643 -9.06440296420213 -2.99207701392613 -5.64402702996689 7.93328413673779 -3.25338007592497 15.3423561168974 5.26147287377687 5.39957426071175 0.41824006485957 2.19149895099473e-05 0.983804223495137 0.122636080873285 0.480576982822201 0.554004678391673 0.962742964478173 0.746220931453955 0.650055099791942 0.949184534100598 0.657944899990514 0.185208747835502 0.653127267143018 41.7973371922916 2.380429 2.49022659048079 0.1317636
2.48298841054598 -4.49588089097123 -7.51889766517567 -2.69219401049737 4.77192259536186 -5.77167426324443 9.26225675828833 2.98705717674973 7.29617023050567 0.84142484030645 7.24206939876049e-06 0.225700191512188 0.237542193799575 0.419481817150878 0.92775264385671 0.0395847629327646 0.559387306275602 0.0898290294043829 0.994448422934944 0.321877075062669 0.694516829545208 0.159417866306097 30.2428984872576 1.642876 1.99206147234487 1.890545
1.43826725295591 -6.16371557695297 0.88791003597562 9.91806912239172 16.4684750239102 -0.797813974886042 14.8230808445557 5.86341425116333 5.77115359343804 0.433126019222412 4.10467547336888e-05 0.919465200772591 0.581982890101338 0.570455262324932 0.241789696147567 0.843744940630334 0.128999473477534 0.779429421975475 0.122371079272534 0.257455589408717 0.210900973192995 0.385459845053414 35.2223101001092 4.840426 2.3340649660247 0.3613683
0.945278907048162 -5.31573412704916 -0.93557009837391 2.31200536451527 14.2515294938981 -2.96276330353978 7.53485708303611 5.2593114096978 5.88694751978251 0.777687535681123 4.47553927132664e-05 0.255621109101529 0.554301379730861 0.0244966989563829 0.552960072162356 0.716898379182796 0.540612859268242 0.0464782873144469 0.939370499541713 0.386412536208084 0.610295946100452 0.750189450357681 18.1962214977909 2.380429 1.04847714797602 0.3613683
2.23369022692621 -2.59018942939837 -5.70981077303512 -2.99054504027021 1.44931513671702 -0.754520698769562 13.868970780149 6.27754600746518 7.63819794409689 0.532827828543862 5.13108427985635e-05 0.754874768444696 0.584009525931712 0.723643003304635 0.521798431192914 0.411608417420236 0.578692604624487 0.376664749938103 0.327543428961691 0.247940517065865 0.618483543125736 0.355212341556084 41.1936183285597 4.621334 2.44846099808026 2.613925
1.10577885280951 -2.55710171636086 -8.63898262821015 1.10016498392676 3.44079796404496 -3.84192319780591 16.0202805740762 5.11114882629552 5.81555164096376 0.211258873506055 6.76679138486861e-05 0.796961781877486 0.300555562830247 0.633029548262596 0.293026305983638 0.941477898956021 0.512685857639352 0.39485515222981 0.390193723844509 0.890196379720683 0.105494632684442 0.438770506157669 38.2234547754338 1.688709 2.41966137065361 2.745494
1.33071766722287 -9.13503765919737 -3.73751299377075 4.21933355884205 6.065007053395 -4.13014489954772 11.2980629319674 4.68480988528627 5.79069793018546 0.497147520921512 1.3798087036136e-05 0.935664184198099 0.280609228475438 0.383828930058805 0.290085279146421 0.3910102131362 0.619834947811457 0.366701285253941 0.811056870082431 0.423325783501892 0.29864869668933 0.875066420341826 35.5536159976616 5.064774 2.23303861900755 3.976788
1.0799793939896 -2.24922414151847 -3.930571911633 5.26616645919892 8.64961496054244 -4.94314287468788 9.41412641395295 5.53427610230236 6.34441336750087 0.725528757611219 4.88310430866645e-05 0.380530740441816 0.000437553529899756 0.833044802604814 0.227794451054259 0.6950110019261 0.721593137451239 0.532937869946233 0.42281803158162 0.595779368114132 0.313270130751776 0.220670298728198 37.7827232224531 2.380429 2.50036953537419 2.745494
3.08872756356164 -3.44730298584432 -5.33360037542133 2.92329235092196 -3.28628088273422 -5.86668690842104 17.9136520731665 6.4971611619513 9.03523071707427 0.665255225276684 5.47981861375418e-05 0.814598655985145 0.740874638066503 0.822589098296459 0.870614179914499 0.633316548636916 0.769997278486973 0.564518269541421 0.749414684295804 0.252686847279111 0.610016402133534 0.0710805985689482 21.1291520118182 1.688709 1.44669367916309 4.448141
3.00974353247598 -5.04340495844919 -3.33113122835497 1.44655634496477 8.35293924586794 -2.65159592955505 12.9908882094515 4.62652087037147 7.88086252882626 0.32146231541761 1.32147120012557e-05 0.756418061576543 0.262281135347984 0.416272876473437 0.420250889588286 0.659526366097982 0.174449908567029 0.516724361115449 0.601897244098109 0.563222794351768 0.874579644284634 0.56188634874313 30.763226398526 2.589022 2.08917312164296 5.344251
3.58132638358195 -7.933671000384 -6.77514947752699 -0.869216353696627 2.87753303170914 -2.49828868974954 16.5615545225167 4.3002159275867 8.52390666651669 0.379946213806806 4.71902033699381e-05 0.300546206052075 0.672816864124876 0.288496273698763 0.474122276014866 0.904527392346606 0.0412899978266043 0.582434879666281 0.704831350089319 0.963177078542771 0.409328277629026 0.573386298031942 29.8677773288609 2.589022 1.86293188684685 2.613925
3.22208133147811 -5.3681981669944 -4.81063460972687 -5.12743448363402 15.8930855293533 -0.324578999027528 8.74392292979098 6.69097435438263 5.19135629545307 0.608738707290209 2.51468338962791e-05 0.45454059741474 0.083636458940363 0.581006309279065 0.220747011581823 0.162157277000185 0.600423169863407 0.55900493548627 0.00739258893476807 0.31737519227716 0.377810322097307 0.443302791263046 37.3974371461402 4.621334 2.62512646687791 4.448141
1.0497201789407 -5.65299015026457 -7.68362250239359 -2.93081692209644 7.2027034423105 -7.1053262220381 4.67738762300611 4.9160040279663 5.82919189381898 0.606361330488417 3.8804629925829e-05 0.728294256223938 0.379389379543864 0.0691669473621659 0.363205198423263 0.27910410806702 0.530726328865356 0.461704075907989 0.109056341444746 0.896000954607805 0.673438799521693 0.161850990345334 35.2540260445901 1.642876 2.29124641053328 4.448141
2.40959719258436 -7.03154860485711 -9.40568675520451 13.8538754121895 6.74134967298989 -7.10276831178886 9.37610136458502 6.19693353691594 8.0388450362194 0.707257883209452 9.45189313486984e-05 0.911659814640765 0.778539803027498 0.806446848518569 0.100777054846059 0.805845159946055 0.703329006526886 0.188254979253063 0.412120173030623 0.473236637415289 0.653054173216008 0.493650458940117 30.9655881610998 4.840426 2.02212023234345 1.31422
1.94822814022654 -7.44758580353132 -9.51743599540393 -1.21543120318191 16.2614914427484 -3.12354752461266 19.0498509945141 4.39010721086844 6.13935922547824 0.525203746334284 8.53634173701359e-05 0.908155075590382 0.786836556802973 0.942682846131991 0.708504689783491 0.821800418105265 0.832567632449941 0.230670552636022 0.0337632094217687 0.73619269944344 0.627218603936837 0.892377763156522 31.006170689981 2.380429 2.1749544734297 5.444723
0.957981213630067 -4.21072416364804 -3.53874672758754 6.34872631310511 18.5063741958154 -9.27296158107165 12.0512303432313 5.3178414177159 6.13285423288517 0.137968279596751 1.43998391289855e-05 0.971052643544614 0.317775133240028 0.737435395820811 0.765981717605813 0.931666518250507 0.450255911453567 0.257832275772923 0.346628760485471 0.564415583831195 0.756133608979529 0.73069076677072 30.3276287148677 2.589022 1.91611937784633 3.031648
1.53003345451673 -2.75947644386029 -3.00484392352496 3.82610170624522 4.10361739658913 -5.32209037851398 13.7485158559354 6.01413491575288 6.40216193556264 0.169468522873989 4.17770143339983e-05 0.352186413769335 0.60814008856176 0.750156043709556 0.507390969617016 0.818838465581983 0.480978405597093 0.271250011539292 0.161260047447905 0.409042063040161 0.864237084190974 0.510469721153213 34.9149238330931 2.589022 2.02166553371598 2.745494
1.68970766218253 -8.05527897160844 -6.52423117605875 8.64861522774938 9.76599536778782 -2.66406984103514 10.0169409714059 5.49990758762848 6.53907426862228 0.994656509051406 5.37220511555949e-05 0.83467073333629 0.975563607602692 0.149604577059949 0.719796105577909 0.310955007266009 0.884486873339518 0.696379671366149 0.903194556205417 0.488950554207341 0.421512170670675 0.391203565259252 37.4716769813024 4.840426 2.42264426183272 0.3613683
0.689677729299184 -1.44661179476346 0.136965350727473 5.41489563875826 15.4855477036198 -9.56082497287424 10.0708919044749 5.93971188198441 6.20968533681612 0.259075378662112 4.42337965170976e-05 0.925037738874614 0.511938174279644 0.381941743338053 0.529495175306173 0.412700597242021 0.614538844471974 0.750837136961196 0.776850336036969 0.424401457612114 0.829208482894479 0.0901203676732681 23.1222409158657 2.589022 1.39241282591379 3.976788
2.07202758952771 -8.52961687014822 -2.31923109383183 -2.59992404238223 13.3285880891673 -5.32574635433398 19.675230453745 4.59469144491836 6.36647280490007 0.111336221332947 2.25899213329132e-05 0.582854761826439 0.214618196509041 0.728148909379489 0.814725778763784 0.525631779319584 0.189346447636689 0.0567563953328556 0.28615950137565 0.462758493278182 0.623406162299465 0.657144317132272 35.7521178780786 1.688709 2.24380920833957 2.613925
2.47238452917129 -3.14415646556467 -9.00463252441885 -4.67741462338534 4.82880962925725 -7.44564593604291 10.3384258176197 4.16802461051412 7.18072855546508 0.892710579094391 6.09262668619131e-05 0.886597122718017 0.692135297171386 0.800967963912957 0.0115377284691994 0.699537025683095 0.29085498246072 0.184801581466631 0.458283597779818 0.468072882630482 0.62930783458847 0.244823708868313 30.7986205181379 1.642876 2.07024088885826 2.745494
3.88463373343848 -1.82225843402618 -9.14273628421575 -5.61966979759673 14.6545859722103 -2.99629793199712 16.3802800923957 5.32422860157039 6.65241176795246 0.144924081496933 4.21956141807538e-05 0.59856148073192 0.202629431345403 0.422221768471596 0.884576353804787 0.805954511129415 0.779756258915881 0.62316847418465 0.810103671561496 0.27306055737401 0.315227308163422 0.152017524262248 39.1102767673851 1.688709 2.44886240903951 3.031648
0.783389493671085 -0.384649628839704 -2.75255826691591 5.43770055105661 14.4675842478648 -2.49787251339104 17.8402233560113 4.63517595023489 6.50547914188414 0.0720566818021987 6.4922908154013e-05 0.46905735181518 0.0259138667033474 0.232686666215423 0.155317210163222 0.707285141338027 0.214975837699381 0.195688482193843 0.718092300482691 0.0270772028930401 0.481278779169923 0.248794938872993 43.0239643973122 2.589022 2.72449577327139 4.448141
0.308115129251585 -0.265484721697996 -6.26376980209316 0.210222776606028 10.9065282955992 -4.11706998533113 16.9320418214953 5.85228889095149 5.54968145052546 0.257299027153006 6.70105793740998e-05 0.528668084905147 0.189844092034161 0.208516617979224 0.17066268817839 0.873456243823298 0.115174750921797 0.165263130032983 0.532077036243291 0.795681166424749 0.596735272944937 0.923646599152392 30.1457921484651 4.840426 1.96974723714826 5.344251
2.06871667648692 -6.60895570705688 -7.4562618775714 -2.75214648833714 6.28274036628211 -7.20895037260009 9.89451142242293 5.60427551037297 8.0276593936421 0.462015482070807 4.83693428539216e-05 0.590635201608963 0.584312015554067 0.536051536687396 0.583979230636306 0.734619432932181 0.0131036964569831 0.257793539097884 0.961867016773772 0.329087432064675 0.671309095473867 0.533641885417576 23.8077729875952 4.840426 1.65582441721952 2.613925
2.44668202495976 -6.85442740412441 -8.48209797721428 1.69872138559174 3.42737052437358 -2.87264820408601 17.7392772579746 6.00789306664866 8.13353604165814 0.201773890789131 7.79435571306963e-05 0.317459798936562 0.56216202484175 0.741519132810029 0.464468235250985 0.208720727679661 0.195929741479637 0.527584922519721 0.324757011223943 0.726615980704851 0.67322453960797 0.769292215187418 23.6602713114466 5.064774 1.49492656653368 1.31422
2.18400391608608 -2.81209624868585 -8.48781835679429 -0.925438906392353 6.33694901855358 -5.59367623684102 12.4399392337978 5.21281031181167 7.04881873063833 0.611292294807255 2.77525272753404e-05 0.489940705003371 0.841527349907623 0.902332249993575 0.434728288663994 0.108729054178995 0.660996624790289 0.262976319256032 0.183439801692331 0.471996826006835 0.447888141073719 0.513459163516759 35.9299482841521 4.840426 2.39556738729652 4.448141
0.890751812323569 -4.50369866375296 -7.24263323118506 3.62901149052596 8.96506966949441 -6.43976517955232 18.4603297353563 5.21566667240451 5.97848538947022 0.801713313056556 7.7585874283251e-05 0.552972661387256 0.865062641329747 0.514524334920711 0.000665859270298774 0.672695787655019 0.339608808727062 0.665925073179534 0.511807385281366 0.5555406988641 0.38167503991579 0.508167825337607 28.8737137499877 3.160471 1.76193840513091 5.344251
1.49091242614007 -8.61320683461323 -7.04760191828408 13.147599804557 13.7537820765332 -2.86388949697281 16.983064734854 5.37220560991287 6.65448241731335 0.348161149248235 7.1959640755836e-05 0.503575221234733 0.397788670454822 0.542809008001168 0.804612843390623 0.634152053728883 0.418764518815892 0.210688131449331 0.734658046603324 0.517066232960989 0.650734194383019 0.450658910483709 28.0129968779752 2.380429 1.73733317341322 4.448141
0.83362667616856 -8.63266104696836 -3.74581410121534 -2.15997615742916 19.0995663910525 -4.77344399796884 11.0130290843327 5.86604913606118 6.05989110225386 0.00294051015562424 8.57791814228413e-05 0.680277274628825 0.110932753953847 0.717585557133853 0.0277534110941987 0.540420914228692 0.40290010830312 0.690410126703272 0.48903193093015 0.152663495731286 0.436223111608495 0.672772947064949 42.3010898177722 2.589022 2.53744902518819 3.976788
1.96449198286486 -4.62290676710618 -6.87941767225359 -4.21125074630767 8.41369317305712 -6.57840040890864 17.1048323174846 6.01495524570751 5.50179803255752 0.730376656183743 2.40965982598016e-05 0.546355045689177 0.070070679998064 0.775390962587444 0.207362491934765 0.28901409329311 0.188217905781971 0.852778381528839 0.255262256578852 0.0752230252937861 0.70541010392153 0.343203710456596 35.0362321822181 2.589022 2.33301712748922 0.3613683
1.6529185153283 -5.86841723183108 -9.83129220696089 3.51024120617234 16.0882579360659 -6.90643947837193 19.5948476603135 3.87659092305128 6.86738497304864 0.464669608534417 5.3763051785056e-05 0.508028638838909 0.210169353752688 0.191610865776162 0.0840323598475333 0.291096448055488 0.555819873886371 0.249938926370672 0.0488912699420259 0.722575870703535 0.183831164065023 0.587583813937008 32.6300083632545 2.589022 2.11281263219293 2.745494
2.87337759959746 -7.706297106934 -8.69657515139547 2.73919812373081 6.1853244994629 -3.13893356342998 18.6745817821899 3.36133069853309 7.57566220837261 0.766694270715387 1.6845766953361e-05 0.820738895671311 0.366645082734259 0.253522585368532 0.41989694005666 0.0801960433773987 0.699632538032735 0.801284871531199 0.69372982325433 0.20571846354757 0.839765006263606 0.714494032326973 34.6836798378834 2.380429 2.18014863516715 5.444723
2.02505444339697 -5.57724241584175 -4.56727845510034 2.68359702566973 6.26649693901219 -8.66839062472532 15.8654386425408 4.43673750999542 6.80147199314458 0.106349811467727 7.91465556900803e-05 0.560450353216085 0.990701370544064 0.425854342828666 0.346368447360776 0.52562588347675 0.976531130684704 0.230172938871238 0.715121417595389 0.42709267162901 0.241168855203722 0.842473870530639 35.8039085862049 4.840426 2.2391300124787 3.976788
1.8776141736415 -6.98465962947879 -4.35167418083572 -3.31173374292676 8.75851022922146 -7.60250943655267 12.7425971582305 5.08591173457673 6.6357497092922 0.540111438220885 4.05353884525747e-05 0.798848997592791 0.560639247343231 0.592172862049628 0.401006314383302 0.539461995658798 0.600878658164048 0.917882060175436 0.396370622271791 0.792907395500444 0.477124006840944 0.618472017831634 31.101737508477 4.621334 2.07359596910159 4.448141
0.793319674650567 -3.14668389357924 -6.37768472845953 1.61249690632431 4.39760265844739 -3.82392098688157 10.5570297361978 4.35825469698092 6.10597908503138 0.20096816425197 9.43250034839079e-05 0.875900262108361 0.80342589975033 0.916481031122675 0.204327079226081 0.564109496769974 0.0970846886185593 0.47943697265677 0.0478998331905519 0.73261923299583 0.100053648015873 0.230435811623145 37.6267715365811 1.642876 2.42341502576042 2.613925
2.34810192605273 -6.56797116161196 -2.02246736350742 0.187588661743425 18.7120331753429 -9.36023590033181 14.4963952627239 3.43360841929414 7.13003171071513 0.725285966184535 8.97786491787679e-05 0.50183130635838 0.779472084381115 0.479446732579267 0.860982501233828 0.786914055627329 0.57099361499269 0.257419084199926 0.589239276495948 0.522188745661136 0.881578708519423 0.841929941667746 32.1911470364712 4.840426 1.95757430000374 0.1317636
2.8558366422091 -7.03285927119803 -3.14063162033478 -4.38155573123209 2.2932790553141 -8.73693363826715 16.3356558164208 4.02521977787343 6.80757023872172 0.0221710890450531 9.2923528917653e-05 0.0693099708407849 0.335027955873523 0.754207702013281 0.218036844707967 0.620877698785194 0.456482673256543 0.768716402809344 0.388348513674616 0.460453859511638 0.557784891835184 0.280248769793468 33.9929432349094 2.589022 2.28955150355813 2.613925
4.51152874789452 -8.397103264859 0.186523530284487 -5.38728724030987 8.57606976392694 -1.90503151257355 17.7340940794165 5.32971655624442 5.91772908464846 0.255505275222318 6.52417060694729e-05 0.812501885003846 0.733851709958403 0.760050004824836 0.203405924239712 0.948575752023128 0.696330169890643 0.0827501491472155 0.510518160745917 0.878732977131115 0.136993641654577 0.892957341953167 30.0837491506189 2.380429 1.87171889384354 5.344251
2.03200155169867 -7.25960135643577 -6.74543577351962 6.98146026797595 18.1042723460265 -8.79473427504681 8.94114879644224 4.32402033091024 7.12809594904852 0.048084641843418 4.62937284153104e-05 0.19226059218913 0.428162991220432 0.978323695355185 0.872604865747058 0.374232470779859 0.719108481096876 0.352470689616972 0.457244179168206 0.614634202162705 0.258043214323023 0.878561059591572 29.4581987889891 2.380429 1.94645063997887 2.745494
3.85338076074991 -5.59394389864556 -7.48767453814231 0.304445850168047 -1.11885214626072 -8.76475237284125 10.2434359804791 5.6621534254782 9.22155137945309 0.117807402852767 1.37516269238027e-05 0.120134071906464 0.437277515014054 0.501188549230928 0.510984991925574 0.385076612931225 0.105522709285652 0.632009559765231 0.773092460725641 0.724787296086865 0.639672402178696 0.786151255657934 31.235544997084 5.064774 1.87547550845428 2.613925
2.98564528993116 -8.78337669313694 -3.25050598792591 -1.7243975147203 6.68170322814547 -1.55489869002749 14.0455503205016 3.81863036324614 7.94353378795852 0.65594317704591 6.24021710081766e-05 0.83987833620726 0.877712820425887 0.497751610939005 0.881183324285342 0.154515522395011 0.552996012864999 0.604881509020082 0.0596118933178166 0.0291815333732487 0.903408852606583 0.417451371757494 32.5714042932996 1.642876 1.9112024751982 5.444723
1.15766618753534 -8.23275506978383 -9.6088170852278 -3.03028691075741 16.736840890546 -9.83015734698247 10.2891361287337 4.67382136408277 5.53461762309754 0.0332530326904352 5.82843022148721e-05 0.537639048115292 0.533963760092403 0.325983522595062 0.477336849898671 0.85839893960652 0.77967337441699 0.780541285248345 0.689977975424075 0.641756988254381 0.482412303133164 0.445545830822799 43.5100172379185 5.064774 2.60906300361683 4.448141
1.71624347031153 -7.18916461303406 -6.82920901191013 -4.79669777307499 2.1979114204298 -3.6300007120916 14.1396942031875 6.89040115294831 5.7088624547374 0.316053569582132 8.89516879581913e-06 0.732421141438953 0.227436087615272 0.749634999849252 0.227499127045175 0.690617366143673 0.167124448507943 0.18076386150944 0.77235204152387 0.950822357419328 0.851203982720947 0.431048080744214 40.4182526166381 2.589022 2.35178812688528 2.613925
-0.093685986006845 -5.158995091354 -6.3540781289355 4.20711477571926 8.36880913394341 -8.4127326597424 11.449828462148 7.61452482699746 4.35728496177142 0.55673274696787 2.6218930640259e-05 0.901027137234541 0.92377912015506 0.909482825674086 0.29175730338953 0.0878092690548261 0.742842111054947 0.321343246600306 0.742509711919304 0.233649136147246 0.557388082483655 0.872528018536314 27.062347287282 2.380429 1.71000842171542 2.613925
1.78550113757406 -5.48517522262154 -5.78107827567321 4.55203641997199 2.31023455579308 -4.70991175845583 14.1675166030551 4.87040598035906 6.88692319582031 0.410643504383747 2.65223626813842e-05 0.916623488927635 0.534654246396957 0.296202008862968 0.131226031341653 0.43256704058693 0.702277682158545 0.78692952537697 0.260618284242632 0.827898568263217 0.339057408893447 0.461943407213741 37.6056127729827 4.840426 2.33429022512825 2.613925
3.4126514823021 -2.97822023518507 -2.83895861462265 -4.97508242614397 12.9973022056213 -0.939481348025712 9.88792534689716 4.82321187063085 7.96775376239267 0.177164941531976 5.2083346598482e-05 0.961723300868367 0.623271786979428 0.364091714654418 0.390216123159849 0.16278173935572 0.415841375438735 0.531662532886311 0.498436034618782 0.604702486713617 0.901542350883592 0.942764651844817 32.8176605815616 4.621334 2.07583653178849 4.448141
4.29571899622517 -3.05980757220111 -8.00590224340988 -3.52382532697306 13.6659708308833 -3.05364574481854 12.9521819290237 3.40655994076357 9.69619725936829 0.682225111322113 5.77757828006968e-05 0.758883076093222 0.38664519580579 0.0773557658378302 0.237060520340122 0.880275231463378 0.785161957848305 0.533120376747597 0.996287724346551 0.640126568046989 0.971279970872192 0.731597341770459 34.8288051084819 5.064774 2.5064178755531 2.613925
1.2537354608432 -6.73465367655256 -0.00259767867306793 -3.17279738214779 5.67845660683565 -7.22144960686197 19.7608594056942 6.09583818649052 6.01993827635025 0.50916988828622 9.24003741046274e-05 0.501742069263834 0.683652497996393 0.438132412894929 0.547674939483568 0.383251838474522 0.745637430341578 0.29250748319521 0.928101986590147 0.814425867564843 0.972350178161687 0.972609910704695 38.6762894965362 4.840426 2.41743646435297 3.976788
1.7504463748124 -4.86541371280079 -3.20814285992174 -3.72057214490209 18.8994236093677 -9.83599603990175 17.7748099060507 5.02596209691551 7.20927351789231 0.84609435615095 2.00912488661311e-05 0.535510634123125 0.0565605458581958 0.824181991418416 0.350425812858454 0.792643557576175 0.303738023602168 0.810363777221002 0.692742341789711 0.636241604893523 0.72360360354081 0.874711761828178 44.8899660876884 5.064774 2.82156232697554 5.344251
1.4862982259262 -8.93564343121599 -6.59008183256639 3.94783445911644 12.0201586648187 -0.0409495698746221 6.62019421245128 4.13442202688894 6.95628742201046 0.381278002330886 2.17878853121444e-05 0.690338979796921 0.683524605287697 0.00978139460350902 0.34483898340345 0.731491850268046 0.174548373627874 0.822424018298855 0.736409705287703 0.627110713388877 0.747863402790228 0.190130438147956 41.7161418878686 2.589022 2.59673713964053 4.448141
2.69031686613832 -9.75273572659682 -7.01073321603723 12.4164343840695 13.5273234849668 -5.36792142981592 19.6336350205789 4.84658660283915 7.36094063870612 0.807511515897845 6.52880618227297e-05 0.69798878696681 0.716336562003342 0.634599587540649 0.691540976351295 0.0836451112060452 0.636289471014881 0.902982380928459 0.66353950214458 0.975146932522982 0.202130338935893 0.044740103032933 24.7189605379468 2.380429 1.46136132419023 2.745494
0.822468554960795 -5.42443573012332 -9.21233786125973 6.85736635674356 5.18282474852734 -7.7220679754271 12.1600649169283 7.25486353458196 5.93013178489239 0.511249654696611 9.11882177090665e-05 0.924793435410198 0.786951833777245 0.363511271845674 0.614451376383746 0.383572208122043 0.0510693712322893 0.499732695042695 0.387494298064888 0.608035658928489 0.219437848803787 0.721957797110324 36.9822891152335 3.665018 2.1161937867337 0.1317636
1.37141204329899 -5.10826713796543 -5.94606844119169 -3.01522361892959 15.5040800828979 -5.14997390179571 11.5080673892446 6.55365197447216 6.83452263523502 0.693518627462419 9.94576164735709e-05 0.274098867049522 0.831213308570093 0.287185951195845 0.113509010051226 0.814022660304118 0.607098374657015 0.988142346519152 0.468842922475833 0.422817259966901 0.54124588417224 0.208769843648875 32.1620488394219 3.665018 1.98814394976934 2.613925
1.91979447171134 -2.63315183656967 -9.26995855974563 -4.64019427703469 16.1825993495458 -3.83282045527123 15.4853981940115 5.45722252169409 6.14092599828097 0.360585351393667 4.94600041962496e-05 0.848669272012436 0.699568698715429 0.809924257953982 0.877081449076331 0.907801507667727 0.60796459008493 0.30410590829325 0.456585697227373 0.139120747053412 0.637768981878487 0.706582182879714 25.8667332959519 5.064774 1.74146608228471 4.448141
2.01165807288764 -7.85634465607446 -7.0814577680262 0.554104546922424 10.0674291080489 -2.09436647661867 12.8750573460135 6.1882852746876 6.30609442585615 0.281896213543088 9.43135335869826e-05 0.749947701018769 0.432861147195567 0.250739084133677 0.228262611755564 0.201045579972647 0.741042068217166 0.224347580068609 0.8518738598251 0.975858711856225 0.245760007986378 0.624613810200217 41.9033994307579 3.160471 2.82314354989229 4.448141
1.77675178333344 -7.99006321665974 -4.84163492166239 5.96131100936163 11.0661242728669 -7.2252060813815 16.8356071106541 5.75606498714425 7.06110286845262 0.221402515362597 3.82428129598665e-05 0.733253292130892 0.067437627599678 0.142623182452163 0.291814270981034 0.798323291628648 0.171801416342523 0.435899091893247 0.49205603813886 0.450804439503258 0.0977796105151943 0.757230730077255 37.3461248106514 2.589022 2.66587208704906 5.444723
1.92347896345263 -5.06916061973683 -5.17595195150243 2.8806833918677 11.8144247513663 -8.15156517727978 10.7289904855726 5.5091869154304 6.95511182566247 0.837137908631128 3.72986477045319e-05 0.974845574953865 0.548222877548597 0.855665738501846 0.392440647364764 0.811541787889328 0.601737454480048 0.819175341509987 0.722413683765379 0.256549439777323 0.63661592804044 0.472530220591423 33.6504005664358 4.840426 1.8590866286525 0.3613683
3.02756416297867 -6.49940306517865 -4.12838209941377 -5.12176715616891 9.83407946371298 -7.40775352574835 8.66595632522845 5.54615521390897 5.52643164670592 0.323401528338003 7.23465057134752e-05 0.70985555467225 0.633162813963639 0.0853257617995714 0.05693371921158 0.270832292762896 0.675384157246193 0.452037428904538 0.160159124910548 0.939582612273378 0.325877442032287 0.713163498664991 17.3017328873037 1.642876 1.06964783755223 4.448141
2.17449497041343 -8.08579055831733 -7.1196385731091 -2.2579773514714 11.02361333508 -4.3198837926596 19.3308583567129 4.7065475596128 6.95557831538887 0.572892514380245 7.17453978090056e-05 0.912485218489559 0.68607891807969 0.557892028705154 0.642367861070891 0.666995880532201 0.342163860093021 0.887267426776258 0.645296456385804 0.96906683928682 0.928426728770991 0.403308308308899 22.8128184177465 1.688709 1.60795491444662 4.448141
2.03259844192103 -8.41493795472022 -4.70543973861815 12.6368066004048 17.1288902649502 -8.34228465861557 11.5508933788875 4.73543705291154 6.75540618910937 0.359879703109173 2.23607850479953e-05 0.71343690059115 0.822614086612691 0.340184626911849 0.691821604271961 0.262640692779374 0.729657029005253 0.467782258448151 0.00957499890547808 0.131149217597391 0.462846640792319 0.873560638478958 33.5999708089615 2.380429 1.95410141474842 4.448141
2.205484461975 -6.38330359438574 -4.06127717846123 9.50817279612142 12.1148212359665 -0.534750334074316 19.2645524486137 3.86371178391596 7.19750991515901 0.210162998303443 8.78990757881972e-05 0.279446128360645 0.485779107973164 0.105879899276249 0.607439651757356 0.600505182274843 0.815999925985094 0.601905013398175 0.012868089015964 0.668489548002224 0.131416407556552 0.108364660990153 30.8716140729436 4.840426 2.17192835544437 2.613925
3.38510438674614 -8.39911407662648 -1.77401340700936 -2.35036366748502 2.85248647098636 -0.924345829916907 16.1167550088575 5.72672563422433 8.01822614167433 0.140862595218506 8.19921374713058e-05 0.522371083727447 0.19431334415195 0.139147679415789 0.44530074407783 0.178509576829633 0.319734013177164 0.162877206971529 0.776713340672098 0.292723793404175 0.702217226170232 0.0699008666714529 41.3715232890297 3.160471 2.63267044919389 2.745494
2.93550353151293 -9.45275758964599 -8.35863220896627 6.91070632012315 5.81100128181604 -6.60409555064552 17.2670987201763 5.02160624788658 8.09429594378231 0.751463159568999 4.49412157989806e-05 0.862136879383333 0.0456249282715968 0.454523081767321 0.438780458061961 0.621303404639294 0.202027405632903 0.97929720559863 0.378756070998568 0.453822654696044 0.34058424332179 0.9604262835511 37.7877289441924 3.160471 2.57357283489283 2.613925
1.02022633708438 -3.5532968437255 -3.01118639355281 17.5351198509017 15.5607931025559 -5.15880441480251 8.45487644893616 7.01437593630198 5.64895689312269 0.176137964496541 3.76149965027812e-05 0.917402703275277 0.758317811368269 0.904840860148329 0.304654475850833 0.737562250367785 0.42845004924165 0.736462984097852 0.620818038137486 0.962422289649666 0.881440591021042 0.886593489456754 27.9058544888117 1.688709 1.58404391942343 2.745494
4.93366924254763 -5.3531428334827 -6.23243013568338 -4.32772190873928 13.8865865037807 -9.29240207426072 13.0717507568474 5.09577989375873 4.66604846428475 0.661326803513075 1.00810142647051e-05 0.968003362113375 0.138916320751134 0.950713258681019 0.605877536656814 0.888806514391057 0.14995330742892 0.729930984223918 0.38811402008716 0.21726107830219 0.735025183582385 0.751792101248751 37.247265273846 2.380429 2.21766433178695 4.448141
2.92351780868497 -0.647130255403216 -7.48273095610633 16.741330678374 15.7617802436662 -3.3306070627865 8.19012085136519 5.5515451016078 7.8017596972919 0.519293147379546 6.19722832541599e-05 0.0939583777724348 0.0676503567820081 0.407308954310143 0.205654733854947 0.331543108845946 0.325094239260718 0.569236028344791 0.0290140453803864 0.720544401300559 0.852242121648655 0.1945488043301 39.5561012691291 3.160471 2.44007250947061 5.444723
2.79120361854995 -7.81200674533028 -3.92116378212671 -4.96724131214784 6.77873338274842 -9.5148870636693 19.4406897337577 7.02270156123145 2.64099228170353 0.769253416992514 2.95399205583503e-05 0.549852437991354 0.582701006677802 0.657504849281958 0.26752976469353 0.708296122143159 0.714851620161326 0.104229941016475 0.916784519405512 0.498738146854951 0.496787449835409 0.249913127803247 43.2248052793004 5.064774 2.77908092040464 1.31422
0.808031039922214 -2.90679693582182 -0.917697505569354 4.42608714311522 15.1904812969189 -6.89660761564904 19.0887523239773 5.58814340464659 6.38239187941469 0.560778271015696 9.3960584925951e-05 0.847600711440165 0.141531574273949 0.655256079694771 0.798804150708903 0.938980224546945 0.90186984802292 0.561827532892886 0.606084951661979 0.67882425776652 0.194307508643876 0.748352523573808 42.5702778453763 2.589022 2.72283080454065 2.745494
0.928966206471268 -2.98049713221772 -7.32580485967693 2.56739236608547 7.16035338078328 -5.23566614387107 14.1247766469058 5.53855643442656 5.97920211051492 0.781406616571249 8.581790239152e-05 0.921581998815653 0.568541163963513 0.619215834943221 0.672862329146254 0.430141358644302 0.19756658055765 0.0871057654651951 0.705254629983752 0.298504834267979 0.396164457484092 0.236226478222065 46.6403550128718 2.589022 3.07272671222124 2.613925
3.40298628740804 -7.33855568834641 -7.13959459742264 -4.45326213138055 9.93206771675598 -6.17066295566552 15.1494192545207 4.49007871577662 7.3762443299135 0.456112069540874 9.74713812716421e-05 0.577092876374161 0.406397110858799 0.55111452951664 0.666513985555282 0.518640446140264 0.678187368374324 0.110178676787374 0.0982230769863208 0.576691611729199 0.73001626541521 0.74565020962091 30.212198748761 2.380429 1.85222186067436 4.448141
5.1343213613653 -9.53145001099424 -7.7519814336791 -4.50020269059924 16.2302238371097 -7.91610550447217 16.139508248713 4.71370164919301 7.12387343395765 0.480251945312833 6.50334887631242e-05 0.418447243725895 0.508366503868471 0.722742487938082 0.175561798828711 0.235439055187061 0.530352320335134 0.859793194926882 0.383015530690433 0.976663499745563 0.900542217617536 0.488049305474147 27.426242132453 2.380429 1.66529483805099 3.031648
