2.041441
0.695235
1.661634
2.404345
0.5298597
2.472365
0.5190336
0.7720687
1.065255
0.7213267
0.8640892
0.3758105
1.48273
1.074468
0.9223908
1.562634
0.7702374
2.08679
1.748855
0.9192331
2.360591
3.064634
1.883768
3.007304
1.764186
1.050249
1.159802
1.577784
0.719427
0.9794777
0.8947486
0.4338871
0.2382504
1.803471
2.739584
1.87588
0.519327
0.4362314
0.5295829
0.3426532
0.431911
1.674824
1.161181
0.9859449
0.5795218
0.9926097
0.9648243
1.489905
3.157957
0.866054
2.038546
2.140865
0.9444986
1.221527
1.802003
0.6385091
1.136594
1.705791
0.3936856
0.7592123
2.679223
1.146226
0.8404882
0.393028
1.38249
0.4654699
0.917057
1.065081
1.313609
1.657251
1.623728
0.9981363
1.869483
0.6489608
0.7100819
0.6958816
0.4948733
0.9626725
1.2189
0.8294303
0.7993394
1.571196
0.7610037
1.760889
0.6783247
0.9184815
0.6337975
1.483758
0.5845833
0.4791065
1.250313
1.114928
0.7299207
0.8657665
1.27494
1.737197
0.5155143
0.5821814
1.72506
0.5388492
0.3902666
2.80428
0.4255602
1.061688
1.44067
1.109058
1.322684
1.631256
0.569062
2.461118
1.82325
1.925202
0.5992852
0.6126914
0.8798678
1.034226
0.9732597
0.7554474
0.5832402
0.6311811
1.090239
0.9725384
0.7329788
1.59135
0.4753492
0.4356376
3.034998
0.9052887
0.6615378
1.574074
1.698895
0.5644068
1.006098
0.8004178
0.6308902
1.002152
0.674317
0.9160769
2.824883
0.3203164
2.387493
0.9809912
0.3176876
0.4685908
1.673876
0.4642837
2.190839
2.841695
1.402572
1.120222
2.339139
1.382081
2.124718
0.6721011
0.9365713
0.7716063
1.884241
0.8849356
1.223342
1.701112
1.079292
0.7641793
0.6091352
0.6167803
1.474177
0.7410972
1.474026
0.8686421
0.9843319
1.421494
0.8872147
0.6608445
3.119712
0.4923015
1.539748
0.7358599
1.092333
1.128432
0.7116977
0.4816193
1.555171
1.864023
2.040722
0.6359454
2.166862
1.105195
2.613657
0.8405017
0.7328272
1.135865
1.305766
1.523638
0.9233686
1.184366
0.843259
1.557387
1.677821
1.414978
2.733459
1.180631
1.041472
1.038434
1.288786
1.288445
1.976247
1.373849
0.8970575
0.9650753
0.6253989
0.3881515
2.229914
1.040998
1.107196
2.004135
0.2095253
0.8477213
2.07977
1.631037
1.986994
0.8363681
0.6600311
0.5461386
0.8370091
1.101857
2.162622
1.011827
0.5837169
1.363488
1.0972
0.5696952
2.703244
0.8257944
1.037488
1.204033
2.285631
0.6913823
0.9210737
2.749026
0.8908695
0.5659978
1.780915
1.446618
0.5961013
0.4156173
1.116189
0.5473711
0.423132
0.7398597
1.749714
1.400362
2.975878
0.6828623
1.306702
1.524648
1.363961
1.034169
0.6542193
1.167325
2.271135
1.449378
1.763583
1.438396
0.9812339
0.5766829
1.349902
1.379827
0.9329767
2.077382
1.53713
2.178535
0.8569909
0.489244
1.90838
1.008684
0.9057418
3.428461
1.03077
1.5197
3.015376
2.243721
0.5691016
0.4243704
3.795964
3.670413
1.615612
0.5875744
0.5088959
1.695072
1.186695
0.797063
1.896046
0.9114877
1.059503
1.289282
1.124034
1.91346
0.8588869
0.687703
0.5904565
0.5977681
0.4768769
2.116406
0.8745658
0.876581
2.048415
2.328179
1.100858
1.262093
0.8015479
2.226583
1.782114
0.7561326
0.9732319
0.5426701
0.6604864
1.121963
0.827787
0.5977511
1.367145
1.495186
0.4190324
0.7171365
0.5927475
1.578251
1.026017
2.576174
0.5001122
0.9381731
0.4855622
2.925594
0.5238998
1.031796
1.589242
0.5387254
0.6279638
0.3273927
0.906217
2.341381
2.195339
2.296438
1.786115
1.20969
0.9842524
0.7304889
2.045969
0.8242093
0.8031505
1.792454
0.5429746
0.816461
2.761907
0.8544751
0.5788727
2.191913
1.468373
0.3941799
0.490156
0.6338446
0.9287009
0.4208616
0.5314167
0.809741
0.7141974
1.562533
1.355898
2.011498
0.683705
0.6809165
2.202918
0.4508159
1.82556
1.888815
1.224729
0.8280354
3.089502
0.8172344
1.962245
2.143148
0.9881083
1.829808
1.694174
0.4446385
1.575245
0.6982289
0.4471673
0.9170086
2.035546
1.199325
3.108473
0.6914337
3.40255
0.5906903
1.297081
0.364324
2.277439
1.280217
0.3199101
0.7563449
1.506744
0.7094164
0.4867029
1.088132
0.680674
0.5034062
2.645804
0.4838915
1.853227
0.5671231
0.7011744
3.487345
1.482949
0.4371159
1.398979
2.129363
0.5580748
1.071002
0.5330458
0.5199624
1.176217
0.9691773
0.3497414
0.4652112
0.5330487
0.5830332
1.297597
1.923662
0.8239573
1.2102
0.2906428
1.222118
1.238214
1.097843
1.108145
0.5092502
0.8066651
1.7263
1.096774
2.983167
0.7640731
1.162926
1.294502
0.8226791
0.8274569
0.5949162
1.327227
0.2970228
0.2994821
1.530652
1.648051
1.505824
1.447571
1.259911
0.4895217
1.112596
0.8227378
2.358813
0.2494652
0.6979584
0.6160187
0.5572093
1.710796
0.4472593
1.230586
1.292453
1.13446
0.3934822
0.437999
1.855403
0.8551999
0.6830456
0.8679175
2.277253
0.8020044
1.235197
1.236978
1.06368
1.355136
1.063458
1.960635
1.049026
1.2322
0.5416275
0.9782472
1.09364
1.08092
0.4806737
1.018536
1.563814
0.6961482
1.878141
0.9150624
1.189039
1.667728
2.363391
0.864692
0.4799051
1.297843
1.27809
2.565779
0.4496372
3.915348
0.6555802
2.26329
1.083924
1.742652
0.6755266
0.8511163
1.435763
1.086643
0.9432666
0.7254167
0.5120958
0.7130206
1.071461
1.352396
0.8887714
1.478285
0.8750609
0.9729276
0.4508407
0.6370766
0.5268312
0.8642402
1.337757
1.038001
0.7659464
1.002058
1.983618
1.389553
0.7527021
0.8523759
0.5404712
1.473917
0.4923922
0.9638749
0.8207651
1.793932
0.9979858
1.049276
1.901545
0.6089033
1.125733
0.3719574
0.4194337
0.5369692
0.626391
1.549473
2.883354
0.7129869
2.08961
1.770868
2.41473
1.434861
1.757466
0.2939581
0.8662188
1.129791
1.83666
3.084052
0.6684712
2.265562
2.767457
0.6538195
2.057347
1.334727
1.065982
1.572657
0.7313184
0.4208691
1.028026
1.946203
0.6125857
1.166754
2.133295
1.571709
0.3634259
0.974857
0.7170243
0.61271
0.6138611
0.6418395
0.6234071
0.4521446
0.8401171
0.7811124
0.6386474
0.9424919
0.8812646
0.435658
0.5565195
0.4548847
0.5924774
0.6051065
0.6758307
1.165799
1.150291
0.7613594
0.3709561
1.697414
0.4498052
0.6755585
0.4437168
0.2737351
1.023422
0.9721566
0.6763471
0.5037907
0.2699325
0.3676362
1.401066
0.7305322
0.9424818
0.8986422
0.6407523
0.9183985
0.8026445
0.576625
0.5153298
2.00776
2.596988
2.086124
2.514276
0.3962019
1.400318
0.8844465
0.7895159
0.562292
0.5554648
1.114624
0.9770294
2.021611
3.396877
0.6116043
0.472666
0.9788908
1.533285
1.637207
1.521639
0.84371
2.31185
0.4557955
1.533015
3.554588
0.4526235
0.5967026
0.9831435
1.332422
0.61035
0.1832639
1.554836
0.6522816
3.508046
0.431861
0.3187402
0.9765015
1.158371
1.350472
0.3887222
0.6678021
0.7877871
1.93181
1.683874
2.230456
0.4190212
2.079273
2.999221
0.620264
2.767777
0.6341082
3.030099
0.7653584
0.3904206
0.2926716
0.9473482
0.7123488
0.4416886
0.6005219
0.5975432
0.4402064
2.927095
0.8465616
0.7923298
2.01305
0.2898696
0.564586
0.889223
0.4359628
0.6482794
0.4774824
0.3884801
0.4420264
0.9640913
0.6577942
2.198126
0.4995613
0.9979462
0.83142
3.364762
0.366811
1.636659
2.42506
0.9592216
2.097257
2.945359
1.117228
1.775747
0.51574
0.4956416
3.665522
3.302562
0.9863385
1.403124
3.831315
1.52929
0.8144723
1.607515
2.821278
1.243493
1.274426
0.3223745
1.557089
1.208722
3.027638
0.5882168
0.935992
2.387388
0.3878465
0.4862056
0.7939324
0.6169545
1.631113
2.126498
0.7495275
0.4596297
1.786721
0.6651489
1.095679
0.5123417
0.5618862
0.7965697
0.7336837
0.4835986
0.9965508
0.8471307
0.5470054
1.203317
2.015749
0.4205541
0.9289403
0.991394
1.519783
1.124701
0.4671541
0.9278197
0.6782956
1.535899
1.362062
2.116635
2.469978
0.7582263
0.9290378
0.8192059
0.5864474
2.327614
0.8532756
2.150913
0.5149755
0.5063495
0.6259107
0.6167599
2.840568
1.406586
1.889406
0.5070319
1.019801
0.470978
0.9063028
0.5917358
0.3242912
0.7093333
0.4267158
0.3283271
0.3132218
0.8586423
0.690467
1.491127
0.4707497
2.268602
0.2902914
0.5595518
0.683008
0.3832225
0.867818
0.4058795
0.7337027
0.9633633
0.8075858
1.231864
1.238043
0.6517514
1.720716
1.691417
1.033082
0.7878808
0.6516723
0.8264754
1.564507
2.008377
1.784389
1.620269
1.560985
1.465469
2.07983
2.140785
0.7165726
1.416568
1.966228
2.262986
0.3987721
0.5456864
0.588511
0.4816868
1.095106
0.8889243
1.013104
1.581397
0.7004843
2.592196
0.8293048
0.7218618
1.359966
1.677087
0.6340857
0.9859235
1.022273
0.8347054
0.7377206
0.362519
1.559577
1.190319
1.766097
0.9375946
0.5235873
1.136777
1.14655
3.367503
0.6035345
0.3866535
0.5357656
0.5654308
0.5205612
0.4919399
0.3358494
0.7684605
0.6439518
0.4747438
0.92376
0.3961478
0.4903342
1.077408
0.9191533
0.616462
0.4060576
0.9043383
1.82251
1.195518
0.6871522
0.5180717
1.841297
0.9200718
0.3556334
1.519198
1.054653
0.5810849
0.6164662
1.544224
0.3214021
0.4141868
0.4089388
0.6424145
0.4907984
1.27192
0.4555113
0.5034709
0.6324353
0.7158976
0.3882499
0.9247122
0.7134148
0.4944934
0.4045578
0.4430435
0.9794834
0.471926
2.028145
0.4658118
1.019467
1.569669
0.9725733
0.8443872
0.6632765
1.882309
1.032841
0.412952
1.646242
1.509426
0.8263815
2.4159
0.831853
1.465475
1.901849
0.7399963
1.564489
0.84659
0.9625252
0.987235
1.190482
0.9595857
1.089099
0.8608021
0.9941719
1.245859
0.5344217
0.3826122
0.5304115
2.107914
0.5933165
1.219215
2.231773
0.7977099
1.048968
0.6900682
1.18106
0.5705045
0.7514513
0.660983
0.5656042
1.358693
1.39317
0.9391628
0.4263342
0.430331
0.9779084
1.526191
1.022976
3.403598
0.5115041
0.8226049
0.4617014
2.182608
0.7614393
1.003017
1.008097
0.6945337
1.25633
1.404276
1.027851
0.81088
1.197942
0.6451179
1.096867
0.7106471
0.8083177
1.032827
0.5904948
1.153724
0.4664578
0.524679
0.9088473
1.763254
1.53351
1.312535
0.6996432
0.5023966
0.8243466
0.7882931
1.828543
1.203884
2.132166
1.932547
1.649402
1.756974
1.171921
0.9346593
1.068849
1.252157
1.348202
1.041694
2.898727
3.285205
1.789802
1.49742
0.9797481
1.855607
1.900523
2.481904
2.933384
0.4566974
0.915551
1.807504
2.001079
1.106146
0.6558726
0.5624273
0.7521349
0.6760307
0.5732148
1.028806
1.962484
1.534782
0.8572833
1.200689
0.3713469
2.67872
0.8295687
0.6275683
2.426127
0.6878387
0.6909917
1.144286
1.384089
0.8790495
3.445857
0.8519014
0.9504075
0.3924712
1.278325
1.927142
0.5487809
0.8776938
2.279306
0.9607041
0.9637699
1.169658
0.612371
1.568747
1.946351
1.248343
0.7371742
1.460514
0.5215338
0.9395957
0.4366058
1.398749
0.4505894
0.8879862
2.44508
0.6548306
1.103622
1.217603
1.074129
1.603214
0.5526768
0.6771131
0.569982
1.049865
0.6693077
0.7977052
0.8208365
1.466071
0.9439298
1.078577
2.64533
0.8114961
0.6317268
0.3757643
0.9416732
0.8637856
2.352571
1.589335
0.8325369
2.779599
0.6112531
1.348672
0.4170463
0.7354712
0.938896
0.4282361
0.4208104
2.576782
0.7579793
1.371661
1.424947
0.4115262
1.777628
2.399587
0.7299594
0.3490277
0.8538597
0.5392389
2.463206
0.9038984
0.639398
1.621537
1.713528
1.875109
0.4054266
0.5347657
0.881514
1.474189
0.4574431
0.7588046
1.09312
1.333087
1.191991
0.7977354
0.8408892
0.8088101
0.8242229
0.8745152
1.602909
1.01999
1.699096
1.139256
0.7663888
0.6682882
1.775935
1.532105
1.484438
1.148024
1.424847
1.397369
0.7873781
1.06725
1.103001
0.4986064
2.738759
1.246434
1.834707
1.295159
1.215932
0.8142787
0.48908
0.3345712
1.11381
2.750579
0.4753384
0.6849288
1.349355
1.056272
1.449562
0.4567114
1.119837
1.210466
1.057516
0.8266291
0.7947542
3.963072
0.855169
1.044433
0.3894976
2.968183
0.7678968
0.8813615
1.259714
0.498321
0.6197693
0.8904283
1.155289
1.656461
1.206169
0.7020222
1.058037
0.6563407
1.047346
1.360826
0.7543076
0.5844756
1.829334
0.7329743
0.9472262
1.784462
0.4903876
0.7803625
1.079059
0.8610465
0.4672941
1.910992
1.895028
1.259707
0.4952041
1.57252
0.9020455
0.5398545
1.682655
2.0088
1.541726
0.6255947
0.7255774
3.632416
1.998261
1.393892
1.509658
0.5525597
0.428956
1.284229
0.6295876
1.027479
0.8545293
1.27771
2.041397
1.374393
0.5330242
2.166441
0.6417887
0.5981883
1.919109
1.111018
0.8971112
0.8672219
1.447559
1.017178
1.13167
1.156439
1.180534
1.683169
0.8869131
1.229118
0.5062265
0.582516
0.8986525
0.9280791
0.6459162
0.5864625
1.925019
1.273378
2.811155
0.7686432
0.9217715
0.347717
1.931721
0.8649785
0.9968439
1.838753
1.778671
2.498869
0.8576009
1.5264
2.452116
0.6247601
0.6426468
1.178892
0.702263
3.557897
1.770911
1.049797
1.755656
1.623978
0.5548515
1.206253
3.591173
0.7894794
1.05493
0.9481665
0.6903261
0.5612185
0.546889
2.243298
1.194376
0.719977
0.5099928
0.5758703
0.934841
2.083027
1.712845
0.4897177
0.3051795
0.7648176
0.4963467
1.243998
2.269669
1.03454
0.3056987
0.3477084
0.7104511
0.7425133
1.082582
0.5943267
1.387616
1.222194
1.004765
1.008836
0.3710288
0.6932139
0.54013
2.960436
2.611122
0.5560092
0.918339
1.954453
0.940738
0.9534605
0.5657821
0.8454334
0.5994552
0.8720435
1.8467
1.085105
0.4290748
1.588285
1.496746
0.7368898
1.260108
1.315937
2.381002
0.4745502
0.6998274
1.406947
0.7190742
1.00489
2.854976
1.349253
2.465623
1.746499
0.7192634
1.479324
1.262278
0.4372428
0.6357966
0.354336
1.17807
1.229664
0.2795182
1.415036
0.6521949
0.415038
1.139194
0.3145706
0.745786
2.038279
1.615588
0.5987073
1.270504
1.139203
1.246404
0.5991598
0.5663162
0.4515246
1.031489
1.122836
1.440555
3.932763
1.049239
0.7399294
0.7577133
0.9384803
0.6565638
1.080756
0.4560228
0.5974349
0.8218382
0.6187068
0.7041859
3.840619
1.081282
1.655842
1.056993
0.9755036
0.7348231
0.3411644
1.360097
0.6939291
0.579221
1.07745
2.827424
1.754893
0.9125308
0.6447001
2.333745
0.9870049
0.967478
2.513359
1.613849
0.8542385
2.215002
1.255676
0.5598617
1.753603
3.676624
1.228439
1.554671
3.945329
0.6268402
1.145924
0.5113656
1.233527
1.042068
0.508631
2.263476
2.022262
0.8961041
0.9613241
1.192859
0.6773762
0.9148948
0.4826458
0.6234085
0.7101993
1.27852
0.9728335
0.7550431
0.7541239
1.597359
2.413417
0.7744558
1.702484
1.739283
1.176928
1.103519
1.789258
1.901442
0.5203645
2.68209
1.250853
1.15682
1.915678
0.8669695
0.8347898
1.724453
1.009197
0.5099106
2.277461
1.507735
0.4873711
0.3737464
1.102473
3.607938
1.535193
2.887258
0.8290239
2.13086
0.4146499
1.590079
2.057361
0.3606812
0.6892843
1.305617
1.284022
0.6061691
0.742817
0.7384128
1.850395
0.7917524
1.297491
1.464951
0.8737542
2.334363
1.395515
1.364651
3.175211
0.5931127
1.442538
0.9121966
0.4314053
0.7688548
0.9534115
1.136979
0.9301637
0.3139291
1.825975
0.2645787
0.5889874
0.950938
0.7432523
1.858495
1.686008
0.2703746
1.4353
1.118399
1.156484
1.490228
0.4748336
1.189953
0.6792615
1.25573
0.7932628
0.5177609
1.8874
2.3874
0.7572656
1.015763
0.6033203
0.6945719
1.069527
0.9578844
1.568562
1.882005
2.559026
1.454039
0.4518354
0.6841669
3.656248
0.7541996
0.735753
0.7670428
1.30506
0.3988201
3.651585
0.8069796
2.832057
0.8913836
1.603877
0.6251539
1.250266
1.473773
0.9313147
1.609227
0.9118462
1.04249
0.6496163
1.832157
2.205125
2.704203
0.5096513
1.982756
0.6179618
1.181438
0.6145654
1.521039
1.803391
2.129785
0.5910816
1.918906
1.418365
0.3937437
0.7646272
0.5727196
0.5474913
0.8907785
1.565959
0.5695367
0.7306705
0.7064685
1.312125
0.8082969
1.581183
0.8247769
1.014855
1.163692
0.9256568
0.9107674
0.5013879
0.5338869
0.9189911
0.4325593
0.6946503
2.385484
1.605617
3.556116
1.305882
1.15696
0.9410133
1.177662
0.6744631
0.8453327
1.067925
1.248112
2.04466
1.744452
1.627148
1.931488
2.0998
1.986786
0.6089409
1.276117
1.963854
0.4642507
0.5394684
3.017898
0.8222672
0.9716011
0.5766701
1.416962
0.3492631
0.4050157
1.450408
0.6119728
2.586348
1.054047
0.7609351
0.5197109
1.359259
3.135591
2.2334
0.3693201
1.818428
0.71701
2.051473
1.797216
1.129721
0.2985539
1.240203
0.2942691
0.9249806
0.3502526
0.6945235
0.8734811
2.006466
1.872402
2.514328
0.9792097
0.2899111
1.373837
3.262409
0.7018631
2.97731
1.959508
1.27225
0.9593274
0.5283913
2.516329
1.14728
1.374207
2.485327
1.985382
0.6874329
1.51811
0.9160211
0.4210624
0.6341339
1.851298
0.7640313
0.5314079
0.574522
1.387595
1.075867
1.157583
0.6533648
0.7115639
0.6090424
1.544153
0.4301621
1.906827
0.8317203
0.3680062
1.464856
1.061096
0.9282639
0.79565
0.7017336
1.202404
1.814268
1.104605
2.503985
1.530699
1.900793
1.388471
0.9288253
1.063799
0.6227141
0.374079
0.526391
0.8181417
0.3429031
1.035939
0.5568946
0.6077315
0.6511307
3.392261
0.3505633
0.3504296
0.5048202
0.4275456
0.545608
0.5502041
0.9439531
2.557422
0.705388
0.2635327
2.110451
0.4477227
0.4052467
0.5966709
0.69956
0.8512192
1.121898
0.3721459
2.116098
3.789878
1.053704
1.366199
0.8907881
0.6849558
3.403057
0.4330243
0.7556103
1.170497
2.587668
1.390601
1.785976
0.653954
1.155267
1.000817
1.033369
0.6637983
0.9814024
0.8782452
0.4660642
3.486696
1.110318
1.336342
0.6354076
0.836966
1.473435
0.613832
0.4885254
2.471017
2.477638
1.502022
0.7519562
2.045598
3.005711
3.035741
1.304304
1.467382
2.370638
2.231889
0.9256516
2.476318
1.647725
1.350209
1.809744
2.186738
3.285381
0.9502943
0.8549376
0.5324424
1.573852
1.137249
1.227374
1.432619
2.488778
0.6586708
