5.726786
7.501084
5.671677
5.060987
9.127769
5.198318
8.326433
6.847242
6.368784
6.966971
6.420697
10.47729
5.194032
6.395948
6.849178
5.066149
7.42942
5.902252
5.087365
6.493076
5.098629
4.581126
5.193167
4.795105
5.333692
6.320622
6.214421
5.699795
7.776314
6.628811
6.293623
10.90632
12.74843
5.299511
5.164166
5.129796
8.618619
8.559439
7.776636
9.147628
8.376671
6.050626
5.916408
6.148695
6.840632
6.572894
5.894631
6.410009
6.205097
7.750091
5.899019
6.005328
8.020799
8.658561
6.603385
7.4679
6.674324
7.91672
11.12575
10.82918
5.634932
6.934071
6.446019
8.803859
6.071355
10.09145
9.969086
6.494928
5.671486
6.245339
5.800812
7.222738
6.083055
8.559701
6.760302
7.442496
9.265768
6.384329
6.304187
7.583555
6.839033
5.872525
8.476363
5.557801
7.76069
7.285107
8.13003
5.92643
7.963447
9.435399
5.801646
6.131053
7.679487
6.800056
5.443143
5.507168
7.376411
7.257323
5.393114
7.636519
9.728653
4.694521
9.645983
5.717459
5.564814
5.998876
5.855344
5.784758
7.865763
5.295834
5.599336
5.18287
7.77796
7.645119
6.63358
6.903699
7.381175
6.847371
8.46081
8.087082
5.894756
6.482914
7.829198
5.90763
9.633557
8.737447
4.575819
7.029036
7.615132
5.431901
5.315369
8.63472
6.101874
6.477243
8.939883
6.375826
7.573216
6.393255
4.68414
11.07596
4.707836
6.286089
11.1802
8.984708
5.299107
8.991096
5.249785
5.345304
6.040831
6.237905
4.89436
6.635582
5.2933
7.898876
6.328635
7.197564
5.365622
6.639261
5.82468
5.563691
6.369045
7.353311
8.535217
7.971301
5.645561
7.260659
5.943796
7.13326
6.504292
6.13094
7.648447
7.855749
5.347926
10.39216
5.519796
8.10362
5.823609
6.294644
8.204184
8.883738
6.326323
5.53449
5.392629
8.836792
5.461527
7.770625
5.006492
6.946947
7.883822
7.50543
5.787008
7.112793
7.070674
7.66681
6.761231
5.272194
6.154819
6.64476
5.037488
7.805532
7.019345
6.520157
6.011506
5.110142
4.696742
5.398879
6.537666
6.193483
7.306238
9.770504
4.829858
5.285402
5.266768
4.53654
12.09469
6.776338
4.64719
4.516783
4.789136
6.291769
6.945084
8.237696
6.565116
5.911171
4.499089
6.005465
7.371516
5.283182
5.307446
7.295421
4.580187
6.017683
5.597968
5.42857
4.847539
6.776156
6.60269
4.599893
6.43535
7.610828
5.055588
5.750748
7.109009
9.313608
6.087922
7.368761
8.498301
6.660411
5.254112
6.756234
6.179589
6.581817
6.247482
6.13737
7.108982
8.118346
7.527771
5.516809
6.43052
5.895301
5.984368
8.008636
6.451404
8.902038
6.099869
7.785508
6.531369
5.62478
6.534811
5.518743
7.07854
10.63797
6.015522
6.43515
9.128095
4.895937
6.347395
5.005604
5.139493
5.002686
9.685843
10.17236
5.304343
4.632378
5.731684
10.25972
8.026113
6.371419
5.870329
6.861811
5.644116
7.885242
8.901749
6.12708
6.696504
6.102289
6.73467
10.29403
9.549154
10.60102
12.63263
5.439609
7.713471
7.795187
6.007993
5.342391
7.603735
7.695041
6.656226
5.273697
4.88008
7.268734
5.81264
8.327294
7.204141
5.860155
6.569092
7.73686
5.677751
5.52437
10.65091
6.747805
8.095148
4.790809
5.92867
4.866252
8.83484
6.37918
9.451694
4.714811
9.27321
6.514127
5.398558
8.673764
8.912289
13.87174
6.774839
5.496858
5.417155
5.527981
4.909979
6.315841
6.881982
8.006095
4.998132
6.51297
7.687949
5.432003
7.906607
6.658947
6.17603
7.250054
8.652727
5.897531
7.431378
11.25192
10.78058
8.60205
6.539092
9.858547
8.000915
6.627084
7.488182
5.753491
5.652233
5.071524
7.936127
7.759107
5.35175
9.713661
5.680058
5.66309
5.844632
6.789692
4.547912
7.573829
5.466706
4.859997
7.147509
5.445483
5.40292
10.41888
5.908477
7.236966
12.57992
6.817081
5.309214
6.58456
5.073328
8.80729
5.078425
9.089136
5.471107
9.612309
4.700548
5.42648
10.52389
6.629072
5.317648
7.181664
8.508215
5.51692
7.08449
8.747839
4.445394
7.747516
4.827784
7.245124
6.590152
4.418085
5.161642
8.651619
5.157064
4.726507
6.848991
5.71733
6.922424
7.064673
5.456918
5.951476
9.202907
8.264412
7.682268
7.684863
5.09205
4.790979
6.867776
6.079064
11.23222
6.40203
6.108467
6.161241
9.527488
9.083265
7.805956
6.141638
6.396884
5.23627
7.36403
6.612654
7.122449
7.16611
6.921836
9.054365
5.456176
12.85108
14.11978
5.383014
5.991178
5.186447
6.236175
7.153244
10.61833
5.937879
6.217791
5.129216
7.173399
7.591846
6.788159
5.082289
7.010257
9.107126
5.660087
6.870292
5.133091
7.299138
7.395487
4.64543
7.582713
8.19039
6.776616
5.122708
7.165477
5.533965
5.87867
5.728507
5.805449
5.655087
5.150876
6.268074
5.84411
7.950934
6.111586
6.080043
6.110157
8.328329
6.109667
5.364168
6.059546
4.933139
6.45133
5.506031
5.303209
4.622292
6.213372
8.534458
4.921338
5.613888
4.534848
8.900869
4.828033
7.761153
4.462712
5.767277
5.235522
6.92028
6.431198
5.270146
5.668194
5.571446
7.257323
7.370524
7.378135
6.095511
5.404023
5.678441
5.172154
5.924097
5.940651
8.115448
6.767143
7.347304
6.226338
5.92854
5.702133
6.588656
6.241861
5.553071
5.698204
6.730102
6.917804
8.543103
5.838802
8.011819
6.125758
6.875702
5.437075
7.123381
6.704248
5.197346
7.386289
7.539465
9.554974
9.819974
9.204983
11.1386
5.552258
5.800709
9.375364
5.440268
5.658941
5.270085
6.282259
5.881536
12.44883
6.665554
6.417101
5.880571
4.828342
7.648393
5.647626
4.729908
8.754127
5.3953
5.919837
6.383397
6.051732
7.878598
10.34153
7.126082
5.17862
8.573994
6.468268
4.687074
5.064541
9.926922
5.826528
6.08064
6.713441
7.451589
7.22752
7.435313
8.397718
6.332273
6.240716
6.716648
5.711973
6.284605
9.289074
6.974711
7.848123
6.876289
6.991257
7.358561
5.398767
5.548392
7.002125
9.349717
5.268823
8.780573
6.82435
8.406782
11.31977
5.609525
5.807151
7.61704
7.739781
11.70955
9.365691
5.523905
6.390284
6.023494
5.743706
6.815706
5.559893
6.255096
7.196582
7.652168
4.671732
4.426555
4.685967
4.571625
8.406765
5.202273
6.836976
7.296078
7.969281
7.647249
5.665344
6.189952
5.204106
4.489168
6.831001
8.604753
6.094295
5.496837
5.138009
4.937568
6.629154
4.670985
8.854534
5.323455
5.430543
6.956574
7.692387
5.338942
5.586095
5.942352
10.61865
5.55025
6.745563
5.138071
7.208837
9.618904
6.526484
7.132493
5.939214
9.223696
6.909743
5.383117
5.871522
5.786736
6.406249
7.859001
6.274076
5.064994
7.821864
4.667465
7.902917
5.037899
6.839463
11.92765
11.31792
5.892217
7.153988
9.647792
8.611701
7.8671
9.233202
5.372892
7.376578
7.265016
5.508737
11.90858
8.951017
6.195681
8.944016
7.885814
8.795013
11.071
9.198678
6.395325
7.520688
5.144951
9.786039
6.284239
6.730506
4.559222
12.90659
5.116439
5.281161
8.098673
5.52588
5.23208
7.38671
5.345439
9.369915
9.382852
4.964307
4.636865
7.511078
7.019309
4.677899
4.846561
9.001272
6.572264
5.607744
6.406701
6.563784
11.66278
4.804928
5.954224
4.441817
6.850021
5.688985
4.415301
9.058406
10.07657
6.07832
8.158969
4.837675
4.972652
6.226061
9.53027
4.916126
6.74692
5.602279
8.520457
6.959554
6.192768
6.226502
7.507001
5.908357
6.066496
7.805753
5.653345
4.941851
8.220088
5.594007
5.734696
4.866454
5.716624
7.847271
6.07007
6.350689
5.086584
5.124591
5.203944
5.109222
8.028423
6.148752
6.858611
9.011952
4.819503
7.103288
5.201708
9.514968
10.36768
7.296255
7.880102
4.689754
6.2867
4.999385
10.13015
6.986568
8.596791
6.05536
7.65368
10.36385
6.127482
7.978382
10.73976
10.23751
5.897478
6.521612
4.9978
8.597817
4.531637
11.35467
6.736226
6.887919
8.109253
6.024913
9.182556
6.011161
6.139992
6.880142
6.363449
6.136285
8.442366
6.087025
5.23183
5.921922
7.732821
7.570634
8.4088
5.235993
5.318385
6.42175
5.603257
5.155682
5.866404
5.231738
5.444904
6.524769
7.202356
8.09138
5.166221
10.76215
9.854385
9.641832
10.99405
6.179575
7.060361
6.222905
5.65449
9.664703
5.523811
7.242549
10.66789
5.565068
5.56075
7.772745
6.288542
5.586904
7.35996
8.14125
8.485266
5.962038
6.97185
5.400066
5.950923
8.961966
6.567715
5.810606
4.950853
6.967871
9.164486
7.932368
7.420833
8.125226
8.322883
9.985449
6.139538
6.651498
8.105584
6.213498
8.582671
7.476295
5.658822
5.530633
7.248787
8.720422
6.1705
5.562228
5.834349
7.140666
8.138646
5.240482
5.807632
9.622618
5.245521
6.791066
8.089841
7.61005
5.029096
10.91879
9.772121
10.13384
7.388885
9.384763
6.036128
9.410777
9.262942
7.606675
8.019014
9.448763
6.4831
7.521898
8.561489
9.287487
10.2288
6.538374
9.415718
5.254144
8.497516
6.540552
5.474634
7.010965
6.929201
8.055167
5.635535
6.13509
10.58241
6.113647
6.113944
6.293838
4.872246
6.435783
5.553797
6.356527
6.516339
5.20517
6.801784
6.161772
6.267351
5.751586
5.828203
6.185913
7.025887
6.308063
6.044512
8.529142
10.01802
8.021657
5.003052
8.280328
6.224766
4.93664
6.838754
6.502613
7.168926
6.038219
7.732574
7.401954
7.578055
7.657209
6.11138
6.092848
7.001807
9.576517
10.41279
6.716889
6.456668
7.30551
4.676259
8.424174
7.432491
9.159253
5.705572
6.842654
6.870085
7.88445
8.021159
6.878241
5.797009
6.484372
7.035785
6.318481
7.782154
6.365438
7.862396
6.735747
6.300213
8.571574
5.961045
9.288738
8.560923
7.041879
5.45874
5.56586
5.796608
7.995412
10.35819
8.004245
8.058986
5.553434
6.611804
5.264336
4.955702
5.306188
4.951847
6.899726
7.011613
6.357224
6.509424
5.792125
7.060209
5.682245
4.945951
6.574034
5.793133
6.098124
5.037445
5.983478
4.894972
5.525631
9.597392
8.104634
6.073177
5.969187
7.058821
8.783119
9.46282
7.942661
8.365375
8.735676
6.576335
5.513561
6.0879
7.7176
6.729048
10.8365
5.612355
7.250393
9.528248
4.769915
7.214416
7.158145
5.238131
5.574795
6.326172
4.380907
6.652975
6.371981
9.78457
5.507107
5.038831
8.489938
7.03035
4.905949
6.973601
6.579935
5.841561
8.013401
5.62678
4.723952
5.46463
6.545658
5.052941
9.15192
6.158776
8.731336
5.404935
8.230713
6.232996
4.557193
6.723653
5.354131
5.417786
5.876679
5.025521
7.673692
6.783897
7.589792
6.048563
6.763684
6.693412
6.385951
5.831172
6.159183
6.03549
4.904894
6.772684
7.116752
10.57129
6.571206
6.427135
5.805478
5.524759
7.350386
5.049148
7.453525
5.407018
10.04693
6.865356
6.164302
8.639605
8.661719
5.006917
7.203713
5.604962
5.364172
8.474814
4.660895
4.630243
6.594821
10.76705
7.081071
8.722808
4.862644
6.371224
7.473773
5.2276
4.764436
4.751666
8.564236
7.627212
6.219983
5.445842
8.750841
6.187694
5.648968
5.455753
5.89891
6.630687
6.250821
5.933883
6.672597
7.026787
5.990609
6.771808
5.528114
6.169169
6.978215
7.946853
5.918723
5.983909
5.630309
6.452965
6.085219
5.505449
6.485532
6.245034
5.886934
7.650528
5.819963
5.811103
6.428558
6.603942
5.436896
5.92501
8.102582
7.379571
6.16085
5.585776
9.706682
7.136318
4.637833
5.087832
5.240423
5.83979
5.537709
6.05575
6.198456
6.154676
6.731823
4.446926
6.704516
6.206578
9.379484
4.842485
6.735881
6.157679
5.48744
8.642225
7.240249
6.147944
5.887793
4.971582
5.665633
6.663646
6.249982
7.15692
6.110288
6.155194
6.921029
7.714533
5.3143
7.34983
6.076646
4.694323
8.357196
6.813331
5.727907
6.430251
7.901165
4.958213
5.02756
5.814463
8.654029
5.307933
6.618169
8.90182
5.148864
4.793164
5.368304
7.719291
7.403024
4.441948
4.607055
5.437075
5.421913
8.078015
8.482316
5.581658
7.24161
8.439281
8.458579
6.545656
6.03979
6.491023
12.56756
6.705902
10.31088
10.02303
6.427582
7.151267
7.177118
7.732347
6.208616
8.249104
8.52419
7.621021
7.581037
7.895775
7.998603
6.131106
10.04999
9.248373
6.676828
7.096065
7.736854
9.659728
6.398697
7.443372
5.848238
8.439875
8.81076
7.904777
6.919508
6.734809
7.546971
5.646341
5.460508
4.751607
8.666574
6.05399
5.698601
8.420041
8.970747
5.838691
11.77194
4.623799
5.862821
7.595937
5.80156
7.159207
8.946231
6.054741
4.850795
6.522339
5.946775
6.465917
7.053372
7.160445
7.81122
4.958009
5.524068
6.628471
8.674158
7.501439
5.931762
4.448204
5.102865
7.702173
11.69224
7.950687
7.555931
5.843505
4.786632
6.220015
13.64907
10.33188
6.560795
6.648084
5.965927
8.316817
5.797339
6.429904
6.98704
6.758318
10.844
7.106626
8.513621
4.479902
4.961772
8.10635
6.444084
5.358622
6.19993
6.002132
7.85149
6.571315
7.481104
7.161634
5.200845
6.040701
10.06067
5.400331
6.005643
7.42841
6.388176
6.115338
4.907342
8.910958
6.700624
5.23061
7.184336
6.64061
5.066134
5.313917
4.709985
5.197509
7.413977
5.640372
5.860526
9.370209
6.882144
10.73564
5.930347
6.120543
12.60528
5.898216
7.368923
9.559146
5.604291
11.89124
6.769261
5.217904
6.31046
8.564795
5.664435
6.203521
5.730503
7.971977
7.89948
10.49401
6.442404
6.412138
5.6475
4.522796
7.293719
7.374214
6.431008
6.650658
8.1672
6.225799
9.93374
7.220894
7.091385
8.028892
7.848708
4.919064
6.657311
5.523218
6.175939
6.498534
6.72674
10.61348
5.729827
7.808325
7.88744
5.686269
4.810443
5.991115
6.594955
7.74302
4.675217
7.243594
7.042045
4.541872
6.014507
8.17474
6.365857
7.126079
10.89377
5.695909
4.889724
6.812883
6.209021
5.243745
8.69529
6.579286
12.85975
7.944315
8.160151
8.387439
5.068098
5.277204
6.346707
6.649157
6.181414
7.786016
6.925169
8.022051
7.412684
7.06509
5.94953
6.600571
7.037817
10.65724
6.148485
5.90246
10.01264
6.279726
6.381416
7.135101
6.721453
4.56442
6.986594
8.926785
5.17412
7.990708
7.107404
6.516921
7.073689
9.41253
5.812116
6.154329
10.67314
5.184594
5.710771
8.917857
10.28501
6.208742
4.580215
5.565258
5.622884
6.89365
5.246522
9.250911
6.10995
5.283153
10.19842
6.744362
5.852976
5.583548
7.517904
6.420325
6.547268
5.126365
7.210659
5.523431
5.726215
6.645092
4.669193
5.644638
5.584277
4.410895
7.87794
5.080138
6.096088
9.247681
6.323461
5.820661
5.328873
6.33841
11.00305
4.99243
14.28433
8.401666
6.229712
6.584809
4.996619
4.734803
13.03987
5.067408
7.900304
6.098409
4.977113
8.953705
5.954599
6.747312
5.215134
8.242346
7.307028
5.202818
5.856509
7.185368
6.376514
8.184628
5.476788
6.055021
6.034391
5.513755
6.002687
4.715645
6.280582
10.06055
7.87486
4.598737
6.853475
7.006035
7.747739
5.383972
10.54759
4.573364
7.571299
4.944373
6.716181
5.391257
7.717751
6.023178
5.782785
6.516967
5.198091
6.576814
6.069818
7.826976
4.894069
4.872721
4.438712
10.66117
5.020037
8.905482
5.963728
7.572939
5.418473
5.377001
5.003929
7.895935
5.200641
5.382436
10.12746
6.547528
7.756654
7.541854
6.047875
5.131471
8.005642
6.708231
6.840677
5.304955
6.546645
5.229254
6.599623
5.622738
5.729122
5.930511
6.030626
8.143537
7.938769
5.994553
8.279406
7.170793
4.911915
5.10398
4.639472
5.580741
5.771573
6.199168
5.953033
7.047568
6.666784
5.832365
6.11213
5.527517
5.21238
5.206262
4.913382
5.32704
4.828179
7.819229
6.041283
5.197628
8.596346
8.503345
4.63415
7.753473
6.47581
8.326885
5.905758
10.62542
10.76591
5.841633
7.803335
5.006769
5.754267
7.146803
8.600087
5.760989
4.630329
4.729825
9.118328
4.98653
6.466255
5.009286
5.06975
5.083138
10.42667
5.413019
11.35953
6.082211
10.78351
6.477518
6.394049
4.702696
5.511083
4.792173
6.009196
8.186208
5.092596
4.869093
6.202286
4.479361
5.307805
5.180986
5.800154
9.149705
5.155088
5.628808
4.904052
4.439677
5.917104
6.741378
4.678068
5.779042
8.663459
7.024158
5.191248
6.599973
8.08868
7.202569
5.079924
5.752561
5.489845
6.879025
6.178623
6.808785
5.021194
8.380365
5.142965
6.494757
8.494143
5.065125
6.311638
5.638159
6.081852
6.281782
7.064633
5.368399
6.648444
5.142502
6.397305
4.371683
6.472673
6.48464
6.569424
6.420617
6.915043
7.276395
6.335219
9.591828
5.5918
7.021088
7.248729
6.488917
4.462434
10.80922
9.555799
7.788488
8.617185
8.421443
7.005338
5.89682
4.585525
6.237618
11.41224
4.598434
7.887348
9.298173
7.326066
6.885685
5.761849
5.106714
11.33996
4.717598
4.370168
6.429123
5.475548
6.562616
7.512829
4.608682
10.10926
7.730913
6.112414
4.885624
5.33141
5.35452
8.154095
6.350271
6.305986
6.081358
7.474673
7.964429
5.937558
9.648673
4.803345
6.791098
6.11418
7.847227
9.028373
5.540064
7.644266
9.098391
4.994652
5.105836
6.090301
7.870393
5.546139
4.748648
5.074361
6.244
5.272865
5.424279
4.665275
5.624527
5.45244
5.397062
6.949739
5.71315
5.361733
4.540171
4.570806
8.217678
7.667326
5.299235
5.918981
6.63292
5.503838
4.801802
6.395414
