17.31736
21.95725
17.34086
17.98243
18.58739
24
20.78308
24
14.0646
20.80108
17.02092
24
19.66526
18.30269
18.85837
16.90577
15.56308
24
14.45256
20.45319
16.09319
21.84172
13.85391
17.81021
20.92832
21.91136
14.77854
20.8503
16.40754
18.42675
21.25697
21.92932
21.26605
22.38977
19.59511
15.13669
16.55827
15.71162
19.5356
16.21245
24
17.55502
19.89312
19.89962
16.65389
19.46709
24
15.77615
24
20.0032
19.84677
24
15.60365
19.90169
15.27306
18.25592
24
17.78356
17.09357
24
17.06896
17.36508
14.10056
18.93722
17.86236
19.53751
24
17.4644
16.11714
17.05943
18.22365
19.62408
24
18.61121
21.77792
16.39284
19.64423
22.28801
22.19987
16.39402
18.52431
16.13211
16.1233
17.18932
18.78699
18.84802
19.12484
17.76191
20.38992
24
20.68282
17.93749
19.19452
15.53354
20.60511
17.35638
21.84392
14.15022
19.53774
24
21.29818
19.58234
18.20159
17.61901
16.09978
15.28847
19.01416
17.97506
15.71509
22.00251
19.08425
15.05861
15.23169
24
21.90025
18.06317
11.8169
18.51146
18.7632
20.85889
18.88103
17.76105
20.66004
17.66942
17.89466
24
19.08074
18.38135
15.45927
17.22158
16.53714
16.59836
15.1846
19.88087
17.95763
21.21389
17.28761
18.24756
22.56148
21.59292
16.35302
24
20.15689
18.13094
14.83812
18.42657
16.33223
17.08699
22.18382
20.36099
17.579
18.61806
18.63192
18.3438
18.7852
18.91007
15.5145
18.9001
21.18817
19.56165
24
20.64474
21.49493
20.21727
15.40435
21.8227
15.54686
14.1038
18.84
15.93602
15.4377
15.22982
16.68551
24
19.05686
20.37922
21.09102
20.88741
17.65366
24
17.08807
14.47117
20.60532
15.48466
16.8841
12.22289
18.27456
16.05541
20.82607
14.30694
19.2645
20.52999
13.8258
15.80425
19.3519
16.04874
13.9519
16.91645
17.09578
21.1769
17.23012
18.39226
16.52203
24
20.42205
16.78484
19.06838
24
24
15.20194
12.41747
17.21227
19.2143
15.34967
24
17.39557
24
21.49681
20.39977
15.41875
12.8704
17.78491
24
20.36147
13.98479
15.22769
16.19489
20.41632
18.40519
17.29776
20.08278
21.22224
21.89407
16.82584
17.06651
21.69058
13.79588
18.88271
18.31117
24
15.19382
19.38365
22.05746
17.78923
21.60624
18.24324
20.59466
20.72309
13.69543
17.10411
21.23095
18.21601
16.54767
20.67572
18.63705
15.82249
20.4768
15.29001
24
18.69733
17.10016
20.70514
16.40882
17.88236
18.78755
17.21339
18.64601
24
18.15225
16.01426
21.45863
18.42729
18.12075
13.90636
20.66018
19.39
14.26227
13.13103
16.87036
15.13767
24
24
20.59193
19.13743
20.56476
19.52632
22.59651
17.89908
13.28005
20.42048
19.99247
22.056
24
19.67836
15.32262
17.55946
20.06755
17.51362
18.15997
20.89452
16.92641
24
16.7657
20.11875
17.14479
16.0868
18.3917
15.4129
16.53175
12.95405
24
16.54386
19.61596
16.41033
20.54757
15.65372
24
16.20243
18.02443
18.09904
24
24
14.83761
18.24154
17.87448
17.47867
15.28156
18.16604
17.21638
21.45448
17.74605
24
17.94164
20.42584
14.05944
21.56627
24
15.59325
19.41248
18.22659
18.08881
24
17.22874
16.48277
17.51556
12.56759
24
21.87766
15.00532
24
16.63449
13.33766
15.50922
24
16.96422
24
17.75313
19.52903
16.10397
20.27236
20.78352
18.29962
15.73598
17.12486
18.64104
21.80961
18.69584
18.07489
16.14724
24
21.15831
13.11797
17.08957
16.30758
14.92645
15.69901
14.62482
18.20638
18.21997
18.11427
20.05748
18.89081
17.97678
20.11583
17.38199
15.15545
24
21.97447
24
17.63598
18.63458
16.83987
14.09257
21.61524
19.92324
15.82852
22.27386
14.0103
17.28066
17.82088
15.82329
21.5777
16.58356
18.72655
18.93908
24
20.03589
15.97149
17.40582
20.38742
17.41706
18.04522
19.21131
22.54754
21.13762
24
19.72323
18.19305
24
21.88116
24
21.08566
15.65473
24
19.00722
15.19942
14.87268
13.60209
22.12148
17.7787
18.23611
14.4733
24
18.48178
16.0271
15.81605
16.27032
20.18235
18.65311
21.18905
19.74031
15.78427
17.78648
13.3838
22.49185
24
19.28023
14.87197
15.61005
18.31143
20.74152
24
22.01851
19.26496
13.45899
20.25293
19.49217
20.93377
16.89234
19.23104
19.41144
20.79026
19.59397
18.64036
24
17.48342
17.19535
22.364
18.2749
16.65916
19.03217
15.23074
21.99959
15.00833
18.58937
22.40088
15.4632
20.82056
21.38425
19.12198
19.05958
22.30374
14.16415
18.91797
24
21.81856
17.38505
21.70784
17.97935
19.14085
14.77753
17.0277
19.48892
24
18.45969
19.99703
16.37597
24
24
19.65246
18.59457
19.77898
14.80101
16.0735
15.39462
22.03728
19.87029
16.52134
19.41934
22.28723
17.35767
21.74351
21.41499
21.82563
24
16.55229
18.33158
17.13111
24
19.65912
18.68287
17.52777
14.69541
16.73036
16.84499
14.94426
13.80308
21.75902
21.65401
17.3198
12.23428
24
15.49558
24
19.43189
18.84627
24
18.89565
15.15379
14.43076
21.37052
24
22.03042
19.35388
16.98216
16.8177
18.39673
20.26084
17.54235
16.99509
20.57999
21.07493
15.17699
15.70282
24
17.9593
18.94486
17.66154
16.80497
15.56447
20.62489
18.66034
14.89422
18.41758
22.16126
24
14.45983
17.90954
21.14865
13.78386
18.57222
22.023
18.21334
24
17.2467
19.38518
20.11105
24
24
19.03853
15.05853
17.91494
17.37096
17.10253
21.55404
14.90887
14.52276
14.02873
16.18821
20.0956
18.66613
16.37417
18.02668
12.08094
19.46733
19.86221
11.68471
19.00334
14.7007
17.94495
19.58666
19.30557
24
13.51062
20.63495
11.51912
18.63083
24
21.15269
15.48559
20.59989
24
21.79736
20.16314
21.54307
14.17371
20.15841
16.69318
24
14.63509
16.15488
13.11308
22.09775
20.64077
24
24
20.13392
16.10717
17.48989
16.95212
18.08488
24
18.44465
19.08732
18.69101
18.66902
21.73795
13.57582
18.34714
24
18.15665
21.20253
20.48373
17.50721
14.82703
24
20.11294
15.77992
15.6563
17.59876
18.29616
19.43308
17.25853
15.47437
18.94737
19.80172
17.68627
16.02256
19.93127
24
15.87872
18.82344
20.29784
24
16.51426
19.4004
21.14838
20.07528
22.47613
19.10517
16.29454
18.30051
21.26494
14.58229
21.35132
17.80639
18.24798
16.82055
22.21587
24
14.29681
20.76929
19.25519
24
15.85571
16.43356
19.30901
13.79416
21.99797
19.14575
19.50572
18.86141
20.85662
16.21915
15.8827
20.64006
13.24141
22.10992
21.53378
14.90007
14.60019
17.74687
19.17123
24
17.43563
24
16.51818
17.21068
15.21382
20.80596
14.45597
15.81369
16.98998
24
18.95817
20.75183
21.10588
21.41822
18.04666
21.3387
20.7118
20.96394
20.55975
18.33807
22.01234
17.51445
20.48097
15.29658
19.29377
13.55075
20.82759
21.64729
24
16.58327
18.22325
24
24
18.52325
20.31427
21.46356
24
18.08737
24
19.91479
15.95943
19.91037
17.34911
24
19.67897
20.48396
16.63498
24
22.59363
20.59499
16.49992
24
16.16541
18.00116
20.31637
16.23857
21.4421
21.01656
19.53804
19.33848
19.85577
19.56291
18.66029
18.11989
15.51864
24
16.22283
16.67263
22.35362
16.11651
21.83324
15.97855
22.04522
18.88701
19.13826
18.85288
20.39518
18.32163
24
20.87432
21.86208
24
14.96906
19.61493
24
24
16.98449
24
15.81327
17.3637
24
20.40642
22.40482
20.87112
19.02061
19.03537
18.33604
15.40254
19.07622
16.36375
17.79627
18.63162
15.84197
22.40657
19.08043
20.85566
14.91852
17.50839
24
18.97528
18.80962
13.38483
17.10003
16.35717
18.60709
18.14605
19.07576
15.24727
16.58553
18.70952
16.44597
16.33836
16.55344
14.8855
20.73633
21.29032
20.68403
15.23421
24
24
17.72493
24
17.67169
20.38043
19.7697
21.89219
12.81266
18.50766
16.68011
19.43272
19.33515
24
17.53156
18.05534
16.39309
21.07924
13.26027
17.79222
20.63096
18.00069
24
15.00091
19.95875
21.26167
24
24
24
13.6067
18.65346
19.88083
19.55855
16.77837
15.87945
18.95346
15.11014
22.50503
21.47699
24
16.77267
17.16268
16.32998
18.87813
22.11673
18.59946
17.0903
21.41002
16.83586
18.60705
17.77982
22.09511
13.82938
15.96973
24
11.81265
13.88479
24
20.64596
16.39089
12.78219
15.83157
18.80713
22.22219
22.0402
21.38739
24
15.41436
18.20019
18.82248
13.82193
17.07675
20.51218
22.22738
18.3569
15.3053
16.20016
20.98042
24
21.12524
16.11058
24
19.5108
18.09368
20.64049
13.32664
16.0762
14.26844
14.92872
20.24153
21.7941
18.19182
24
19.96455
18.16143
15.69433
17.06032
21.15197
17.65995
21.90711
17.65238
17.98414
13.18143
20.52879
19.67158
17.53188
17.71259
21.16973
22.37716
24
19.61812
18.278
19.64635
17.06361
18.12832
19.37403
19.01962
18.69815
24
20.91837
14.27914
16.44895
17.91013
16.73656
11.55497
24
24
18.66045
19.74482
19.73753
21.94433
18.08549
17.21108
19.12373
21.14087
20.32238
20.02391
19.01687
15.50769
18.49027
14.7688
15.01649
13.54354
24
19.08752
15.03377
24
18.4828
24
17.63259
20.27636
17.33757
17.05923
21.94756
17.69923
16.03394
13.47135
24
17.46232
19.79405
17.27368
19.09846
17.70223
16.15222
18.75471
20.86011
24
18.12842
18.03574
17.85614
15.45458
18.24551
21.53275
12.91208
21.42117
17.34659
19.97444
14.92812
18.11661
22.47565
24
18.21701
20.12329
14.03864
19.24931
13.73415
24
19.86229
21.36852
17.51839
15.65793
21.22432
24
19.55659
18.71162
19.0746
24
19.44793
21.26645
13.36886
17.66864
19.07835
21.5454
16.97313
16.67565
18.01301
16.84756
24
15.01346
16.36835
19.3968
20.73433
24
18.83517
21.65969
18.81633
17.86222
20.35116
18.97127
21.81607
21.27653
18.56132
24
20.68023
17.20497
19.02762
18.51581
17.2194
18.06412
17.10878
18.48077
14.84233
16.93764
20.18676
19.58626
15.97615
24
21.04794
19.4877
16.65287
21.84284
18.4653
17.96242
22.1637
19.93311
18.32121
19.81173
24
20.92357
20.69083
18.30659
22.54596
17.04108
16.1332
21.14254
19.51733
19.8837
17.93504
14.16422
19.22027
14.56741
20.55066
17.26893
21.00239
24
21.8477
21.45911
17.03128
16.00707
19.61628
20.86764
18.14462
20.33724
15.14028
19.05207
19.05205
21.01963
17.43997
18.14371
17.87089
18.55653
18.49756
16.0028
22.29773
21.22467
18.48533
18.06325
21.14524
19.78615
24
14.1765
16.3362
24
21.26849
13.67835
22.42154
15.4419
18.32188
19.80762
18.78866
24
17.08457
16.89006
20.36869
19.20628
16.36182
21.47978
16.65406
20.42541
18.70639
18.35512
15.46815
19.1771
20.04266
15.50778
21.31283
17.60489
20.75714
19.03236
16.43223
16.5411
13.77539
24
20.02132
24
15.56633
17.45313
19.35837
20.33344
19.57119
22.0988
18.65717
16.7771
17.42243
24
22.39309
24
17.35947
16.09537
18.78587
16.76653
13.91001
14.16919
24
24
20.66235
18.6542
15.06891
19.85249
17.35944
14.7231
15.02308
24
17.0344
14.59836
24
17.83812
20.85582
20.66315
24
18.37604
24
24
17.61632
24
19.00377
24
19.70147
21.24434
16.29505
24
20.91485
20.45985
18.83452
18.57738
17.35236
16.87294
14.60128
24
19.074
17.0209
22.25389
15.69512
24
19.85539
15.19319
16.79836
24
16.48096
18.66298
20.80743
21.71464
21.16184
18.1617
24
17.86866
20.16468
24
24
20.389
22.47462
20.50523
19.8526
24
14.49288
15.65438
22.33843
19.85647
14.4407
17.00648
15.36076
24
16.82115
19.2617
21.37626
24
20.32551
24
20.46217
15.91695
16.27957
17.25466
21.88946
22.36615
21.18883
17.05784
22.35569
15.65746
14.52438
21.12422
24
21.23642
22.431
19.25118
24
19.98062
24
15.61296
24
15.05073
24
22.21352
17.90893
17.31045
14.98969
24
18.75025
18.20038
18.40392
14.69048
21.97715
16.01779
19.4648
15.52857
21.21516
16.4414
15.42979
21.75428
15.49652
19.36594
17.05531
22.53791
17.2084
16.62094
19.99058
15.61899
17.96598
18.53319
20.29578
15.42329
15.65499
21.02113
24
21.507
19.9319
19.40231
16.7932
24
16.02014
17.25136
18.82834
15.62465
20.06228
17.76251
17.32795
20.03894
18.54803
24
19.90178
18.93679
24
19.54418
15.83642
24
15.54666
20.66161
16.47331
18.72509
18.5247
19.71027
15.79733
22.0825
24
16.5733
17.31185
21.431
18.63823
19.75327
14.77163
20.85891
21.04125
21.29653
18.88658
16.81009
16.60002
16.55705
18.58183
20.65926
15.93
24
22.37155
19.44022
12.7443
16.91871
19.8014
21.63567
21.80659
24
22.49142
19.47285
24
19.02414
17.3459
15.86718
17.61389
24
21.92875
24
24
24
15.09193
17.56761
19.55076
24
20.37476
24
16.22015
19.40138
18.84721
24
21.87396
21.10228
21.17176
16.24001
24
19.9334
19.75915
21.15117
19.4521
22.38556
21.10993
16.89839
14.64744
21.12582
15.99854
24
20.35319
17.32446
18.36786
13.95479
17.24577
24
20.18417
16.38779
20.53254
14.06046
16.3674
24
16.23061
24
15.10295
20.32895
17.63947
16.31754
21.97272
20.10511
19.96351
18.56748
19.52274
17.56841
19.88807
16.80797
21.90084
14.19915
18.78786
16.1924
24
21.91968
16.98016
21.90942
14.67335
15.48773
24
21.06426
17.68763
20.81271
18.13253
20.67525
18.29352
18.7076
12.63754
15.79595
17.22376
17.82581
14.79224
16.59056
24
17.84437
24
24
18.84756
20.34188
20.70233
24
16.37794
24
24
24
24
13.61052
14.79907
18.34841
18.77468
24
24
19.06094
24
17.99696
17.30122
24
16.6556
16.48822
20.12856
24
24
24
15.75796
19.40723
24
19.70646
16.5883
18.25988
17.38019
17.45691
24
16.33654
17.57146
16.82139
16.01285
15.58869
19.13321
22.50893
13.78312
24
16.69056
18.23547
13.2291
17.61137
14.45811
24
14.99433
18.56545
13.40775
24
18.77453
18.99741
24
20.25709
18.92443
17.34884
16.06033
19.06034
20.81072
18.69805
21.73406
22.56347
15.51779
17.15313
17.35608
18.43873
21.64357
19.08276
21.16596
20.75065
15.70549
17.54035
15.31276
21.92989
14.81155
18.61676
19.66081
16.24618
20.10596
13.94854
20.39528
21.51491
13.22966
14.65243
19.63868
18.47086
20.31406
22.24625
24
20.41841
19.84917
24
24
15.42608
21.58966
15.00091
24
19.87094
21.26398
18.63586
14.79012
18.41107
20.3013
18.96509
21.52205
18.63775
15.97169
15.48945
16.54172
21.47529
24
16.80355
17.71476
11.96368
21.27502
20.3475
17.56436
22.31716
24
18.55229
21.37723
16.15494
19.56673
17.85499
18.88399
17.16213
15.0882
18.70036
24
15.00566
24
22.11633
18.83726
18.82559
24
17.94005
24
22.5254
19.02502
24
16.81314
20.09508
16.51628
19.19276
18.55818
20.77497
14.33053
20.9397
24
18.85719
19.95243
20.03862
20.36477
21.67362
24
13.81495
16.31145
21.0716
15.08844
17.59065
24
20.91534
24
19.02949
18.45686
14.55115
20.86873
20.95237
18.55826
20.43487
16.45755
14.14376
20.17798
24
16.66826
22.24068
19.38565
24
15.67627
17.16841
18.22223
19.0643
19.93291
19.71679
21.02971
17.12384
24
15.68304
19.04207
14.00969
20.84
20.10657
18.08494
19.81514
19.40258
18.16098
20.1897
21.00536
15.16257
19.19503
22.27769
21.56045
19.02642
17.91393
19.15378
20.10819
16.4627
12.80314
19.18373
24
19.58616
18.79619
24
17.56236
20.44006
15.96693
20.77297
19.94682
20.8155
21.32891
19.87449
19.83826
21.99788
15.7763
20.37133
20.17325
16.86411
18.59472
17.53235
19.63981
20.32936
16.73427
21.22613
18.25425
17.93047
19.33069
18.62221
16.23923
20.33282
19.57801
15.50733
24
20.95517
24
22.19123
17.8538
13.01914
18.04084
20.18674
19.42676
18.9756
18.84776
17.20912
15.86723
20.22934
18.57916
14.20537
17.4067
20.80575
17.49944
14.34536
15.26584
22.39479
17.77068
20.31813
21.60688
22.24203
19.74679
20.21647
18.9337
24
19.06871
20.37027
24
16.44987
20.97182
18.84174
